d0_0    d0_1    d0_2    d0_3    d0_4    d0_5    d0_6    d0_7    d0_8    d0_9    d0_10   d0_11   d0_12   d0_13   d0_14   d0_15   d0_16   d0_17   d0_18   d0_19   d0_20   d0_21   d0_22   d0_23   d0_24   d0_25   d0_26   d0_27   d0_28
d1_0    67850 59 22 14 5 3 2 3 2 0 0 0 0 0 0 0 0 0 0 0 0 0 0 0 0 0 0 0 0
d1_1    188 63 30 15 8 5 4 4 3 2 1 0 1 0 0 0 0 0 0 0 0 0 0 0 0 0 0 0 0
d1_2    124 51 28 18 8 6 4 3 2 2 1 1 1 0 0 0 0 0 0 0 0 0 0 0 0 0 0 0 0
d1_3    80 49 24 18 12 10 6 4 3 3 2 1 1 1 0 0 0 0 0 0 0 0 0 0 0 0 0 0 0
d1_4    55 37 20 17 12 9 8 7 4 3 2 2 1 1 1 1 1 0 0 0 0 0 0 0 0 0 0 0 0
d1_5    31 37 25 17 11 8 8 6 4 3 2 2 2 1 1 1 1 1 1 0 0 0 0 0 0 0 0 0 0
d1_6    20 28 21 16 10 8 7 5 3 3 3 3 3 2 2 1 1 1 1 1 0 1 0 0 0 0 0 0 0
d1_7    11 21 19 12 12 7 8 6 4 4 4 4 3 2 2 2 2 1 1 1 1 0 0 0 0 0 0 0 0
d1_8    8 11 12 10 11 8 8 7 6 6 4 4 3 2 2 2 2 2 1 1 0 0 0 0 0 0 0 0 0
d1_9    7 7 8 8 8 8 7 6 6 6 4 4 3 2 2 2 3 3 2 1 0 0 0 0 0 0 0 0 0
d1_10   5 5 6 6 6 7 6 6 6 5 4 4 4 3 2 2 3 3 1 0 0 0 0 0 0 0 0 0 0
d1_11   3 5 5 6 6 7 6 5 6 6 5 5 4 4 3 3 3 1 0 0 0 0 0 0 0 0 0 0 0
d1_12   2 3 4 5 6 7 6 6 6 6 5 5 3 3 3 3 1 0 0 0 0 0 0 0 0 0 0 0 0
d1_13   1 2 4 4 6 6 5 5 5 4 4 4 3 3 3 2 0 0 0 0 0 0 0 0 0 0 0 0 0
d1_14   1 2 4 4 5 5 5 5 5 4 3 3 3 3 2 0 0 0 0 0 0 0 0 0 0 0 0 0 0
d1_15   1 1 3 3 4 4 4 4 4 2 2 3 3 2 0 0 0 0 0 0 0 0 0 0 0 0 0 0 0
d1_16   0 1 1 2 2 2 3 3 3 2 2 2 1 0 0 0 0 0 0 0 0 0 0 0 0 0 0 0 0
d1_17   0 0 1 1 1 2 2 2 2 2 3 1 0 0 0 0 0 0 0 0 0 0 0 0 0 0 0 0 0
d1_18   0 1 1 1 1 1 1 2 1 2 1 0 0 0 0 0 0 0 0 0 0 0 0 0 0 0 0 0 0
d1_19   0 0 1 1 1 1 1 1 1 1 0 0 0 0 0 0 0 0 0 0 0 0 0 0 0 0 0 0 0
d1_20   0 0 0 0 0 0 0 1 0 0 0 0 0 0 0 0 0 0 0 0 0 0 0 0 0 0 0 0 0
d1_21   0 0 0 0 0 0 0 0 0 0 0 0 0 0 0 0 0 0 0 0 0 0 0 0 0 0 0 0 0
d1_22   0 0 0 0 0 0 0 0 0 0 0 0 0 0 0 0 0 0 0 0 0 0 0 0 0 0 0 0 0
d1_23   0 0 0 0 1 0 0 0 0 0 0 0 0 0 0 0 0 0 0 0 0 0 0 0 0 0 0 0 0
d1_24   0 0 0 0 0 0 0 0 0 0 0 0 0 0 0 0 0 0 0 0 0 0 0 0 0 0 0 0 0
d1_25   0 0 0 0 0 0 0 0 0 0 0 0 0 0 0 0 0 0 0 0 0 0 0 0 0 0 0 0 0
d1_26   0 0 0 0 0 0 0 0 0 0 0 0 0 0 0 0 0 0 0 0 0 0 0 0 0 0 0 0 0
d1_27   0 0 0 0 0 0 0 0 0 0 0 0 0 0 0 0 0 0 0 0 0 0 0 0 0 0 0 0 0
d1_28   0 0 0 0 0 0 0 0 0 0 0 0 0 0 0 0 0 0 0 0 0 0 0 0 0 0 0 0 0
