d0_0    d0_1    d0_2    d0_3    d0_4    d0_5    d0_6    d0_7    d0_8    d0_9    d0_10   d0_11   d0_12   d0_13   d0_14   d0_15   d0_16   d0_17   d0_18   d0_19   d0_20   d0_21   d0_22   d0_23   d0_24
d1_0    637614 6 3 2 1 0 0 0 0 0 1 1 1 1 0 0 0 0 0 0 0 0 0 0 1
d1_1    872 5 3 2 1 1 1 1 1 1 1 1 1 1 1 1 1 1 0 0 0 0 0 0 0
d1_2    452 4 3 3 2 2 2 2 1 1 1 2 2 1 1 1 1 1 1 0 0 0 0 0 0
d1_3    284 2 2 2 2 2 2 2 2 2 2 3 3 3 2 1 1 1 1 1 0 0 0 0 0
d1_4    215 1 2 2 1 2 2 2 2 2 3 4 5 4 3 1 1 1 1 1 0 0 0 0 0
d1_5    190 1 2 1 1 2 2 2 2 3 4 5 5 4 3 1 1 1 1 0 0 0 0 0 0
d1_6    169 2 2 1 1 1 2 2 3 3 3 4 4 4 2 2 1 1 1 0 0 0 0 0 0
d1_7    151 1 1 1 1 1 2 2 2 2 2 3 3 3 2 2 2 1 0 0 0 0 0 0 0
d1_8    136 1 1 1 1 1 2 2 2 2 2 3 3 3 2 2 1 0 0 0 0 0 0 0 0
d1_9    125 1 1 1 1 1 2 2 2 2 2 3 3 3 2 1 0 0 0 0 0 0 0 0 0
d1_10   115 2 1 2 2 1 1 1 2 2 2 3 3 3 1 0 0 0 0 0 0 0 0 0 0
d1_11   104 2 1 2 2 1 1 1 2 2 2 3 3 2 0 0 0 0 0 0 0 0 0 0 0
d1_12   94 2 1 2 1 1 1 1 1 2 2 3 2 0 0 0 0 0 0 0 0 0 0 0 0
d1_13   84 2 1 1 1 1 1 1 1 2 2 2 0 0 0 0 0 0 0 0 0 0 0 0 0
d1_14   75 2 1 1 1 1 1 1 2 2 1 0 0 0 0 0 0 0 0 0 0 0 0 0 0
d1_15   64 1 1 1 1 1 1 1 2 1 0 0 0 0 0 0 0 0 0 0 0 0 0 0 0
d1_16   56 1 1 1 1 1 1 1 1 0 0 0 0 0 0 0 0 0 0 0 0 0 0 0 0
d1_17   51 1 1 1 1 1 1 1 0 0 0 0 0 0 0 0 0 0 0 0 0 0 0 0 0
d1_18   46 2 1 1 1 1 1 0 0 0 0 0 0 0 0 0 0 0 0 0 0 0 0 0 0
d1_19   39 2 1 1 1 0 0 0 0 0 0 0 0 0 0 0 0 0 0 0 0 0 0 0 0
d1_20   32 1 1 0 0 0 0 0 0 0 0 0 0 0 0 0 0 0 0 0 0 0 0 0 0
d1_21   23 1 0 0 0 0 0 0 0 0 0 0 0 0 0 0 0 0 0 0 0 0 0 0 0
d1_22   13 0 0 0 0 0 0 0 0 0 0 0 0 0 0 0 0 0 0 0 0 0 0 0 0
d1_23   6 0 0 0 0 0 0 0 0 0 0 0 0 0 0 0 0 0 0 0 0 0 0 0 0
d1_24   1 0 0 0 0 0 0 0 0 0 0 0 0 0 0 0 0 0 0 0 0 0 0 0 0
