d0_0    d0_1    d0_2    d0_3    d0_4    d0_5    d0_6    d0_7    d0_8    d0_9    d0_10   d0_11   d0_12   d0_13   d0_14   d0_15   d0_16   d0_17   d0_18   d0_19   d0_20   d0_21   d0_22
d1_0    425226 193 96 72 60 46 39 31 27 20 14 10 8 7 5 3 2 2 2 1 1 0 1
d1_1    191 53 33 36 36 30 24 21 19 17 14 13 12 10 9 7 6 4 4 3 2 1 0
d1_2    67 24 21 22 24 22 20 17 15 12 11 11 10 10 8 6 6 5 5 3 1 0 0
d1_3    47 15 15 15 16 16 16 15 13 10 9 8 9 9 7 5 5 5 4 2 0 0 0
d1_4    40 12 12 12 12 12 13 12 11 9 8 8 8 8 7 5 5 4 2 0 0 0 0
d1_5    34 11 10 11 11 11 11 10 10 8 7 8 8 8 7 6 5 2 0 0 0 0 0
d1_6    30 9 8 10 9 10 10 9 9 8 8 8 7 7 7 6 3 0 0 0 0 0 0
d1_7    27 8 7 8 8 8 8 8 8 8 8 8 7 6 6 3 0 0 0 0 0 0 0
d1_8    24 7 6 7 7 7 7 7 7 8 8 7 6 6 3 0 0 0 0 0 0 0 0
d1_9    21 7 6 6 7 7 7 6 7 8 7 7 6 3 0 0 0 0 0 0 0 0 0
d1_10   18 6 6 6 7 7 6 6 6 7 7 7 3 0 0 0 0 0 0 0 0 0 0
d1_11   15 5 5 6 7 7 7 6 6 7 7 4 0 0 0 0 0 0 0 0 0 0 0
d1_12   13 5 5 5 5 6 7 6 6 6 3 0 0 0 0 0 0 0 0 0 0 0 0
d1_13   11 5 5 5 4 6 6 6 6 3 0 0 0 0 0 0 0 0 0 0 0 0 0
d1_14   9 5 5 4 4 5 6 6 3 0 0 0 0 0 0 0 0 0 0 0 0 0 0
d1_15   8 5 4 4 4 5 6 3 0 0 0 0 0 0 0 0 0 0 0 0 0 0 0
d1_16   6 4 4 4 4 5 3 0 0 0 0 0 0 0 0 0 0 0 0 0 0 0 0
d1_17   6 3 3 3 3 2 0 0 0 0 0 0 0 0 0 0 0 0 0 0 0 0 0
d1_18   5 3 3 3 2 0 0 0 0 0 0 0 0 0 0 0 0 0 0 0 0 0 0
d1_19   5 2 2 2 0 0 0 0 0 0 0 0 0 0 0 0 0 0 0 0 0 0 0
d1_20   4 2 1 0 0 0 0 0 0 0 0 0 0 0 0 0 0 0 0 0 0 0 0
d1_21   3 1 0 0 0 0 0 0 0 0 0 0 0 0 0 0 0 0 0 0 0 0 0
d1_22   1 0 0 0 0 0 0 0 0 0 0 0 0 0 0 0 0 0 0 0 0 0 0
