d0_0    d0_1    d0_2    d0_3    d0_4    d0_5    d0_6    d0_7    d0_8    d0_9    d0_10   d0_11   d0_12   d0_13   d0_14   d0_15   d0_16   d0_17   d0_18   d0_19   d0_20   d0_21   d0_22   d0_23   d0_24   d0_25   d0_26   d0_27   d0_28
d1_0    805531 170 56 34 26 20 17 15 14 13 11 9 7 4 3 2 2 1 1 1 0 0 0 0 0 0 0 0 0
d1_1    475 106 49 37 31 26 23 20 17 14 12 10 8 6 5 3 2 2 1 1 1 0 0 0 0 0 0 0 0
d1_2    244 76 45 37 34 30 27 24 21 18 14 12 10 9 7 5 3 2 2 1 1 1 0 0 0 0 0 0 0
d1_3    146 61 44 40 37 33 31 29 26 23 20 17 15 12 10 7 6 4 3 2 1 1 1 0 0 0 0 0 0
d1_4    109 54 43 40 36 34 33 32 29 26 23 20 18 15 12 9 7 6 4 3 2 1 1 1 0 0 0 0 0
d1_5    70 47 40 38 35 35 34 33 29 25 22 20 18 16 13 10 8 6 5 4 3 2 2 1 0 0 0 0 0
d1_6    45 38 34 33 33 35 34 32 28 25 23 20 18 16 14 12 9 8 6 5 4 3 1 0 0 0 0 0 0
d1_7    30 27 27 29 31 33 33 31 28 26 23 21 18 16 15 13 11 9 8 7 5 2 0 0 0 0 0 0 0
d1_8    20 20 22 25 27 29 30 30 28 26 24 21 19 17 16 15 13 11 10 8 3 0 0 0 0 0 0 0 0
d1_9    14 17 19 21 23 25 27 28 28 26 24 22 19 18 17 16 14 13 11 5 0 0 0 0 0 0 0 0 0
d1_10   10 15 16 17 19 21 24 25 25 25 24 21 19 18 18 17 15 14 6 0 0 0 0 0 0 0 0 0 0
d1_11   8 12 12 14 16 19 20 22 23 23 22 20 19 18 17 16 15 7 0 0 0 0 0 0 0 0 0 0 0
d1_12   6 9 9 12 14 16 18 19 20 21 20 19 18 18 17 16 8 0 0 0 0 0 0 0 0 0 0 0 0
d1_13   5 6 8 10 12 15 16 17 19 19 19 18 18 18 17 8 0 0 0 0 0 0 0 0 0 0 0 0 0
d1_14   3 5 6 8 10 13 14 16 17 17 17 17 17 17 9 0 0 0 0 0 0 0 0 0 0 0 0 0 0
d1_15   3 3 5 6 8 10 12 13 14 15 15 15 16 8 0 0 0 0 0 0 0 0 0 0 0 0 0 0 0
d1_16   2 3 3 4 6 8 10 11 12 14 14 15 8 0 0 0 0 0 0 0 0 0 0 0 0 0 0 0 0
d1_17   1 2 2 3 4 6 8 10 11 13 14 7 0 0 0 0 0 0 0 0 0 0 0 0 0 0 0 0 0
d1_18   1 2 2 3 3 5 6 8 10 11 6 0 0 0 0 0 0 0 0 0 0 0 0 0 0 0 0 0 0
d1_19   0 1 1 2 3 4 5 6 8 5 0 0 0 0 0 0 0 0 0 0 0 0 0 0 0 0 0 0 0
d1_20   0 1 1 2 2 3 4 5 3 0 0 0 0 0 0 0 0 0 0 0 0 0 0 0 0 0 0 0 0
d1_21   0 0 1 1 2 2 3 2 0 0 0 0 0 0 0 0 0 0 0 0 0 0 0 0 0 0 0 0 0
d1_22   0 0 0 1 1 1 1 0 0 0 0 0 0 0 0 0 0 0 0 0 0 0 0 0 0 0 0 0 0
d1_23   0 0 0 1 1 1 0 0 0 0 0 0 0 0 0 0 0 0 0 0 0 0 0 0 0 0 0 0 0
d1_24   0 0 0 1 0 0 0 0 0 0 0 0 0 0 0 0 0 0 0 0 0 0 0 0 0 0 0 0 0
d1_25   0 0 0 0 0 0 0 0 0 0 0 0 0 0 0 0 0 0 0 0 0 0 0 0 0 0 0 0 0
d1_26   0 0 0 0 0 0 0 0 0 0 0 0 0 0 0 0 0 0 0 0 0 0 0 0 0 0 0 0 0
d1_27   0 0 0 0 0 0 0 0 0 0 0 0 0 0 0 0 0 0 0 0 0 0 0 0 0 0 0 0 0
d1_28   0 0 0 0 0 0 0 0 0 0 0 0 0 0 0 0 0 0 0 0 0 0 0 0 0 0 0 0 0
