d0_0    d0_1    d0_2    d0_3    d0_4    d0_5    d0_6    d0_7    d0_8    d0_9    d0_10   d0_11   d0_12   d0_13   d0_14   d0_15   d0_16
d1_0    227209 20 2 1 1 1 1 0 0 0 0 0 0 0 0 0 3
d1_1    188 7 4 2 2 2 1 0 0 0 0 0 0 0 0 0 0
d1_2    93 3 2 2 2 1 1 1 0 0 0 0 1 1 0 0 0
d1_3    75 2 1 2 1 1 1 1 1 0 1 1 1 0 0 0 0
d1_4    68 1 1 1 1 2 1 1 1 1 1 1 0 0 0 0 0
d1_5    59 1 1 1 1 2 1 2 1 1 1 0 0 0 0 0 0
d1_6    51 0 0 1 1 2 2 2 2 1 0 0 0 0 0 0 0
d1_7    41 0 0 1 1 2 2 2 2 1 0 0 0 0 0 0 0
d1_8    36 0 0 0 1 1 2 2 1 0 0 0 0 0 0 0 0
d1_9    35 0 0 0 0 1 1 1 0 0 0 0 0 0 0 0 0
d1_10   31 0 0 0 1 1 0 0 0 0 0 0 0 0 0 0 0
d1_11   27 0 0 0 0 0 0 0 0 0 0 0 0 0 0 0 0
d1_12   24 1 0 0 0 0 0 0 0 0 0 0 0 0 0 0 0
d1_13   19 1 0 0 0 0 0 0 0 0 0 0 0 0 0 0 0
d1_14   17 1 0 0 0 0 0 0 0 0 0 0 0 0 0 0 0
d1_15   9 0 0 0 0 0 0 0 0 0 0 0 0 0 0 0 0
d1_16   3 0 0 0 0 0 0 0 0 0 0 0 0 0 0 0 0
