0.0991201,0.0868231,-0.102956,0.0425138,-0.018944,-0.174004,0.114876,0.0706788,0.113655,0.0212185,-0.0786133,-0.253231,0.188433,0.0174524,-0.0348695,-0.0363642,0.161475,0.320451,0.191954,0.125722	-0.576007,-0.577696,-0.64089,-0.638993,-0.640378,-0.817532,-0.681917,-0.6214,-0.81489,-0.625259,-0.790351,-0.770458,-0.769867,-0.706498,-0.760918,-0.582248,-0.306017,-0.367755,-0.584835,-0.638111	0.638663,0.632781,0.575937,0.663483,0.629065,0.750255,0.73891,0.662962,0.849836,0.638013,0.758889,0.642601,0.836893,0.715133,0.745838,0.557692,0.445479,0.615653,0.698387,0.707105
0.111284,0.198404,0.11142,0.0726609,0.0145574,-0.291291,0.172113,0.0653888,0.0437728,0.00967564,-0.0864241,-0.258927,0.355246,0.0421581,-0.049722,-0.0747745,0.20068,0.303069,0.184854,0.0616387	-0.593537,-0.515954,-0.508128,-0.622123,-0.609584,-0.876827,-0.670954,-0.624163,-0.835261,-0.689767,-0.788275,-0.771266,-0.764747,-0.716161,-0.749735,-0.564975,-0.228094,-0.363128,-0.606233,-0.643654	0.661151,0.648022,0.586352,0.664735,0.618652,0.78639,0.755788,0.662513,0.848028,0.694806,0.75316,0.640185,0.880724,0.736095,0.727119,0.511823,0.410006,0.600149,0.711368,0.678379
0.0859008,0.0128678,-0.125493,-0.0866849,-0.0298977,0.0147299,0.297169,-0.162707,-0.067053,-0.119429,-0.0383042,-0.0163562,-0.13549,-0.0895905,-0.210533,0.148142,-0.0203676,0.0133002,-0.164001,-0.112224	-0.759598,-0.716517,-0.816095,-0.874322,-0.786477,-0.848276,-0.798884,-0.892053,-0.875927,-0.891767,-0.881938,-0.76601,-0.857638,-0.805083,-0.867384,-0.75203,-0.704613,-0.677558,-0.768004,-0.700368	0.793709,0.722722,0.769399,0.852228,0.774798,0.852356,0.885769,0.853179,0.859346,0.864399,0.87313,0.759166,0.817095,0.771111,0.803599,0.809939,0.694208,0.684688,0.691042,0.638314
0.125033,0.0372583,-0.0817788,-0.0776291,0.0127404,0.00764632,0.268913,-0.14621,-0.0814067,-0.102018,0.0896908,-0.0119386,-0.135341,-0.0941892,-0.0922926,0.151761,-0.0269896,-0.0438625,-0.117967,-0.0937448	-0.785201,-0.693258,-0.805317,-0.877923,-0.780849,-0.850141,-0.803239,-0.901896,-0.854705,-0.896851,-0.891617,-0.772697,-0.864105,-0.81113,-0.84468,-0.741339,-0.714347,-0.694295,-0.752915,-0.691578	0.82886,0.712123,0.774549,0.858825,0.785772,0.852248,0.881703,0.870471,0.831127,0.87488,0.908644,0.767841,0.82528,0.776246,0.816001,0.802782,0.70087,0.670862,0.696841,0.639279
-0.0435995,0.0150509,-0.0889039,-0.0567455,-0.0539384,-0.0366288,0.150243,-0.141605,-0.015206,0.0321477,0.0239344,-0.00343683,-0.138208,-0.138166,-0.0638823,0.0846535,-0.0235085,0.00939762,-0.0856239,0.00983817	-0.796039,-0.760934,-0.771336,-0.851356,-0.762797,-0.850563,-0.832325,-0.882411,-0.853955,-0.850363,-0.8786,-0.781727,-0.858578,-0.825264,-0.832732,-0.737088,-0.738098,-0.653381,-0.764284,-0.654285	0.779493,0.767198,0.732675,0.834947,0.739276,0.840108,0.873354,0.846591,0.849784,0.859027,0.883946,0.780387,0.817359,0.775526,0.812048,0.773478,0.727208,0.658733,0.726182,0.659876
-0.0802664,0.0402089,-0.0719521,-0.0624635,-0.108739,0.0390945,0.0805339,-0.124246,-0.00688063,-0.0403647,0.0183479,0.0785985,-0.142075,-0.146982,-0.147069,0.105008,-0.0151943,0.027496,-0.0790597,-0.0413525	-0.820224,-0.739668,-0.789272,-0.844019,-0.824456,-0.845191,-0.853784,-0.875126,-0.86736,-0.867381,-0.893844,-0.76278,-0.854345,-0.827216,-0.845533,-0.747596,-0.710267,-0.665277,-0.749136,-0.691036	0.792107,0.757352,0.760509,0.825053,0.786201,0.856002,0.874209,0.842484,0.865646,0.857022,0.897473,0.793789,0.81067,0.774388,0.797654,0.790544,0.702655,0.680328,0.71226,0.668795
0.430509,0.108989,-0.0339835,0.133895,0.262182,0.172217,0.0887762,-0.0823318,-0.0787834,-0.0865223,-0.195715,-0.137547,0.205006,-0.000717756,0.0280651,-0.134528,0.1383,0.163323,0.197771,0.0917579	-0.229276,-0.62589,-0.499142,-0.547734,-0.42766,-0.426814,-0.574324,-0.600098,-0.773638,-0.623005,-0.781007,-0.716288,-0.770461,-0.651754,-0.75384,-0.681789,-0.379589,-0.440029,-0.614964,-0.75613	0.600512,0.68795,0.473185,0.635055,0.620292,0.558015,0.630932,0.544677,0.739954,0.567048,0.690899,0.641992,0.842409,0.651341,0.765706,0.602525,0.492057,0.562898,0.724607,0.792877
0.448107,0.119755,-0.0750425,0.133187,0.262159,0.151855,0.0887762,-0.0905127,-0.0787222,-0.0766766,-0.175292,-0.173554,0.203207,0.00676603,-0.0105157,-0.127162,0.14152,0.146479,0.213164,-0.000825456	-0.183212,-0.591195,-0.611333,-0.430226,-0.40941,-0.508779,-0.574324,-0.608024,-0.750923,-0.643333,-0.756884,-0.739858,-0.779791,-0.6611,-0.747457,-0.670651,-0.452938,-0.431429,-0.603266,-0.766452	0.583421,0.663944,0.562076,0.532879,0.606476,0.613254,0.630932,0.54765,0.714434,0.596059,0.670558,0.649733,0.84854,0.664892,0.742779,0.594159,0.558649,0.543557,0.723404,0.766111
0.886219,0.435592,0.624658,0.644286,0.735817,0.640276,0.838945,0.900561,0.687162,0.635717,0.719812,0.870892,0.700976,0.81461,0.759199,0.74547,0.824209,0.895547,0.932954,0.779137	0.788105,0.428702,0.643039,0.758544,0.762094,0.293082,0.848638,0.86814,0.623083,0.460013,0.713559,0.908039,0.533216,0.791556,0.799514,0.877798,0.914523,0.923812,0.882187,0.805418	0.325346,0.00847181,-0.0307209,-0.223475,-0.0598222,0.427396,-0.0336525,0.148595,0.112058,0.248323,0.0128572,-0.177569,0.26789,0.0649053,-0.10258,-0.382863,-0.366767,-0.163683,0.286884,-0.070561
-0.063997,-0.0936632,0.26033,0.0530833,0.101106,-0.152842,-0.193299,-0.0835554,-0.198707,0.267133,0.0117866,-0.352005,-0.13529,-0.120646,-0.0597985,-0.202482,0.0278954,-0.00499845,-0.159668,0.00485427	-0.414894,-0.353834,-0.175354,-0.602164,-0.28433,-0.400923,-0.586023,-0.614924,-0.49256,-0.516188,-0.511816,-0.466779,-0.255572,-0.411236,-0.406836,-0.593022,-0.420534,-0.393226,-0.296693,-0.0615668	0.360468,0.269089,0.416663,0.634951,0.374666,0.264275,0.442894,0.560149,0.325734,0.688397,0.520463,0.137341,0.12459,0.305759,0.355691,0.443834,0.44323,0.388992,0.143839,0.0664012
-0.013898,-0.0961042,0.287038,0.221238,0.145523,-0.023424,-0.204805,-0.00640758,-0.328215,0.232858,0.12283,-0.357833,-0.117631,-0.132417,-0.0716861,-0.253347,-0.00897552,-0.035046,-0.184739,0.00621074	-0.453599,-0.322022,-0.163414,-0.567636,-0.270564,-0.311139,-0.585203,-0.6268,-0.476401,-0.560171,-0.542973,-0.475947,-0.269867,-0.430558,-0.375056,-0.600891,-0.453469,-0.39969,-0.310825,-0.0504106	0.442491,0.233132,0.43027,0.700858,0.400325,0.289827,0.432198,0.622895,0.175651,0.701522,0.624174,0.142359,0.157228,0.316167,0.311752,0.409953,0.44631,0.369825,0.133767,0.0566036
-0.0286446,-0.0856152,0.260869,-0.157448,0.100777,-0.136749,-0.164023,0.127483,-0.311542,0.151972,-0.199515,-0.178801,-0.141682,-0.142794,-0.157388,-0.178679,-0.0686459,-0.0147879,0.0105887,-0.0376062	-0.446432,-0.419819,-0.0729098,-0.63543,-0.195523,-0.337708,-0.613171,-0.511019,-0.472551,-0.502922,-0.589385,-0.355089,-0.261401,-0.460063,-0.443948,-0.52033,-0.536179,-0.334729,-0.212813,-0.068491	0.4232,0.346664,0.327549,0.531119,0.290575,0.210689,0.499372,0.59945,0.188805,0.608394,0.441824,0.18824,0.124323,0.339577,0.308087,0.37667,0.485399,0.321533,0.222899,0.0309645
-0.025056,-0.154942,0.279421,-0.196011,0.0761215,-0.231377,-0.102201,0.0996718,-0.261076,0.207148,-0.0201546,-0.165843,-0.0968279,-0.100845,-0.149579,-0.198546,-0.129316,-0.0171103,-0.105866,0.0500006	-0.48736,-0.424284,-0.11287,-0.638837,-0.366026,-0.444372,-0.603546,-0.513124,-0.488801,-0.478561,-0.565636,-0.349343,-0.198758,-0.436303,-0.414052,-0.56344,-0.528501,-0.367161,-0.269377,-0.0503257	0.468019,0.288294,0.380297,0.506214,0.430162,0.237405,0.534302,0.58298,0.261037,0.623864,0.551772,0.194785,0.10393,0.350897,0.281934,0.410856,0.428468,0.352264,0.168311,0.100075
-0.0754302,0.404287,0.104093,-0.392808,-0.230504,-0.493233,0.328711,0.0611084,-0.468185,0.236487,-0.122393,0.639279,-0.116855,0.376995,0.370561,0.395996,0.412631,0.184135,0.101818,0.267561	0.251835,0.181002,0.380708,-0.336705,0.0217778,0.155003,0.751773,0.320418,-0.293407,0.262161,-0.0271492,0.673331,-0.0214447,0.465679,0.277831,0.195275,0.341988,0.16799,0.0200063,-0.0616807	-0.321165,0.240915,-0.288029,-0.0646547,-0.251022,-0.602196,-0.561921,-0.264488,-0.20261,-0.0273711,-0.0955615,-0.0597875,-0.0956496,-0.107569,0.103372,0.217544,0.0822501,0.0166606,0.0819784,0.323896
-0.0510598,0.371384,0.247,-0.49099,-0.224902,-0.438241,0.328711,0.0618401,-0.603149,0.197203,-0.200922,0.654755,-0.071726,0.423468,0.310652,0.495102,0.146476,0.208027,0.110882,0.329164	0.351765,0.213502,0.334337,-0.329057,0.0684672,0.123673,0.751773,0.323589,-0.410479,0.14303,-0.0705917,0.659569,-0.00829297,0.443768,0.287658,0.300352,-0.0260943,0.233949,0.0499058,0.00539258	-0.395718,0.17148,-0.0951983,-0.193136,-0.288921,-0.533025,-0.561921,-0.267094,-0.256067,0.0557448,-0.132206,-0.00847296,-0.0634707,-0.0249972,0.0252511,0.228769,0.171913,-0.0272481,0.0613154,0.324347
0.00866302,-0.115663,0.3767,0.167597,0.153257,-0.150036,-0.200497,0.0474049,-0.09077,-0.116664,0.0812426,-0.377801,-0.261403,-0.0815066,0.00425823,-0.389507,0.150514,-0.0254097,-0.182069,0.106977	-0.28033,-0.34903,-0.0961026,-0.624357,-0.274088,-0.218458,-0.594919,-0.51482,-0.414566,-0.672049,-0.481923,-0.500921,-0.298175,-0.394373,-0.372159,-0.733983,-0.392923,-0.417021,-0.291625,0.026064	0.288293,0.243185,0.456284,0.716934,0.410118,0.0707414,0.44784,0.548831,0.336457,0.602634,0.541947,0.151859,0.03988,0.323257,0.375822,0.482386,0.513093,0.395805,0.115699,0.0811388
0.0789241,-0.0786927,0.449908,0.422851,0.226867,-0.11579,-0.216082,0.0744423,-0.299454,-0.197564,0.215435,-0.369689,-0.23891,-0.0959712,0.000598875,-0.433666,0.134866,-0.051445,-0.201797,0.100298	-0.306075,-0.293036,-0.063708,-0.545697,-0.232511,-0.19741,-0.595036,-0.563038,-0.443443,-0.728742,-0.531614,-0.4989,-0.305903,-0.415197,-0.333427,-0.739759,-0.413439,-0.423383,-0.301034,0.029506	0.375918,0.219403,0.499305,0.786959,0.436361,0.0835295,0.434869,0.611836,0.166037,0.620516,0.670283,0.158431,0.0722758,0.332474,0.333959,0.450674,0.519347,0.38022,0.105655,0.0710022
-0.0283506,-0.145235,0.286994,-0.132831,0.110071,-0.120018,-0.189345,0.226001,-0.285054,-0.105753,-0.171891,-0.166222,-0.255949,-0.13702,-0.0497013,-0.288281,0.0656157,-0.00701029,0.00851394,0.0577894	-0.387353,-0.4439,-0.0474638,-0.682533,-0.204016,-0.10328,-0.633408,-0.425224,-0.438037,-0.600525,-0.566804,-0.360914,-0.2969,-0.467194,-0.381066,-0.637877,-0.505807,-0.340869,-0.187435,0.0110666	0.362988,0.319247,0.329963,0.604508,0.307188,-0.0169481,0.504579,0.594128,0.174811,0.528324,0.437542,0.207117,0.0443189,0.352756,0.337762,0.428367,0.553067,0.334659,0.195637,0.0467527
0.000882063,-0.211087,0.343407,-0.205616,0.0887225,-0.311372,-0.115711,0.204091,-0.216518,-0.0747704,0.0467802,-0.108972,-0.219502,-0.100681,-0.0120602,-0.355924,-0.0248808,-0.0299453,-0.11068,0.139102	-0.408786,-0.451254,-0.0534917,-0.694377,-0.381992,-0.342063,-0.617537,-0.421404,-0.446438,-0.582219,-0.53692,-0.321296,-0.23639,-0.446959,-0.330287,-0.698997,-0.510983,-0.387532,-0.247322,0.0232566	0.409521,0.265453,0.38974,0.570166,0.455285,0.0343495,0.540443,0.57596,0.254522,0.530545,0.569399,0.220027,0.0178119,0.362595,0.319499,0.456694,0.492362,0.361785,0.140488,0.116221
0.0526846,0.766476,0.165069,-0.401276,-0.177499,-0.505988,0.351009,0.0925244,-0.455373,0.103625,-0.0463703,0.683245,0.0181482,0.367119,0.545723,0.578371,0.566691,0.223738,0.100545,0.170573	0.521747,0.523372,0.412726,-0.387004,0.06478,0.427247,0.77897,0.375241,-0.24662,0.25632,0.0565064,0.681608,0.23319,0.480534,0.399722,0.269499,0.404351,0.183355,0.0519494,-0.149704	-0.482321,0.405952,-0.265764,-0.0168961,-0.239525,-0.767348,-0.589011,-0.292885,-0.235163,-0.156861,-0.102608,0.00306512,-0.215956,-0.137709,0.186735,0.365906,0.210597,0.0421105,0.0488508,0.312302
0.0501122,0.759272,0.338637,-0.553304,-0.152778,-0.443617,0.351009,0.0944214,-0.604618,0.171394,-0.162547,0.711924,0.0484394,0.417625,0.435528,0.681359,0.323017,0.259286,0.104143,0.313238	0.616565,0.583131,0.405032,-0.44454,0.142295,0.441769,0.77897,0.381352,-0.387592,0.246538,-0.0249135,0.678769,0.224,0.459964,0.362274,0.382305,0.0542792,0.261772,0.0770464,-0.0141429	-0.584513,0.316092,-0.0769484,-0.144243,-0.288795,-0.740304,-0.589011,-0.297648,-0.283452,-0.0784585,-0.138193,0.0641586,-0.177486,-0.0524062,0.0869773,0.404392,0.273534,-0.00266652,0.0273155,0.325937
0.645102,0.518731,0.689282,0.671114,0.355222,0.562433,0.404056,0.666445,0.604294,0.869071,0.574528,0.635433,0.850591,0.843062,0.661395,0.806896,0.688137,0.690182,0.843698,0.916475	0.530492,0.56861,0.672443,0.515407,0.329263,0.544104,0.465275,0.610201,0.780245,0.816369,0.407418,0.629994,0.808409,0.812472,0.745878,0.846279,0.686326,0.722491,0.860118,0.927771	0.174237,-0.0707459,0.0313867,0.238046,0.0293978,0.0264116,-0.0753916,0.094793,-0.332924,0.181409,0.218179,0.00907082,0.135035,0.0971016,-0.166739,-0.124181,0.00343188,-0.0644448,-0.059857,-0.0754488
0.268896,0.484985,0.410755,0.381527,0.146551,0.161288,0.228511,0.419387,0.353853,0.506299,0.0242416,0.357191,0.47395,0.441208,0.444911,0.436911,0.44703,0.207441,0.621958,0.593964	0.173056,0.393063,0.503234,0.550716,0.24666,0.264498,0.136722,0.361759,0.517331,0.607256,0.118934,0.315753,0.467013,0.381081,0.51396,0.561386,0.341516,0.282666,0.513538,0.643578	0.100517,0.113572,-0.116576,-0.214194,-0.103864,-0.107809,0.0947494,0.067935,-0.20011,-0.145777,-0.0949664,0.0467061,0.00890978,0.0722794,-0.0895193,-0.164927,0.124526,-0.0799106,0.159301,-0.0803157
0.389263,0.348202,0.492156,0.356166,0.238013,0.25253,0.232414,0.452836,0.454548,0.609796,0.154769,0.205148,0.719918,0.740198,0.610523,0.668396,0.539032,0.398247,0.670566,0.706198	0.216491,0.330411,0.551882,0.487302,0.126963,0.293941,0.0992708,0.39153,0.53698,0.727643,0.128454,0.149327,0.749204,0.654535,0.699563,0.73926,0.54351,0.455755,0.638592,0.682433	0.188672,0.0201039,-0.0819963,-0.158676,0.11451,-0.0447313,0.136287,0.0745171,-0.109049,-0.211847,0.0268487,0.0575851,-0.0635765,0.166169,-0.155421,-0.140081,-0.00633277,-0.0702605,0.0559187,0.0458737
-0.633677,-0.113145,-0.204104,-0.546744,-0.55908,-0.629196,-0.642326,-0.733583,-0.601107,-0.439532,-0.489829,-0.591802,-0.488834,-0.522108,-0.3732,-0.643894,-0.473054,-0.201753,-0.257535,-0.166194	-0.185854,-0.000296597,0.51539,0.177026,-0.0591046,0.207269,-0.056346,-0.129336,-0.178452,0.301502,-0.0180729,-0.491923,-0.304778,-0.258464,-0.0313751,-0.410283,-0.102699,0.22601,-0.172717,-0.248855	-0.507604,-0.112852,-0.651012,-0.6599,-0.517061,-0.739965,-0.607984,-0.667587,-0.47344,-0.654323,-0.47597,-0.140898,-0.216278,-0.304772,-0.345875,-0.317484,-0.389266,-0.409109,-0.0887658,0.0862274
-0.675319,-0.102968,-0.0879712,-0.565698,-0.537727,-0.550518,-0.642326,-0.746206,-0.732924,-0.475934,-0.511355,-0.584635,-0.407789,-0.493665,-0.352166,-0.599181,-0.264884,-0.215401,-0.239042,-0.09411	-0.225301,0.0551376,0.528207,0.314034,-0.0124346,0.305225,-0.056346,-0.164196,-0.372339,0.121842,-0.0169569,-0.491923,-0.235509,-0.247877,0.0252698,-0.315471,0.0930045,0.237846,-0.127614,-0.169042	-0.530776,-0.157213,-0.588818,-0.747024,-0.528829,-0.732636,-0.607984,-0.663277,-0.495921,-0.565011,-0.498722,-0.13014,-0.190584,-0.280058,-0.374107,-0.349838,-0.349284,-0.431158,-0.114934,0.0761434
0.0138239,0.356642,0.314434,0.179942,-0.0112971,0.130194,0.239359,0.399554,0.541215,0.486051,-0.0545242,0.234977,0.411862,0.413147,0.472977,0.449882,0.472175,0.211362,0.57863,0.603907	0.0342392,0.224551,0.427695,0.47191,0.102114,0.250529,0.0927436,0.395197,0.529358,0.641358,0.16713,0.199455,0.449027,0.378874,0.451171,0.535914,0.369132,0.259741,0.453385,0.640309	-0.020425,0.14359,-0.130859,-0.319061,-0.11328,-0.124392,0.149944,0.00517354,0.0166182,-0.225649,-0.219653,0.0372688,-0.0455985,0.040633,0.0277222,-0.113365,0.124794,-0.0511897,0.169788,-0.0593532
0.2535,0.378574,0.477469,0.240998,0.108152,0.325861,0.239471,0.442833,0.606165,0.589896,0.136629,0.138761,0.651464,0.746653,0.596179,0.663406,0.54381,0.390924,0.66458,0.714608	0.196273,0.309419,0.55663,0.496613,0.0206425,0.38839,0.0569469,0.43281,0.509926,0.763308,0.245271,0.0880899,0.725558,0.688108,0.603247,0.695514,0.550075,0.418595,0.614549,0.678806	0.060223,0.0783301,-0.107816,-0.290367,0.0877057,-0.0715897,0.185048,0.0123991,0.139295,-0.315449,-0.112409,0.0512984,-0.140509,0.120408,-0.0110368,-0.059614,-0.00893863,-0.0330845,0.0845707,0.0695295
-0.657144,-0.0516507,-0.225655,-0.625303,-0.569698,-0.626187,-0.637581,-0.756539,-0.545102,-0.469427,-0.589034,-0.597589,-0.491728,-0.531112,-0.317544,-0.616866,-0.447922,-0.148256,-0.314836,-0.148657	-0.137353,0.0271503,0.49131,0.059753,-0.0868392,0.214587,-0.0567796,-0.118902,-0.231016,0.286568,-0.0701619,-0.493977,-0.280041,-0.258439,-0.0259194,-0.391014,-0.0575742,0.273115,-0.24713,-0.243038	-0.571363,-0.0786906,-0.64541,-0.660382,-0.50799,-0.74118,-0.602617,-0.700665,-0.359337,-0.666355,-0.54124,-0.147008,-0.245492,-0.316055,-0.294045,-0.297645,-0.400681,-0.404973,-0.0734184,0.0979184
-0.702135,-0.0611917,-0.133469,-0.649109,-0.504504,-0.544958,-0.637581,-0.770114,-0.720993,-0.492373,-0.598933,-0.59038,-0.410264,-0.512592,-0.307534,-0.588235,-0.249664,-0.15763,-0.300856,-0.0834211	-0.188002,0.0633776,0.480691,0.186779,0.0365766,0.316065,-0.0567796,-0.15994,-0.463654,0.116887,-0.0554968,-0.493977,-0.207453,-0.259612,0.0123433,-0.33033,0.122246,0.294829,-0.208725,-0.170541	-0.592321,-0.124088,-0.577133,-0.745503,-0.531277,-0.73451,-0.602617,-0.695888,-0.386564,-0.576104,-0.56212,-0.136092,-0.221679,-0.291813,-0.318667,-0.320105,-0.360895,-0.432366,-0.0983044,0.0883777
0.337372,0.291189,0.442289,0.366807,0.242639,0.145445,0.189256,0.425465,0.563946,0.4982,0.0616772,0.0751166,0.388589,0.407711,0.452507,0.475759,0.279206,0.272719,0.470927,0.566407	0.256468,0.368036,0.404135,0.33535,0.0484258,0.0838174,0.148623,0.419975,0.481604,0.514123,-0.0536086,0.0562945,0.425374,0.391725,0.480401,0.422412,0.385128,0.248511,0.549458,0.488972	0.0885669,-0.0860711,0.0464587,0.0358681,0.196522,0.0623878,0.0418095,0.00668352,0.113046,-0.0214056,0.114906,0.018902,-0.0440695,0.0190246,-0.0356416,0.0667656,-0.118684,0.0259681,-0.105945,0.107095
-0.677651,-0.233,-0.231897,-0.503519,-0.521807,-0.631421,-0.617067,-0.67723,-0.489802,-0.44499,-0.530225,-0.495426,-0.371015,-0.453405,-0.254503,-0.508366,-0.501647,-0.307926,-0.220074,-0.0845929	-0.194048,-0.0470633,0.281493,0.153837,-0.0635,0.15876,0.0923354,0.0494533,-0.143708,0.185591,-0.117186,-0.335397,-0.166965,-0.123634,0.0496255,-0.283801,-0.0793099,-0.0341677,-0.0605537,-0.226812	-0.556824,-0.187998,-0.48193,-0.610098,-0.474013,-0.718187,-0.671161,-0.703135,-0.3723,-0.582477,-0.440403,-0.191919,-0.217525,-0.349355,-0.300335,-0.262427,-0.439836,-0.276669,-0.161675,0.145001
-0.697243,-0.237234,-0.123695,-0.514881,-0.507052,-0.556796,-0.617067,-0.678379,-0.627999,-0.43632,-0.547731,-0.492973,-0.318454,-0.435708,-0.243327,-0.495463,-0.359287,-0.318303,-0.196031,-0.0334244	-0.198739,-0.00866385,0.281236,0.295637,-0.0244579,0.240119,0.0923354,0.0473722,-0.297316,0.107195,-0.118824,-0.343797,-0.131899,-0.134534,0.0865521,-0.257331,0.0407454,-0.0198583,-0.0094624,-0.169686	-0.578693,-0.229041,-0.391318,-0.703441,-0.488654,-0.702934,-0.671161,-0.703154,-0.406601,-0.51923,-0.458765,-0.179618,-0.194734,-0.319927,-0.323075,-0.27293,-0.394261,-0.300343,-0.186915,0.137039
-0.720831,-0.246611,-0.230329,-0.476594,-0.647287,-0.656199,-0.60581,-0.676908,-0.5454,-0.432573,-0.515778,-0.507893,-0.431031,-0.517911,-0.338383,-0.575539,-0.50066,-0.308291,-0.262588,-0.134575	-0.253874,-0.125228,0.377521,0.21054,-0.120881,0.12052,0.169663,-0.0013492,-0.161985,0.221371,0.022688,-0.344411,-0.254162,-0.213006,-0.0960654,-0.349206,-0.114128,-0.00571222,-0.162252,-0.207333	-0.571551,-0.125251,-0.559224,-0.624473,-0.57109,-0.719794,-0.703196,-0.676176,-0.420571,-0.596795,-0.532238,-0.198142,-0.198629,-0.342712,-0.25046,-0.283264,-0.409957,-0.303112,-0.104801,0.0748463
-0.743406,-0.266693,-0.119155,-0.472213,-0.622636,-0.598158,-0.60581,-0.682462,-0.684124,-0.455973,-0.538943,-0.499551,-0.407361,-0.496113,-0.313342,-0.532494,-0.288423,-0.323837,-0.237685,-0.103632	-0.275833,-0.104275,0.373554,0.369687,-0.0569543,0.16287,0.169663,-0.0116338,-0.340551,0.0828287,0.0131996,-0.345097,-0.252725,-0.211563,-0.0320484,-0.265484,0.0935682,-0.000650909,-0.112989,-0.164718	-0.588183,-0.167065,-0.471713,-0.716772,-0.586479,-0.693469,-0.703196,-0.676197,-0.447931,-0.519193,-0.548242,-0.186627,-0.172383,-0.317918,-0.284147,-0.310972,-0.371953,-0.323254,-0.128138,0.0621463
0.84902,0.859827,0.924547,0.431944,0.831295,0.754756,1,0.954396,0.668691,0.809666,0.767317,1,0.947502,0.955605,0.815879,0.872081,0.879881,0.837969,0.918043,0.725254	0.931599,0.934381,0.754031,0.710918,0.895173,0.569576,1,0.949678,0.844513,0.738854,0.850657,0.969323,0.895907,0.893686,0.878546,0.889256,0.745172,0.879094,0.951349,0.750686	-0.395012,-0.379226,0.563013,-0.402604,-0.249671,0.324815,0.0503881,-0.403927,0.176249,-0.239983,1,0.341401,0.424138,-0.221273,-0.0765046,0.391212,-0.156165,-0.263033,-0.0558255
0.875779,0.359445,0.561606,0.633851,0.726155,0.704498,0.808345,0.897572,0.700041,0.632602,0.726383,0.880409,0.627949,0.806114,0.75283,0.777711,0.785222,0.88394,0.932193,0.795249	0.782835,0.424853,0.678038,0.770626,0.772504,0.32396,0.856654,0.862483,0.597835,0.451231,0.715334,0.914009,0.521807,0.796009,0.783615,0.87649,0.927187,0.90197,0.869702,0.777104	0.295615,-0.077196,-0.188033,-0.26738,-0.105567,0.493071,-0.157088,0.155357,0.175766,0.253825,0.0229994,-0.172042,0.157871,0.0281993,-0.0750733,-0.310291,-0.522024,-0.0889456,0.33017,0.0474987
-0.113114,-0.105095,0.30128,0.0978596,0.111835,-0.15208,-0.29927,-0.0181316,-0.191099,0.330056,0.023176,-0.315721,-0.105697,-0.0790639,0.0240864,-0.281341,0.0417964,-0.0162399,-0.0995967,0.0547917	-0.469044,-0.389157,-0.141728,-0.610938,-0.274347,-0.358035,-0.621072,-0.616318,-0.525226,-0.521377,-0.488442,-0.375265,-0.290364,-0.40768,-0.38215,-0.612501,-0.471171,-0.510574,-0.350114,-0.0996229	0.375872,0.296175,0.424866,0.668812,0.374686,0.217815,0.39527,0.604947,0.371406,0.726427,0.505891,0.0675472,0.190513,0.339561,0.402531,0.400107,0.50306,0.498468,0.259568,0.153576
-0.0752405,-0.119153,0.314537,0.268156,0.13437,-0.0253166,-0.302059,0.0568369,-0.329043,0.28771,0.0912485,-0.324074,-0.0869422,-0.0895955,-0.0363217,-0.326822,0.0071681,-0.0069739,-0.147024,0.0482947	-0.499858,-0.360144,-0.132101,-0.573731,-0.2594,-0.269145,-0.61949,-0.630058,-0.513357,-0.566618,-0.536696,-0.386011,-0.302218,-0.426649,-0.361771,-0.615832,-0.506581,-0.512393,-0.370851,-0.0902564	0.441211,0.251797,0.42882,0.729634,0.380507,0.245501,0.390503,0.663147,0.221775,0.734576,0.598628,0.0707928,0.221085,0.35045,0.329783,0.361835,0.511891,0.507231,0.236735,0.13795
-0.00663145,-0.0976252,0.290411,-0.141814,0.121079,-0.119692,-0.228084,0.190959,-0.33098,0.138741,-0.199076,-0.161957,-0.112419,-0.0784003,-0.130929,-0.213988,-0.0597177,-0.0236316,0.048145,-0.0445207	-0.485837,-0.454434,-0.0404914,-0.652399,-0.185399,-0.28423,-0.642429,-0.516236,-0.512944,-0.506091,-0.573285,-0.262799,-0.293663,-0.45455,-0.430812,-0.515379,-0.588466,-0.453014,-0.27091,-0.120537	0.480755,0.373373,0.327056,0.562641,0.299748,0.170332,0.485481,0.643736,0.219174,0.602525,0.422418,0.105325,0.187431,0.39005,0.317809,0.33875,0.548006,0.434029,0.314947,0.0764262
0.0176371,-0.184089,0.302857,-0.178268,0.120038,-0.238214,-0.136513,0.154697,-0.281231,0.228327,-0.0247707,-0.179103,-0.0639976,-0.0312737,-0.0930249,-0.250919,-0.130139,-0.0402192,-0.0788635,0.0721232	-0.52035,-0.466795,-0.0797348,-0.650964,-0.350442,-0.405951,-0.625264,-0.51867,-0.529809,-0.484238,-0.5488,-0.268648,-0.23445,-0.430684,-0.39472,-0.570922,-0.582981,-0.49046,-0.331326,-0.0943963	0.533094,0.309283,0.37357,0.534752,0.451488,0.185694,0.534362,0.623351,0.292102,0.641624,0.531251,0.0940708,0.173048,0.404864,0.313195,0.37351,0.490019,0.459301,0.259236,0.165393
-0.299214,0.362373,0.112622,-0.451671,-0.32699,-0.521401,0.306909,0.09412,-0.45604,0.283105,-0.0546659,0.62529,-0.168051,0.386245,0.351505,0.455277,0.382925,0.0993264,0.0242228,0.238528	0.248736,0.153855,0.422502,-0.372844,0.0364784,0.287532,0.728234,0.272021,-0.320458,0.2554,-0.0014936,0.719221,-0.0776925,0.467484,0.295604,0.201567,0.27346,-0.0263568,-0.0548923,-0.138026	-0.509994,0.22083,-0.325362,-0.0947906,-0.359184,-0.703469,-0.542597,-0.182576,-0.158787,0.0298644,-0.0531766,-0.170696,-0.0915538,-0.0991393,0.0623823,0.279344,0.122268,0.125355,0.07901,0.364552
-0.285461,0.322222,0.267125,-0.553959,-0.321492,-0.461334,0.306909,0.098917,-0.59403,0.239657,-0.138274,0.651995,-0.120893,0.429341,0.310038,0.551242,0.0686484,0.14519,0.0280261,0.374436	0.393876,0.187284,0.370031,-0.374683,0.0894267,0.235143,0.728234,0.275252,-0.434216,0.137809,-0.0420782,0.70165,-0.0619301,0.445252,0.300548,0.303437,-0.145073,0.041,-0.0245988,-0.067971	-0.610675,0.143604,-0.114193,-0.226233,-0.399435,-0.628317,-0.542597,-0.181271,-0.215365,0.105326,-0.0967586,-0.0915259,-0.0594082,-0.0196712,0.0104651,0.29758,0.211614,0.104814,0.0525886,0.431427
-0.0259407,-0.129371,0.436067,0.23475,0.166019,-0.143108,-0.30989,0.106847,-0.0708855,-0.0716202,0.0883575,-0.340938,-0.245146,-0.0363015,0.0847021,-0.49135,0.178881,-0.0396622,-0.124559,0.156869	-0.328822,-0.412942,-0.131427,-0.638331,-0.275472,-0.127098,-0.637136,-0.515779,-0.433059,-0.682585,-0.455845,-0.412497,-0.365981,-0.402482,-0.345235,-0.763361,-0.462415,-0.52564,-0.342032,0.00577762	0.305487,0.299575,0.536734,0.759301,0.422183,-0.0163063,0.407754,0.590105,0.373644,0.642368,0.523132,0.0832698,0.132745,0.37161,0.417722,0.435272,0.592302,0.496325,0.22715,0.151228
0.0331686,-0.101927,0.506355,0.490533,0.213088,-0.110309,-0.316102,0.131954,-0.291218,-0.16693,0.177149,-0.337038,-0.220232,-0.049977,0.0349742,-0.523665,0.168587,-0.0253697,-0.165643,0.143375	-0.348687,-0.364808,-0.101871,-0.555707,-0.231699,-0.110799,-0.636868,-0.563735,-0.46541,-0.740703,-0.522957,-0.412489,-0.370438,-0.422433,-0.317189,-0.7627,-0.484678,-0.527735,-0.358074,0.00883161	0.377489,0.273034,0.578391,0.822132,0.42386,0.000495477,0.401618,0.647522,0.201503,0.654727,0.640746,0.0876348,0.163549,0.380489,0.3483,0.397994,0.603918,0.509183,0.204565,0.134714
-0.00874358,-0.16281,0.329777,-0.11313,0.131838,-0.101102,-0.258905,0.283281,-0.297003,-0.117491,-0.170917,-0.151118,-0.238465,-0.0680271,-0.0237663,-0.327141,0.091282,-0.0145354,0.0447197,0.055312	-0.427677,-0.506459,-0.0836633,-0.707471,-0.204749,0.00201346,-0.671079,-0.43044,-0.462844,-0.601969,-0.547348,-0.270781,-0.36275,-0.472977,-0.363697,-0.631087,-0.573651,-0.449543,-0.242952,-0.0141952	0.420506,0.374531,0.40234,0.646049,0.32774,-0.103094,0.498847,0.636152,0.192272,0.521351,0.415281,0.124768,0.136054,0.418413,0.342895,0.383022,0.631847,0.437869,0.28458,0.0694527
0.0396233,-0.248686,0.380721,-0.187203,0.136861,-0.302189,-0.15273,0.252591,-0.2286,-0.0614492,0.0386363,-0.12765,-0.197826,-0.0253292,0.0438568,-0.420243,-0.0169974,-0.0550978,-0.0843996,0.16201	-0.443615,-0.525413,-0.0905573,-0.712818,-0.376083,-0.251936,-0.646563,-0.426242,-0.472272,-0.587707,-0.516387,-0.240319,-0.305273,-0.452484,-0.308106,-0.710536,-0.582154,-0.504497,-0.30639,0.00103047	0.474891,0.318319,0.455571,0.606555,0.487835,-0.0543947,0.547942,0.61285,0.273163,0.545975,0.544167,0.116235,0.114353,0.432107,0.347271,0.413875,0.570805,0.462249,0.227884,0.161007
-0.163661,0.768657,0.180206,-0.458527,-0.282521,-0.519564,0.335497,0.124307,-0.434087,0.141372,0.0158422,0.660863,-0.0240648,0.374194,0.528666,0.607826,0.578169,0.142381,0.0261034,0.127837	0.594661,0.465174,0.346155,-0.426784,0.0633185,0.671513,0.733729,0.328696,-0.251806,0.254912,0.0771077,0.72518,0.138094,0.466763,0.429769,0.280802,0.318787,-0.00226252,-0.0158986,-0.195423	-0.691065,0.472391,-0.176989,-0.039467,-0.339761,-0.883003,-0.528274,-0.213096,-0.20465,-0.117784,-0.0613404,-0.123506,-0.161622,-0.112158,0.127974,0.394328,0.317991,0.144597,0.0419846,0.315381
-0.181051,0.754538,0.375195,-0.618056,-0.259388,-0.455395,0.335497,0.130365,-0.58425,0.213523,-0.10202,0.702588,0.0088576,0.420784,0.428608,0.704168,0.290721,0.204205,0.0244112,0.346533	0.762972,0.527163,0.334572,-0.502177,0.151382,0.660921,0.733729,0.33488,-0.386725,0.250783,0.00267573,0.719909,0.134383,0.446366,0.380269,0.38802,-0.0784017,0.0788135,0.0098017,-0.0508782	-0.829446,0.377552,0.0464534,-0.168031,-0.39525,-0.858058,-0.528274,-0.213852,-0.255182,-0.0393687,-0.104667,-0.0350485,-0.125675,-0.0314985,0.0577517,0.435004,0.360896,0.127443,0.014613,0.390526
0.637868,0.51537,0.693947,0.676258,0.344726,0.560082,0.361383,0.686845,0.618636,0.870633,0.566746,0.632447,0.854662,0.852462,0.660999,0.797919,0.696105,0.704217,0.850199,0.918388	0.529837,0.576912,0.68953,0.522528,0.337329,0.539642,0.410617,0.638218,0.790733,0.823055,0.426912,0.629098,0.813818,0.820823,0.78526,0.840971,0.691119,0.706492,0.886305,0.93712	0.163181,-0.0875815,0.00846886,0.237739,0.00837058,0.029294,-0.0578128,0.0865792,-0.3369,0.16787,0.184465,0.00556096,0.13415,0.105363,-0.258369,-0.130868,0.00960962,-0.0045275,-0.146496,-0.134419
0.296157,0.484726,0.426155,0.387798,0.159631,0.170137,0.198977,0.449633,0.357744,0.492812,0.0204534,0.34928,0.488363,0.475061,0.442723,0.426602,0.456321,0.205481,0.627682,0.574743	0.148371,0.392166,0.525831,0.563819,0.248588,0.257719,0.0660847,0.392171,0.536875,0.626496,0.12911,0.313919,0.480768,0.396241,0.562028,0.529631,0.349351,0.279426,0.556714,0.6827	0.154578,0.114284,-0.128462,-0.225278,-0.0926331,-0.0915977,0.134663,0.0697643,-0.221714,-0.193393,-0.108944,0.0397149,0.00992546,0.0970977,-0.158824,-0.133103,0.127258,-0.0784492,0.109088,-0.177671
0.432678,0.341481,0.503093,0.364399,0.267852,0.244742,0.222354,0.478054,0.456187,0.606524,0.153049,0.178758,0.728851,0.765904,0.616959,0.664598,0.536625,0.388141,0.673204,0.699228	0.194034,0.332913,0.579108,0.499019,0.131266,0.293388,0.0294558,0.420101,0.554814,0.740103,0.137713,0.154762,0.755718,0.656417,0.722463,0.721107,0.544368,0.452137,0.682258,0.708613	0.260516,0.00966614,-0.107267,-0.164541,0.141563,-0.0524095,0.194169,0.0725167,-0.132049,-0.242382,0.0156664,0.0246787,-0.0598106,0.220186,-0.190347,-0.108514,-0.0109387,-0.077618,-0.0167449,-0.0186021
-0.778841,-0.14983,-0.188348,-0.561304,-0.606702,-0.662409,-0.674566,-0.714435,-0.591833,-0.428017,-0.455831,-0.525932,-0.517504,-0.513225,-0.367821,-0.651163,-0.50592,-0.262348,-0.330159,-0.182599	-0.311814,-0.00501877,0.546972,0.220273,-0.0453408,0.214608,-0.193539,-0.045764,-0.154668,0.348294,-0.00787184,-0.446907,-0.273495,-0.220927,0.0603519,-0.481122,-0.0930548,0.229621,-0.107859,-0.201988	-0.616825,-0.14492,-0.666642,-0.695576,-0.57724,-0.76786,-0.553257,-0.691272,-0.481214,-0.675596,-0.449572,-0.103307,-0.284239,-0.329678,-0.418875,-0.247617,-0.433262,-0.464016,-0.230508,0.0201323
-0.823624,-0.143081,-0.061958,-0.580213,-0.584716,-0.581715,-0.674566,-0.728538,-0.729841,-0.469647,-0.480488,-0.512072,-0.440743,-0.483575,-0.335887,-0.608769,-0.301141,-0.266673,-0.318164,-0.0886625	-0.383973,0.0517976,0.54985,0.367846,0.0038719,0.314912,-0.193539,-0.0812682,-0.355335,0.161716,-0.00651866,-0.446907,-0.204103,-0.20841,0.113601,-0.396702,0.10269,0.237314,-0.0552703,-0.120168	-0.642998,-0.193445,-0.591652,-0.781306,-0.587258,-0.757806,-0.553257,-0.688004,-0.505637,-0.586796,-0.475459,-0.0845037,-0.260032,-0.306005,-0.432968,-0.279588,-0.391718,-0.47399,-0.267599,0.0318443
0.0301411,0.357497,0.33517,0.187599,0.00555378,0.139062,0.206932,0.429281,0.548269,0.475028,-0.0596019,0.232124,0.42772,0.448468,0.480902,0.440509,0.478194,0.206205,0.595841,0.587892	-0.00385961,0.214467,0.443999,0.485365,0.0938795,0.246098,0.0316902,0.418484,0.555557,0.659187,0.15289,0.20026,0.462911,0.396497,0.467793,0.50213,0.377381,0.279918,0.485479,0.67392	0.0339967,0.154908,-0.127856,-0.327595,-0.0883718,-0.110829,0.176398,0.0131616,-0.0104801,-0.268114,-0.210573,0.0334171,-0.0438791,0.063211,0.0169145,-0.0791227,0.123012,-0.0782275,0.15528,-0.142474
0.293218,0.374932,0.492889,0.248988,0.145042,0.318222,0.226724,0.467406,0.611062,0.589428,0.137013,0.113204,0.663101,0.775945,0.61577,0.659679,0.539924,0.37488,0.67784,0.710091	0.164595,0.303248,0.575786,0.506396,0.0157973,0.39082,-0.00170134,0.45412,0.534207,0.774332,0.233541,0.0921816,0.733487,0.693342,0.602909,0.673867,0.55257,0.437544,0.646317,0.698815	0.135146,0.0808802,-0.115745,-0.294545,0.129541,-0.0829084,0.228338,0.0168658,0.114102,-0.340155,-0.0997191,0.0212445,-0.137038,0.178792,0.0204556,-0.0255424,-0.0180238,-0.0749596,0.0561012,0.0223819
-0.780341,-0.0916786,-0.211663,-0.635825,-0.606077,-0.658903,-0.669474,-0.739128,-0.535255,-0.459045,-0.57136,-0.536536,-0.515861,-0.521317,-0.316752,-0.618186,-0.48181,-0.207312,-0.393505,-0.167712	-0.259931,0.0138791,0.510749,0.0952443,-0.0941748,0.227478,-0.182559,-0.0438259,-0.205294,0.325551,-0.0898358,-0.454741,-0.246012,-0.21903,0.0111269,-0.458764,-0.0436759,0.313239,-0.214757,-0.204598	-0.652826,-0.105424,-0.651934,-0.689325,-0.542889,-0.770843,-0.554712,-0.718579,-0.370694,-0.682588,-0.507578,-0.108193,-0.309073,-0.341253,-0.326728,-0.222533,-0.447552,-0.488808,-0.195247,0.0381962
-0.827165,-0.104514,-0.107343,-0.659325,-0.543299,-0.573915,-0.669474,-0.754372,-0.720337,-0.487206,-0.584963,-0.522545,-0.438953,-0.501404,-0.293618,-0.590155,-0.287357,-0.208357,-0.386101,-0.0795392	-0.342653,0.0513189,0.491587,0.232545,0.0303303,0.328107,-0.182559,-0.0854656,-0.4503,0.14961,-0.0768063,-0.454741,-0.173737,-0.218134,0.0466498,-0.403942,0.135344,0.331538,-0.171204,-0.129953	-0.676155,-0.155002,-0.568909,-0.773305,-0.56433,-0.759083,-0.554712,-0.715005,-0.399681,-0.593552,-0.532062,-0.0889385,-0.287111,-0.318057,-0.33567,-0.2445,-0.406877,-0.50501,-0.230108,0.05094
0.361199,0.282161,0.456749,0.379177,0.269606,0.134367,0.173553,0.44637,0.572024,0.505289,0.0593568,0.0501665,0.40587,0.439245,0.478853,0.453337,0.284982,0.26377,0.490812,0.584927	0.267052,0.36996,0.42601,0.344581,0.0621818,0.0947218,0.11417,0.44368,0.49044,0.503946,-0.058286,0.0576893,0.440912,0.419344,0.477248,0.406518,0.395485,0.248092,0.572351,0.482409	0.104199,-0.0980324,0.0381654,0.0397952,0.210961,0.0401568,0.060583,0.00335391,0.113396,0.00180252,0.117237,-0.00754461,-0.0426794,0.0243939,0.00208044,0.0573964,-0.12454,0.0167751,-0.113393,0.142817
-0.801229,-0.269808,-0.21738,-0.525021,-0.584947,-0.661017,-0.641288,-0.658399,-0.481178,-0.431255,-0.503184,-0.436825,-0.405207,-0.448006,-0.257234,-0.485682,-0.541411,-0.360664,-0.286448,-0.114406	-0.235353,-0.0537427,0.308712,0.186051,-0.0351157,0.194885,0.0168734,0.1298,-0.140166,0.172033,-0.118853,-0.310572,-0.133262,-0.0667071,0.0746536,-0.319168,-0.0705072,-0.0404337,-0.0263815,-0.231849	-0.697383,-0.219244,-0.493007,-0.647795,-0.561362,-0.758225,-0.651115,-0.726143,-0.365675,-0.561621,-0.408777,-0.14607,-0.287468,-0.393045,-0.325634,-0.19706,-0.489593,-0.324969,-0.262047,0.120643
-0.824191,-0.276945,-0.0985798,-0.53566,-0.568714,-0.584846,-0.641288,-0.660349,-0.625093,-0.426064,-0.523778,-0.424734,-0.353935,-0.431202,-0.234423,-0.46803,-0.399331,-0.362194,-0.267041,-0.0329485	-0.251284,-0.0144485,0.303376,0.336566,0.00798505,0.276572,0.0168734,0.129061,-0.297647,0.0970872,-0.12089,-0.317156,-0.097172,-0.0785059,0.10822,-0.288836,0.0542092,-0.0253749,0.0293991,-0.17262	-0.722552,-0.263551,-0.390284,-0.738996,-0.574092,-0.741482,-0.651115,-0.727416,-0.402295,-0.50237,-0.430123,-0.124326,-0.265908,-0.365054,-0.334166,-0.207205,-0.44393,-0.339944,-0.294131,0.14047
-0.820661,-0.287843,-0.216995,-0.499107,-0.681653,-0.695486,-0.625644,-0.661972,-0.540982,-0.420026,-0.488892,-0.467524,-0.465649,-0.506781,-0.331829,-0.565224,-0.547784,-0.364425,-0.334224,-0.158961	-0.278338,-0.143562,0.397791,0.251279,-0.0608051,0.107728,0.133186,0.0666436,-0.162688,0.236387,0.0173763,-0.354774,-0.220464,-0.152315,-0.041204,-0.39521,-0.112453,-0.0209049,-0.139358,-0.189568	-0.702874,-0.1505,-0.565935,-0.666764,-0.647693,-0.747229,-0.700462,-0.69783,-0.414801,-0.597125,-0.502004,-0.13517,-0.273234,-0.384116,-0.294654,-0.218917,-0.463908,-0.346157,-0.204386,0.0315579
-0.844601,-0.311785,-0.0938458,-0.494451,-0.657831,-0.635141,-0.625644,-0.66864,-0.686402,-0.446836,-0.516052,-0.45006,-0.442866,-0.483643,-0.29719,-0.522751,-0.336918,-0.371259,-0.313976,-0.100854	-0.3162,-0.122727,0.386844,0.420893,0.00738353,0.152781,0.133186,0.0574169,-0.348011,0.0960534,0.00822805,-0.354128,-0.219487,-0.149701,0.0219455,-0.317391,0.106727,-0.0156565,-0.0856379,-0.144935	-0.720936,-0.196579,-0.46385,-0.757665,-0.661999,-0.718227,-0.700462,-0.699214,-0.444594,-0.520548,-0.522064,-0.114121,-0.247429,-0.360006,-0.317068,-0.246211,-0.428246,-0.357682,-0.234648,0.0447348
0.781125,0.847496,0.92252,0.396503,0.802565,0.734802,1,0.959971,0.683628,0.81153,0.778591,0.997621,0.941555,0.962183,0.815548,0.872871,0.880731,0.829376,0.905441,0.743191	0.918232,0.934889,0.740918,0.699283,0.874942,0.522308,1,0.950522,0.856362,0.745754,0.863997,0.94978,0.886429,0.903711,0.856863,0.891732,0.730455,0.860184,0.950793,0.718393	-0.484914,-0.420793,0.573802,-0.418939,-0.243039,0.344842,0.107958,-0.416661,0.166608,-0.260942,0.911618,0.333328,0.448183,-0.137173,-0.0850969,0.421337,-0.107498,-0.326009,0.0532028
0.232731,-0.061516,0.327932,0.178025,0.154632,-0.0259025,-0.0348193,0.497642,0.401968,-0.598305,0.244636,-0.131375,-0.401853,0.165881,0.246085,-0.429353,0.443782,-0.164881,-0.202369,0.359608	-0.838163,-0.677115,-0.708571,-0.820982,-0.827292,-0.672446,-0.959145,-0.89204,-0.783575,-0.910942,-0.84815,-0.940632,-0.836986,-0.849102,-0.855308,-0.942425,-0.851536,-0.953882,-0.941994,-0.620284	0.896096,0.642356,0.84107,0.871616,0.870558,0.658005,0.956262,0.962439,0.901573,0.687146,0.905008,0.923362,0.655662,0.889672,0.909883,0.861775,0.940069,0.936252,0.913828,0.801181
0.33081,0.0201928,0.424281,0.317824,0.266799,-0.193392,-0.0925299,0.339842,0.167107,-0.68566,0.281623,-0.0203254,-0.388427,0.160952,0.283269,-0.394944,0.503244,-0.117435,-0.165879,0.333325	-0.832069,-0.629639,-0.686228,-0.789024,-0.807435,-0.689029,-0.96441,-0.919138,-0.790095,-0.939349,-0.874968,-0.931199,-0.839583,-0.854816,-0.848201,-0.938156,-0.846992,-0.948541,-0.940896,-0.627258	0.911878,0.641674,0.860091,0.884933,0.883836,0.571836,0.957307,0.959324,0.845562,0.71276,0.927937,0.928446,0.669487,0.892917,0.912278,0.862952,0.946708,0.93529,0.918348,0.794474
-0.0165175,-0.122113,0.113591,0.10816,0.0254741,0.00289989,-0.15643,0.502787,0.119259,-0.42036,0.0847649,0.102489,-0.294331,0.0606287,0.344864,-0.253714,0.528275,0.0671261,-0.0139583,0.363753	-0.928105,-0.737272,-0.696265,-0.830724,-0.807324,-0.622982,-0.961932,-0.886384,-0.79579,-0.861188,-0.884462,-0.913106,-0.780986,-0.868429,-0.823638,-0.918795,-0.87655,-0.935011,-0.9196,-0.692006	0.925779,0.676022,0.750499,0.861479,0.816016,0.624753,0.948179,0.960924,0.835734,0.690962,0.901631,0.928686,0.631912,0.882588,0.910018,0.867245,0.960197,0.942954,0.917418,0.843447
0.106369,-0.113811,0.220387,0.0673685,0.0254361,-0.213836,-0.08923,0.551685,0.176083,-0.477395,0.227028,0.381379,-0.371919,0.0302278,0.434633,-0.34679,0.446106,-0.116018,-0.0574623,0.327681	-0.901609,-0.714866,-0.687741,-0.845486,-0.853786,-0.735557,-0.962377,-0.884402,-0.799058,-0.874711,-0.863141,-0.880859,-0.808607,-0.872277,-0.793288,-0.929975,-0.881973,-0.954733,-0.927981,-0.660551	0.919769,0.654287,0.7886,0.863661,0.860533,0.619098,0.955171,0.96517,0.854862,0.682185,0.911545,0.94483,0.624497,0.87932,0.913095,0.860797,0.953085,0.943188,0.919553,0.81239
0.605342,0.669468,0.153564,0.0455023,0.212938,-0.198476,0.123967,0.225972,0.0418405,-0.19508,0.280868,0.0786007,0.273247,-0.0817791,0.575212,0.640419,0.637592,0.246316,0.0174624,-0.31027	-0.642737,0.253641,-0.470366,-0.766716,-0.75056,-0.443968,-0.425601,-0.796367,-0.750293,-0.395906,-0.666496,-0.662126,-0.407362,-0.646208,-0.590949,-0.495997,-0.620636,-0.855888,-0.864185,-0.889041	0.898496,0.500878,0.581899,0.784837,0.830729,0.269214,0.522025,0.866421,0.768023,0.217635,0.797983,0.704084,0.612438,0.595921,0.870321,0.862459,0.901495,0.910296,0.868541,0.799234
0.453294,0.688764,0.214099,-0.0936954,0.287476,-0.144588,0.123967,0.23194,-0.0263487,-0.0326652,0.155383,0.226534,0.256835,-0.0705172,0.426161,0.68245,0.594617,0.323452,-0.0142783,0.00262361	-0.637867,0.31789,-0.474598,-0.772252,-0.720237,-0.417848,-0.425601,-0.798937,-0.780391,-0.369442,-0.726857,-0.63895,-0.409426,-0.650047,-0.658922,-0.362005,-0.729385,-0.837848,-0.861576,-0.817789	0.846425,0.474842,0.625173,0.731484,0.834855,0.290831,0.522025,0.869714,0.769873,0.340891,0.79271,0.75605,0.602867,0.607371,0.847187,0.837541,0.923483,0.913688,0.857851,0.818656
0.697492,0.576695,0.584505,0.595588,0.283071,0.563152,0.478675,0.626905,0.728056,0.840784,0.508309,0.725697,0.86573,0.893398,0.682345,0.841681,0.702195,0.72276,0.850093,0.919688	0.610821,0.623001,0.595672,0.53289,0.303911,0.666806,0.537451,0.623075,0.780051,0.758452,0.418944,0.722977,0.843299,0.85099,0.756054,0.838391,0.664753,0.731767,0.845009,0.932408	0.151005,-0.072272,-0.0171311,0.09185,-0.0228016,-0.165984,-0.0791353,0.00628497,-0.120337,0.227244,0.113545,0.00572153,0.0830988,0.176901,-0.152259,0.0111757,0.0702193,-0.0191202,0.0180486,-0.0892777
0.281279,0.534612,0.249265,0.439493,0.0801148,0.252084,0.316975,0.329356,0.510065,0.471504,0.140571,0.396956,0.542691,0.534235,0.515143,0.492417,0.471912,0.235601,0.505333,0.615831	0.212291,0.456624,0.369355,0.483434,0.195947,0.3822,0.251349,0.412933,0.573549,0.513414,0.106579,0.531433,0.524097,0.455559,0.500039,0.61725,0.296468,0.31075,0.576555,0.6238	0.0733693,0.103175,-0.132267,-0.0557956,-0.117679,-0.143989,0.0713078,-0.0967331,-0.0897361,-0.0552957,0.0345088,-0.17043,0.0259842,0.103983,0.0203448,-0.179344,0.203982,-0.0810863,-0.100505,-0.0129392
0.416212,0.449664,0.333151,0.446648,0.19726,0.404937,0.281998,0.37702,0.576925,0.555355,0.167757,0.272111,0.724817,0.767971,0.682145,0.698367,0.599458,0.426152,0.625105,0.70679	0.26336,0.387014,0.417564,0.426266,0.0572205,0.384382,0.217789,0.436196,0.61273,0.646865,0.122182,0.380296,0.785413,0.70552,0.691793,0.764151,0.466039,0.477448,0.651618,0.726763	0.171669,0.07585,-0.0980536,0.0251753,0.141638,0.024344,0.0684106,-0.0708222,-0.0553827,-0.142815,0.0465281,-0.120673,-0.140686,0.136303,-0.0182683,-0.141063,0.185142,-0.0643987,-0.0447336,-0.0410682
-0.611358,-0.432776,-0.310018,-0.379043,-0.488344,-0.264999,-0.790517,-0.726348,-0.26731,-0.580757,-0.581606,-0.855273,-0.348723,-0.717842,-0.569704,-0.75706,-0.640871,-0.298609,-0.248725,-0.343549	-0.118486,0.118631,0.224707,0.101899,-0.186956,0.330437,0.417922,-0.0224108,0.0377194,0.0999288,-0.043998,-0.340141,-0.113972,-0.215758,0.0459689,-0.292306,-0.147294,0.243676,0.0058232,-0.319942	-0.531363,-0.52448,-0.4999,-0.463057,-0.331669,-0.547495,-0.908345,-0.715585,-0.301985,-0.643349,-0.551726,-0.726472,-0.244468,-0.594098,-0.599961,-0.596829,-0.545026,-0.505502,-0.25418,-0.0265225
-0.651237,-0.390685,-0.27818,-0.347833,-0.47104,-0.208663,-0.790517,-0.737336,-0.326585,-0.599063,-0.53127,-0.852956,-0.336968,-0.708911,-0.53699,-0.764517,-0.332291,-0.326648,-0.243842,-0.277692	-0.149991,0.201672,0.230837,0.190047,-0.13902,0.407352,0.417922,-0.0561835,-0.0905595,-0.0824762,-0.0357578,-0.340141,-0.0698072,-0.199982,0.127591,-0.169964,0.0700831,0.265812,0.0453258,-0.214673	-0.555508,-0.549094,-0.478303,-0.504529,-0.355285,-0.567756,-0.908345,-0.71059,-0.243219,-0.543437,-0.505108,-0.722402,-0.273597,-0.592998,-0.621967,-0.683347,-0.393217,-0.545128,-0.286007,-0.067014
0.0336144,0.417603,0.136424,0.246987,-0.106028,0.234694,0.331725,0.317973,0.637576,0.440503,0.0541133,0.295466,0.495738,0.501162,0.559505,0.495437,0.493472,0.236017,0.466511,0.628509	0.0443234,0.297166,0.249823,0.341051,-0.0100858,0.260865,0.207826,0.401833,0.645864,0.562069,0.0926613,0.428586,0.500771,0.461001,0.461826,0.624682,0.350079,0.303809,0.543485,0.621938	-0.010725,0.1375,-0.1174,-0.102716,-0.0960447,-0.0278775,0.133074,-0.0961447,-0.014089,-0.161569,-0.0387423,-0.152421,-0.00669422,0.0522278,0.131714,-0.187172,0.173337,-0.073029,-0.103118,0.0107885
0.288822,0.479593,0.321036,0.337714,0.0522722,0.50934,0.291159,0.377116,0.676188,0.531566,0.153219,0.221724,0.677548,0.767118,0.689143,0.681577,0.60169,0.416102,0.617835,0.717714	0.217864,0.36836,0.396902,0.375937,-0.099662,0.380185,0.172496,0.438696,0.65589,0.707585,0.178753,0.333072,0.765355,0.743735,0.624431,0.751258,0.504267,0.459533,0.649859,0.722744	0.0757234,0.1351,-0.0869436,-0.0437809,0.151147,0.16017,0.124938,-0.0737866,0.036474,-0.28214,-0.0262523,-0.120227,-0.182385,0.0544475,0.113593,-0.142802,0.139857,-0.053699,-0.0535074,-0.0104509
-0.649129,-0.380504,-0.335716,-0.506905,-0.53399,-0.278739,-0.793994,-0.763181,-0.143438,-0.602925,-0.691784,-0.843536,-0.372351,-0.72497,-0.554095,-0.716381,-0.626835,-0.249519,-0.284163,-0.327995	-0.129236,0.168659,0.163337,-0.110909,-0.270979,0.16946,0.470836,-0.109457,0.118751,0.123654,-0.239516,-0.303547,-0.120722,-0.203946,0.0770737,-0.194563,-0.0591466,0.325233,-0.0304815,-0.315317	-0.567501,-0.516045,-0.47311,-0.419585,-0.307508,-0.427983,-0.920653,-0.713311,-0.257798,-0.676168,-0.542089,-0.725843,-0.263472,-0.611426,-0.605318,-0.60633,-0.589546,-0.531611,-0.255898,-0.0141408
-0.690318,-0.359034,-0.325721,-0.487857,-0.456835,-0.216418,-0.793994,-0.775381,-0.223338,-0.609388,-0.635877,-0.841054,-0.354732,-0.724843,-0.524913,-0.742531,-0.320751,-0.272788,-0.282242,-0.273347	-0.173567,0.221823,0.145443,-0.0350084,-0.137844,0.244318,0.470836,-0.149322,-0.0271004,-0.0509602,-0.189659,-0.303547,-0.0688954,-0.205453,0.135725,-0.118676,0.136216,0.360151,0.00503337,-0.220711	-0.587094,-0.538009,-0.449853,-0.460717,-0.340429,-0.437598,-0.920653,-0.708037,-0.197433,-0.576325,-0.507412,-0.721776,-0.292997,-0.610273,-0.616702,-0.684142,-0.437837,-0.576319,-0.286868,-0.0560153
0.345452,0.400753,0.281549,0.437021,0.199619,0.325934,0.240931,0.386492,0.642386,0.417587,0.068634,0.188206,0.428556,0.459382,0.511894,0.547024,0.335531,0.291465,0.520242,0.535893	0.268356,0.416006,0.237566,0.372191,-0.0234717,0.175015,0.241083,0.366292,0.61422,0.466931,0.0564241,0.173053,0.511532,0.476129,0.537023,0.488793,0.386659,0.265353,0.472043,0.548544	0.0849735,-0.018305,0.0471357,0.0774238,0.22205,0.160049,-0.00016143,0.0235315,0.0465216,-0.0612956,0.0122574,0.0156637,-0.106273,-0.0214356,-0.0346548,0.0794831,-0.0587499,0.0283007,0.0638884,-0.0179177
-0.677143,-0.541974,-0.351356,-0.281878,-0.370447,-0.231275,-0.745965,-0.706439,-0.101932,-0.568619,-0.533587,-0.828746,-0.248368,-0.648421,-0.452054,-0.664452,-0.661404,-0.4266,-0.264474,-0.299121	-0.176808,0.0339514,-0.00684349,0.238362,-0.164332,0.270454,0.531251,-0.113281,0.151096,0.0642626,0.063635,-0.317738,0.0096021,0.00445142,0.294523,-0.145551,-0.021399,-0.0260786,-0.0624063,-0.276216	-0.568384,-0.56552,-0.345343,-0.487486,-0.219476,-0.472194,-0.914718,-0.644756,-0.249191,-0.610571,-0.577609,-0.693668,-0.257356,-0.650993,-0.658856,-0.574457,-0.649193,-0.405027,-0.205459,-0.0249679
-0.700894,-0.516568,-0.327205,-0.240273,-0.364866,-0.179436,-0.745965,-0.706365,-0.135414,-0.538329,-0.499906,-0.827548,-0.236823,-0.651357,-0.422374,-0.71862,-0.426957,-0.448426,-0.250538,-0.267306	-0.178507,0.0922538,0.00210834,0.331718,-0.132922,0.328317,0.531251,-0.115313,0.0572084,-0.0111318,0.0581494,-0.330284,0.0396315,-0.0140236,0.347563,-0.131425,0.107876,-0.00860682,-0.0180797,-0.192874	-0.597092,-0.581128,-0.329086,-0.529767,-0.243766,-0.479505,-0.914718,-0.643464,-0.191142,-0.530375,-0.542292,-0.684301,-0.273884,-0.643209,-0.671378,-0.648436,-0.511283,-0.441523,-0.233516,-0.0784782
-0.74568,-0.537494,-0.348873,-0.253577,-0.539079,-0.269792,-0.752019,-0.725852,-0.181485,-0.566384,-0.546231,-0.800728,-0.286457,-0.714448,-0.54325,-0.723217,-0.635382,-0.421349,-0.26926,-0.347876	-0.269646,-0.0075879,0.0689393,0.318355,-0.188328,0.354543,0.549758,-0.136244,0.0910899,0.0484313,0.051749,-0.303908,-0.107496,-0.180041,0.0755207,-0.231644,0.0188677,0.0097497,-0.0425768,-0.338103	-0.595839,-0.532077,-0.407999,-0.52921,-0.390383,-0.569829,-0.921007,-0.654315,-0.268142,-0.5984,-0.581542,-0.656603,-0.184646,-0.613295,-0.594385,-0.590499,-0.646499,-0.429335,-0.229312,-0.0110757
-0.772674,-0.53219,-0.325926,-0.200349,-0.521352,-0.238882,-0.752019,-0.730692,-0.232221,-0.561841,-0.519546,-0.789524,-0.311185,-0.709093,-0.505713,-0.733913,-0.336691,-0.448947,-0.257211,-0.328052	-0.294182,0.0270481,0.0758204,0.419219,-0.13633,0.382737,0.549758,-0.148,-0.0228817,-0.0839931,0.0356337,-0.295114,-0.116868,-0.177431,0.180396,-0.116347,0.210586,0.0163262,-0.00110019,-0.276277	-0.619252,-0.551302,-0.392058,-0.571562,-0.414482,-0.569546,-0.921007,-0.653346,-0.210458,-0.501514,-0.545088,-0.644602,-0.20165,-0.60818,-0.628749,-0.675223,-0.511043,-0.461888,-0.256183,-0.056936
0.822903,0.829723,0.883161,0.688646,0.874215,0.897349,1,0.966505,0.951803,0.809021,0.902262,0.916254,0.903958,0.942307,0.870738,0.668292,0.975638,0.830244,0.897988,0.633517	0.942662,0.893137,0.847763,0.734154,0.935337,0.881557,1,0.960405,0.85831,0.68239,0.841375,0.838032,0.920367,0.921891,0.878993,0.911185,0.418146,0.91615,0.950549,0.733482	-0.533968,-0.244897,0.140863,-0.0920421,-0.335257,0.0755813,0.0849973,0.510725,0.282702,0.252793,0.336948,-0.0976544,0.155498,-0.035182,-0.621112,0.941645,-0.358878,-0.358977,-0.186736
0.668196,0.544394,0.516452,0.55714,0.226007,0.647701,0.475686,0.613355,0.74886,0.880666,0.487861,0.720049,0.881351,0.892832,0.649062,0.845592,0.673066,0.721779,0.850627,0.910141	0.605794,0.62873,0.565176,0.53791,0.290193,0.660095,0.529591,0.571668,0.762314,0.799609,0.393976,0.730619,0.866683,0.846936,0.728069,0.847395,0.650049,0.73477,0.85032,0.913552	0.104841,-0.128224,-0.068808,0.0274584,-0.0686908,-0.0216499,-0.0720582,0.0641962,-0.0313512,0.274015,0.116224,-0.0223047,0.0621139,0.188231,-0.149794,-0.00635988,0.0409208,-0.0276604,0.00111117,-0.0202432
0.28014,0.52639,0.233265,0.431099,0.0775747,0.258943,0.327164,0.280144,0.530757,0.524505,0.133538,0.382122,0.587981,0.544339,0.452073,0.501595,0.426092,0.227579,0.495688,0.580408	0.158175,0.434001,0.291827,0.456157,0.164583,0.410687,0.250916,0.366675,0.542971,0.617007,0.0682051,0.544382,0.58261,0.434869,0.470473,0.657246,0.243458,0.324419,0.588402,0.558084	0.12762,0.119745,-0.0628393,-0.0311911,-0.0881336,-0.169801,0.0830667,-0.0964374,-0.017159,-0.136761,0.0659339,-0.204878,0.00816968,0.14342,-0.023371,-0.232201,0.203773,-0.104559,-0.130889,0.033021
0.415666,0.460037,0.287365,0.448037,0.206985,0.5026,0.286249,0.326159,0.596535,0.60603,0.137886,0.229984,0.754308,0.782019,0.602749,0.705134,0.576411,0.428008,0.616331,0.684002	0.222177,0.378299,0.345145,0.397984,0.0234341,0.384076,0.218128,0.395599,0.590016,0.731475,0.0868421,0.401464,0.812526,0.681154,0.674851,0.782015,0.418296,0.484816,0.659873,0.677155	0.213176,0.0989608,-0.0641427,0.0609148,0.184445,0.146877,0.0726581,-0.079727,0.0100586,-0.225335,0.0516622,-0.188923,-0.150393,0.215834,-0.121541,-0.17139,0.208351,-0.0716823,-0.0733887,0.0127559
-0.700309,-0.645621,-0.37171,-0.425886,-0.571809,-0.184602,-0.809218,-0.749798,-0.312686,-0.474181,-0.684534,-0.871242,-0.455478,-0.746858,-0.6735,-0.825586,-0.742413,-0.313769,-0.237914,-0.280971	-0.235135,0.224204,0.0718002,0.0467747,-0.275468,0.343188,0.502066,-0.18449,-0.0670496,0.414614,-0.161841,-0.33758,0.0801101,-0.298184,-0.05856,-0.204926,-0.313929,0.268627,0.0273641,-0.380721	-0.556872,-0.759838,-0.431981,-0.463429,-0.351746,-0.496345,-0.932448,-0.656062,-0.250897,-0.742766,-0.587815,-0.756018,-0.516733,-0.577222,-0.640189,-0.747049,-0.558696,-0.537124,-0.263563,0.111699
-0.719872,-0.617921,-0.350196,-0.356914,-0.565853,-0.151396,-0.809218,-0.764094,-0.370798,-0.538575,-0.59128,-0.871035,-0.439759,-0.741229,-0.622926,-0.833706,-0.436121,-0.347212,-0.230341,-0.26989	-0.263827,0.348852,0.08317,0.135391,-0.224259,0.433998,0.502066,-0.219776,-0.211144,0.224597,-0.121316,-0.33758,0.158477,-0.284194,0.034288,0.0122977,-0.0305135,0.295768,0.0656097,-0.300754	-0.562964,-0.795329,-0.421101,-0.469612,-0.391241,-0.549302,-0.932448,-0.654173,-0.173215,-0.680818,-0.50628,-0.755649,-0.559261,-0.579004,-0.64347,-0.837418,-0.411078,-0.583099,-0.291545,0.0335911
0.0355842,0.43355,0.111638,0.242848,-0.124713,0.22691,0.340947,0.26061,0.647657,0.496465,0.0434445,0.284006,0.547767,0.509768,0.493449,0.507334,0.456875,0.22898,0.459762,0.587615	-0.0289385,0.263249,0.129579,0.281371,-0.0847902,0.361551,0.210437,0.380988,0.645551,0.672376,0.0534289,0.4314,0.558505,0.442134,0.426919,0.662882,0.291261,0.315214,0.55373,0.561605	0.0644563,0.192242,-0.0182038,-0.0413481,-0.0403496,-0.146674,0.140597,-0.133648,0.00362013,-0.264056,-0.0100076,-0.167975,-0.0154703,0.0873129,0.0842859,-0.234366,0.191035,-0.0929429,-0.126061,0.038821
0.288264,0.505465,0.279204,0.347397,0.0512242,0.576776,0.293595,0.318386,0.682231,0.581548,0.121596,0.180715,0.715331,0.783516,0.607566,0.693146,0.585271,0.418169,0.612268,0.68737	0.151876,0.33529,0.292423,0.319878,-0.175287,0.44223,0.175405,0.424223,0.661338,0.793058,0.143259,0.343621,0.792703,0.723389,0.603532,0.769191,0.447984,0.463141,0.656511,0.676794	0.142632,0.204901,-0.014395,0.0309584,0.224496,0.180615,0.124607,-0.122364,0.0380689,-0.392558,-0.0220475,-0.173693,-0.178707,0.138792,0.0063697,-0.162893,0.186074,-0.0557737,-0.0739806,0.0197746
-0.746573,-0.636245,-0.417447,-0.564063,-0.62289,-0.180744,-0.808666,-0.790981,-0.168112,-0.484424,-0.79075,-0.866775,-0.472184,-0.751137,-0.68074,-0.788694,-0.739114,-0.266093,-0.273515,-0.263968	-0.30213,0.226706,-0.0272875,-0.23733,-0.400382,0.274764,0.574065,-0.217896,0.0853367,0.428171,-0.399511,-0.337582,0.0609664,-0.282704,-0.0508008,-0.0829811,-0.253649,0.347214,-0.0111774,-0.369512	-0.573891,-0.75417,-0.394656,-0.377232,-0.296438,-0.433957,-0.944342,-0.692426,-0.249864,-0.755824,-0.571915,-0.748089,-0.518232,-0.594722,-0.652505,-0.755134,-0.597477,-0.561435,-0.263142,0.116951
-0.768631,-0.622752,-0.417228,-0.508608,-0.555408,-0.144634,-0.808666,-0.806835,-0.246101,-0.534016,-0.709439,-0.86656,-0.449662,-0.754986,-0.629401,-0.815044,-0.432521,-0.294668,-0.268757,-0.26431	-0.343804,0.316049,-0.0408715,-0.151337,-0.258519,0.350713,0.574065,-0.263208,-0.080506,0.253354,-0.303228,-0.337582,0.143682,-0.288379,0.0224228,0.0627999,0.0191594,0.387542,0.0234245,-0.298766	-0.577413,-0.784412,-0.382886,-0.387064,-0.346664,-0.471434,-0.944342,-0.690202,-0.168942,-0.693538,-0.517546,-0.747709,-0.557336,-0.596472,-0.642752,-0.835099,-0.447968,-0.612289,-0.290354,0.0374102
0.324242,0.416714,0.216177,0.43281,0.202512,0.437074,0.244712,0.335178,0.643803,0.51124,0.0341091,0.145151,0.491266,0.461196,0.433342,0.583411,0.295335,0.299255,0.522973,0.472448	0.268407,0.429902,0.210357,0.356618,-0.0303609,0.167378,0.25088,0.322173,0.625536,0.545725,0.0456972,0.167828,0.559732,0.470603,0.490636,0.50588,0.33095,0.256805,0.469356,0.489459	0.061157,-0.016066,0.00609753,0.090098,0.23145,0.290984,-0.00657123,0.0145795,0.030583,-0.0478297,-0.0116062,-0.0232431,-0.0944318,-0.012014,-0.0727645,0.109995,-0.0394729,0.0459845,0.0710599,-0.0221289
-0.731323,-0.721873,-0.396681,-0.3164,-0.420683,-0.138369,-0.758422,-0.730473,-0.117408,-0.483569,-0.590423,-0.854831,-0.357973,-0.664805,-0.571479,-0.754652,-0.765808,-0.450275,-0.260318,-0.225626	-0.187931,0.177236,-0.0596076,0.229704,-0.183747,0.261754,0.649621,-0.247896,0.130809,0.297826,0.0441867,-0.383307,0.197303,-0.0201506,0.167204,-0.0860868,-0.207499,-0.0353928,-0.059091,-0.337594	-0.629975,-0.797124,-0.345237,-0.509103,-0.256786,-0.386138,-0.943294,-0.589285,-0.244462,-0.683026,-0.618475,-0.701321,-0.518644,-0.653408,-0.674256,-0.715017,-0.663788,-0.421601,-0.20437,0.1212
-0.742375,-0.706856,-0.386096,-0.23708,-0.428906,-0.113038,-0.758422,-0.733313,-0.140232,-0.502518,-0.532887,-0.859567,-0.338616,-0.671323,-0.515435,-0.808985,-0.540234,-0.478511,-0.243492,-0.255133	-0.187627,0.262706,-0.0501301,0.311456,-0.152658,0.327643,0.649621,-0.25238,0.028385,0.209402,0.0379784,-0.402682,0.236686,-0.0403315,0.225684,-0.0505149,-0.0114618,-0.0178429,-0.0159027,-0.275133	-0.644524,-0.817716,-0.342597,-0.510817,-0.295603,-0.424942,-0.943294,-0.590155,-0.167948,-0.644138,-0.559541,-0.698742,-0.532615,-0.648552,-0.663891,-0.790786,-0.532067,-0.464635,-0.228474,0.0215108
-0.79362,-0.73313,-0.40229,-0.279455,-0.596388,-0.177623,-0.76772,-0.757653,-0.204751,-0.471773,-0.627552,-0.832648,-0.391328,-0.724346,-0.674128,-0.801898,-0.727859,-0.436038,-0.262218,-0.271422	-0.324474,0.118606,-0.039656,0.332811,-0.220722,0.485991,0.657134,-0.292784,0.051908,0.303695,-0.0226325,-0.425832,0.0650421,-0.200659,-0.149318,-0.15332,-0.123633,0.0222386,-0.0346721,-0.381264	-0.631855,-0.783599,-0.368513,-0.560167,-0.432614,-0.610881,-0.947065,-0.597386,-0.25396,-0.678287,-0.613635,-0.630301,-0.445042,-0.612747,-0.58355,-0.739497,-0.663975,-0.453875,-0.229633,0.122521
-0.80179,-0.7395,-0.395999,-0.192472,-0.587364,-0.172,-0.76772,-0.765916,-0.247847,-0.522026,-0.575906,-0.832488,-0.40882,-0.721741,-0.616462,-0.812559,-0.437994,-0.468659,-0.247573,-0.309958	-0.336416,0.183667,-0.03203,0.414792,-0.164299,0.526341,0.657134,-0.30883,-0.0726188,0.155319,-0.0329863,-0.4272,0.0660602,-0.19945,-0.036815,0.0427382,0.129496,0.0296979,0.00536664,-0.338665	-0.637268,-0.812774,-0.368644,-0.562367,-0.468253,-0.640368,-0.947065,-0.598702,-0.17844,-0.626544,-0.553433,-0.628977,-0.462392,-0.610118,-0.593107,-0.826592,-0.53703,-0.491516,-0.252604,0.0320735
0.839297,0.580209,0.841944,0.733742,0.837476,0.908571,1,0.963151,0.965099,0.783004,0.920339,0.876652,0.904522,0.945385,0.870197,0.546494,0.986302,0.82198,0.90579,0.575048	0.919122,0.737347,0.838066,0.727777,0.941703,0.935398,1,0.95751,0.849382,0.78165,0.801356,0.868421,0.909195,0.93111,0.75341,0.896762,0.341406,0.926212,0.949911,0.766647	-0.349214,-0.274629,0.0131732,0.0127996,-0.49316,-0.178703,0.0725389,0.64194,0.00349156,0.4533,0.0344828,-0.0263048,0.119215,0.339118,-0.6869,0.972298,-0.436717,-0.316097,-0.342666
-0.352544,-0.258091,-0.193871,-0.356151,-0.240559,-0.0532574,0.00386549,-0.00155206,0.291672,-0.0592388,-0.143527,-0.318074,-0.252393,-0.101055,-0.016869,0.00580397,0.0725336,-0.0109967,-0.189313,0.0580338	-0.639984,-0.476228,-0.42156,-0.484999,-0.296843,-0.436865,-0.362517,-0.32999,-0.207388,-0.576239,-0.458273,-0.644917,-0.74883,-0.696842,-0.45723,-0.611632,-0.426388,-0.603824,-0.704413,-0.784637	0.371189,0.248705,0.247954,0.155752,0.0606124,0.392745,0.36587,0.328606,0.470594,0.535272,0.336906,0.411192,0.61213,0.640921,0.443784,0.615251,0.483954,0.59679,0.594361,0.805971
-0.186556,0.0368888,-0.0388389,-0.142157,-0.195215,0.119774,0.00645907,0.0121227,0.216981,-0.0622063,-0.0183181,-0.194292,-0.330413,0.017629,-0.10266,-0.0967354,0.0321922,-0.0594852,-0.0358785,0.0847189	-0.50645,-0.33942,-0.297391,-0.354078,-0.373251,-0.272241,-0.388567,-0.259911,-0.214066,-0.440264,-0.358687,-0.685262,-0.518316,-0.372707,-0.181837,-0.414989,-0.296712,-0.515711,-0.559864,-0.696828	0.353271,0.371655,0.261574,0.223153,0.192028,0.379635,0.394037,0.271179,0.411915,0.388703,0.34262,0.566379,0.226733,0.387789,0.0806823,0.331564,0.325792,0.470664,0.534727,0.737981
-0.153255,0.11759,-0.0540393,-0.363454,-0.0722985,-0.0174665,0.0811274,-0.0740927,0.252821,-0.187859,-0.264847,0.0148444,-0.106253,-0.111565,0.196615,0.145368,0.0840701,0.148205,-0.171588,0.156035	-0.708722,-0.501499,-0.549607,-0.716162,-0.457039,-0.521421,-0.430743,-0.667383,-0.659804,-0.821777,-0.59774,-0.744087,-0.8877,-0.887178,-0.686351,-0.829203,-0.689064,-0.603331,-0.887439,-0.94446	0.623151,0.584613,0.510736,0.47682,0.397888,0.508586,0.494587,0.624154,0.782152,0.749647,0.395505,0.75064,0.86283,0.860815,0.77798,0.869734,0.730799,0.689852,0.844437,0.959147
-0.166887,0.0811665,-0.0891876,-0.381949,0.0218681,-0.0107782,0.0811274,-0.0758703,0.209525,-0.145516,-0.243268,0.0148444,-0.0940201,-0.146952,0.164006,0.0547105,0.0552983,0.161994,-0.183923,0.0918757	-0.719919,-0.480192,-0.55678,-0.71695,-0.375538,-0.486981,-0.430743,-0.670731,-0.706509,-0.817958,-0.581018,-0.744087,-0.88966,-0.886611,-0.684441,-0.82798,-0.639572,-0.593965,-0.884251,-0.936847	0.628549,0.5403,0.492025,0.461331,0.394169,0.478716,0.494587,0.626755,0.797918,0.763293,0.393347,0.75064,0.868267,0.850465,0.762819,0.844438,0.671134,0.689606,0.836347,0.947195
-0.0413118,-0.111047,-0.0685003,-0.0592435,0.0215171,-0.152948,-0.02512,0.0115764,0.100761,-0.281188,-0.114869,-0.19146,-0.588361,-0.458874,-0.338851,-0.450025,-0.307082,-0.197834,-0.293674,-0.413917	0.026581,-0.223909,-0.0341012,-0.126687,-0.112265,-0.103802,-0.0646737,0.076692,0.17314,-0.0688381,-0.0924515,-0.35129,-0.161084,-0.0305434,0.0565233,-0.0880402,-0.0996653,0.0268268,-0.148799,-0.275576	-0.0678183,0.115739,-0.0344796,0.0679535,0.13346,-0.049939,0.0396181,-0.0651735,-0.0736651,-0.216542,-0.022658,0.171355,-0.472012,-0.434419,-0.387944,-0.376918,-0.213966,-0.223475,-0.151495,-0.156153
-0.104138,-0.159711,-0.0455679,0.200314,0.111887,0.0782639,-0.00572987,0.0393041,0.220213,0.0278538,0.0236296,0.176748,0.114656,0.0892086,0.196212,0.294201,-0.0966,-0.140825,-0.00318482,0.208927	-0.353381,-0.496849,-0.269587,-0.346762,-0.186827,-0.107245,-0.182948,-0.391922,-0.402968,-0.457885,-0.102304,-0.448794,-0.528042,-0.474251,-0.418985,-0.503684,-0.470672,-0.263992,-0.589631,-0.698336	0.258765,0.366197,0.226805,0.511543,0.292597,0.183965,0.177404,0.424684,0.572388,0.479622,0.12563,0.579569,0.606008,0.540589,0.568463,0.69491,0.39189,0.127923,0.58755,0.791746
-0.0855509,-0.183494,-0.0490503,0.220293,0.103473,0.0625333,-0.00572987,0.0570831,0.239042,0.118414,0.0216454,0.169881,0.0971397,0.058365,0.178579,0.199283,-0.189423,-0.132863,0.00724819,0.138915	-0.351924,-0.477343,-0.262378,-0.310834,-0.167118,-0.0670993,-0.182948,-0.386384,-0.444246,-0.45014,-0.100473,-0.45443,-0.525654,-0.477356,-0.39945,-0.509905,-0.43833,-0.250388,-0.568175,-0.67275	0.274642,0.322058,0.216109,0.497089,0.265991,0.129091,0.177404,0.433897,0.617693,0.539782,0.121853,0.579569,0.592538,0.5212,0.539542,0.643771,0.271444,0.121568,0.573063,0.742294
-0.247878,-0.164317,-0.0395504,0.200424,-0.169374,-0.00783919,-0.00704547,-0.000831533,0.115826,0.0886511,0.00436938,0.11236,0.143091,-0.08154,0.0623611,0.212392,0.00597454,-0.16384,-0.0565626,0.111037	-0.503849,-0.442073,-0.32815,-0.293696,-0.327288,-0.226892,-0.149634,-0.441516,-0.501429,-0.546893,-0.135208,-0.361547,-0.748958,-0.773618,-0.707257,-0.71,-0.570717,-0.44456,-0.702092,-0.77817	0.292502,0.299512,0.292395,0.466651,0.167181,0.219443,0.142739,0.440847,0.583373,0.606156,0.139495,0.455406,0.805702,0.738674,0.737108,0.801524,0.574732,0.302773,0.672225,0.818485
-0.239736,-0.20235,-0.0452205,0.23102,-0.158906,-0.0452521,-0.00704547,0.0116067,0.121124,0.122959,-0.00367886,0.111238,0.0558064,-0.0988033,0.0920472,0.182552,-0.00852905,-0.165875,-0.0461653,0.00182935	-0.506732,-0.43152,-0.319042,-0.229951,-0.294872,-0.210277,-0.149634,-0.439966,-0.546343,-0.554614,-0.137319,-0.362534,-0.773432,-0.769009,-0.691515,-0.690976,-0.501055,-0.440153,-0.682914,-0.769644	0.303916,0.251096,0.27783,0.437718,0.14265,0.16661,0.142739,0.449279,0.626039,0.634316,0.133708,0.455406,0.794927,0.725315,0.736672,0.775684,0.49464,0.295881,0.657477,0.770389
0.973036,0.868821,0.933965,0.76714,0.910981,0.876489,1,0.992971,0.959258,0.937456,0.908316,1,0.897808,0.96029,0.899044,0.919712,0.775353,0.908324,0.929096,0.78055	0.957136,0.943068,0.947146,0.836362,0.945506,0.938927,1,0.979916,0.853514,0.837111,0.909883,1,0.938355,0.967377,0.949697,0.992628,0.945792,0.917978,0.978448,0.927822	0.231538,-0.411013,-0.114219,-0.193147,-0.248988,-0.352678,0.484012,0.583383,0.466185,-0.00902493,-0.257384,-0.0997641,-0.346507,-0.837468,-0.639118,-0.0580903,-0.542767,-0.534002
0.0730671,-0.118686,-0.0399234,0.0524371,0.158503,-0.235807,-0.0280808,0.00204938,-0.049814,-0.251074,-0.0991007,-0.0828855,-0.446247,-0.447593,-0.282356,-0.412969,-0.329471,-0.173158,-0.252505,-0.442195	0.252855,-0.0227987,0.119105,0.144255,0.0681755,-0.0716029,-0.0639701,0.0778138,-0.0406217,-0.0340865,0.00487227,-0.195137,0.014116,0.029666,0.0686317,-0.0883632,-0.153193,0.0321897,-0.0487332,-0.299721	-0.183172,-0.0961471,-0.158276,-0.0925176,0.0913141,-0.167024,0.0359539,-0.0757765,-0.00921097,-0.21886,-0.103923,0.114097,-0.457481,-0.471005,-0.344316,-0.3369,-0.185648,-0.20421,-0.206311,-0.164241
-0.0093753,-0.215473,-0.0124825,0.400137,0.14103,0.0873344,-0.0656885,0.0881841,0.0664884,0.118491,0.192983,0.147124,0.149246,0.119933,0.0687727,0.232522,-0.148008,-0.214231,0.0624529,0.169856	-0.115298,-0.390358,-0.147276,-0.13086,-0.0227438,-0.071514,-0.192804,-0.371446,-0.562389,-0.432955,-0.019262,-0.358575,-0.476144,-0.450306,-0.449683,-0.522686,-0.508126,-0.280541,-0.525554,-0.712465	0.106038,0.190946,0.135041,0.504577,0.16325,0.157862,0.128747,0.445052,0.60621,0.524537,0.211459,0.480358,0.583897,0.541021,0.502903,0.673369,0.389403,0.0705502,0.56932,0.787072
0.0144017,-0.211822,0.00528138,0.428255,0.0807495,0.0675542,-0.0656885,0.106258,0.130164,0.194833,0.176491,0.140892,0.125589,0.1007,0.075146,0.177763,-0.226133,-0.212455,0.0766929,0.115328	-0.113817,-0.36065,-0.137989,-0.0867554,-0.00200515,-0.0304038,-0.192804,-0.366245,-0.589797,-0.43218,-0.0190753,-0.364108,-0.472649,-0.451421,-0.424548,-0.521725,-0.476059,-0.267811,-0.500892,-0.684914	0.128009,0.161138,0.143166,0.496561,0.0827413,0.0977572,0.128747,0.454804,0.66863,0.578317,0.194911,0.480358,0.564717,0.528114,0.484245,0.640121,0.280077,0.0586952,0.556218,0.741658
-0.144788,-0.259667,0.000530115,0.403655,-0.116246,0.00581865,-0.0640103,0.0500915,-0.0693125,0.197184,0.176319,0.100822,0.187424,-0.024825,-0.119419,0.112291,-0.0560938,-0.247589,0.032501,0.062683	-0.388057,-0.48599,-0.302824,-0.171165,-0.195533,-0.309956,-0.155282,-0.43196,-0.62352,-0.523489,-0.11506,-0.316296,-0.697813,-0.777129,-0.708012,-0.713077,-0.585979,-0.456093,-0.664818,-0.791532	0.257752,0.259009,0.303305,0.537672,0.0811306,0.315206,0.0921882,0.471842,0.579241,0.653242,0.285585,0.404227,0.78285,0.767103,0.642955,0.764178,0.547895,0.235046,0.68257,0.813836
-0.13022,-0.271074,0.0208627,0.420133,-0.171229,-0.0413502,-0.0640103,0.0636726,-0.0282039,0.209947,0.152436,0.0997259,0.100954,-0.0235294,-0.0655931,0.144325,-0.0502812,-0.257448,0.0474066,-0.0285094	-0.392161,-0.469247,-0.28992,-0.11498,-0.167368,-0.296401,-0.155282,-0.430284,-0.658687,-0.537176,-0.118547,-0.317292,-0.724838,-0.770599,-0.683883,-0.686666,-0.51372,-0.45452,-0.6438,-0.779749	0.276038,0.227054,0.308914,0.510455,-0.00397526,0.258216,0.0921882,0.480784,0.642417,0.671403,0.266173,0.404227,0.769485,0.760866,0.647328,0.756063,0.475727,0.223188,0.670736,0.768319
0.980361,0.882404,0.951357,0.803385,0.864583,0.874115,1,0.994054,0.951199,0.935536,0.928345,1,0.901243,0.963614,0.902689,0.928286,0.778861,0.899919,0.933082,0.788492	0.959656,0.934432,0.939499,0.863372,0.959022,0.940409,1,0.980301,0.807127,0.847009,0.940251,1,0.94631,0.963734,0.939429,0.976845,0.942234,0.919324,0.976155,0.928892	0.349799,-0.296531,0.111657,-0.195793,-0.552772,-0.372493,0.538767,0.620301,0.426448,-0.0936635,-0.30628,-0.00167522,-0.241732,-0.520971,-0.613881,-0.112369,-0.483051,-0.524709
-0.134885,-0.0147285,0.0134814,0.0123186,-0.235856,-0.082992,-0.00128928,-0.0359817,-0.128445,0.0455616,-0.0181224,-0.037419,-0.0185453,-0.118798,-0.154629,-0.139655,0.0932269,0.00369882,-0.0396868,-0.101208	-0.439734,-0.384966,-0.230907,-0.291875,-0.308883,-0.0970655,-0.119578,-0.433662,-0.610693,-0.400034,-0.04301,-0.291135,-0.498272,-0.521851,-0.560942,-0.605571,-0.333813,-0.257587,-0.558633,-0.702505	0.32407,0.372349,0.24363,0.303104,0.0787646,0.0141878,0.118307,0.403984,0.523296,0.43762,0.0249071,0.25651,0.484201,0.429692,0.444903,0.508959,0.414152,0.261037,0.530713,0.647321
-0.144826,-0.031598,0.0117716,0.0348072,-0.220571,-0.102564,-0.00128928,-0.0406295,-0.147792,-0.00927338,-0.0239813,-0.0321986,-0.0559731,-0.10118,-0.119691,-0.064949,0.16644,-0.00591066,-0.04254,-0.123898	-0.445273,-0.365513,-0.22351,-0.219898,-0.277697,-0.0716098,-0.119578,-0.434951,-0.653178,-0.446983,-0.0481859,-0.291452,-0.517328,-0.50965,-0.523192,-0.56147,-0.213284,-0.254838,-0.540329,-0.672561	0.321158,0.337817,0.234664,0.25277,0.0608532,-0.0311831,0.118307,0.401416,0.559386,0.439532,0.0242326,0.261709,0.475112,0.430679,0.430456,0.515313,0.366707,0.249303,0.5095,0.598539
0.967719,0.906433,0.918961,0.732011,0.914368,0.884952,1,0.983818,0.925545,0.898089,0.927908,0.991206,0.92163,0.967519,0.894596,0.932927,0.845707,0.888559,0.923994,0.796019	0.969304,0.946313,0.926735,0.816623,0.945482,0.936013,1,0.982825,0.818799,0.855112,0.927812,0.984363,0.951205,0.958254,0.939183,0.9522,0.942258,0.903307,0.980905,0.913898	-0.0255607,-0.280386,-0.0523955,-0.210361,-0.229661,-0.29743,0.0300204,0.4408,0.18522,0.000695228,0.2817,-0.239789,0.127137,-0.278997,-0.172591,-0.475328,-0.0747261,-0.607709,-0.432554
0.969592,0.913297,0.932748,0.723897,0.9284,0.898097,1,0.988688,0.942002,0.910408,0.925784,0.968499,0.917957,0.965745,0.884716,0.923379,0.789734,0.905346,0.926456,0.835061	0.963332,0.93684,0.939231,0.832158,0.966758,0.925156,1,0.984027,0.831324,0.830778,0.917883,0.967356,0.915798,0.965991,0.950918,0.991952,0.95534,0.910311,0.979878,0.911085	0.0948959,-0.163054,-0.0523139,-0.272284,-0.374363,-0.159997,0.171952,0.510291,0.326816,0.0525883,0.0180995,0.0135498,-0.00366376,-0.417129,-0.815832,-0.674467,-0.0282336,-0.579505,-0.317839
