APHP	APLP	GH	9604.38	4331.45	5943.32	9948.43	6026.14	2406.19	8338.85	9661.47	-2878.35
APHP	APLP	GL	9497.87	4364.91	6057.41	18648.4	6025.23	2258.45	16956.7	9436.32	-2880.56
APHP	APLP	MADHP	14356.6	4557.7	4014.33	19072.9	6026.03	6950.38	19613.5	16365.5	-2877.61
APHP	APLP	MADLP	14382.1	4576.02	4005.24	17595.4	6027.61	6956.92	18164	16400.1	-2879.39
APHP	APLP	OH	14221.5	4576.82	4067.4	8930.45	6022.83	6788.02	9439.41	16169.6	-2878.05
APHP	APLP	OL	14220.2	4572.31	4035.69	10189.6	6024.14	6789.99	10725.1	16199.4	-2880.76
APHP	APLP	TACHP	9313.99	4084.52	6082.54	14367.8	6026.99	2366.44	12361.1	9246.02	-2882.71
APHP	APLP	TACLP	9494	4184.96	5925.81	19429.6	6024.69	2446.15	17689.6	9573.95	-2881.86
APHP	GH	GL	2993.65	3133.62	13997.2	18648.4	9949.43	2253.7	7784.17	-1052.56	2399.72
APHP	GH	MADHP	10532.9	6006.89	5698.64	19072.9	9948.6	6943.77	19383.7	14778.9	2402.81
APHP	GH	MADLP	10519.5	5986.34	5751.51	17597.6	9948.9	6957.66	17833.8	14713.9	2405.5
APHP	GH	OH	10363.2	5991.42	5890.46	8930.45	9948.43	6790.02	9026.4	14411	2404.78
APHP	GH	OL	10347.3	5972.27	5849.66	10189.6	9948.43	6792.25	10311.2	14435.9	2405.15
APHP	GH	TACHP	5870.55	5914	8315.24	14359.4	9949.1	2366.43	11970.7	7497.95	2403.2
APHP	GH	TACLP	6000.08	5963.96	8255.97	19429	9948.35	2446.68	17138.4	7684.81	2402.92
APHP	GL	MADHP	10474.1	5808.08	5913.45	19072.9	18648.4	6949.07	18974.5	23210.6	2258.95
APHP	GL	MADLP	10459.6	5786.5	6011.48	17598	18648.4	6954.3	17377.7	23098.9	2256.62
APHP	GL	OH	10302.8	5791.1	6169.11	8929.45	18648.4	6791.06	8545.53	22783.8	2260.96
APHP	GL	OL	10322	5807.03	6077.61	10189.6	18648.4	6791.4	9918.96	22895.5	2258.62
APHP	GL	TACHP	5953.06	5856.55	8431.37	14367.3	18648.4	2367.22	11802.3	16174.1	2256.95
APHP	GL	TACLP	6022.47	5846.39	8507.1	19427.8	18648.4	2449.26	16768.9	16170	2259.2
APHP	MADHP	MADLP	2888.58	2881.46	17990.6	17598.6	19072.9	6956.14	2489.42	3982.1	6946.62
APHP	MADHP	OH	4615.82	4770.1	13144.4	8929.7	19072.9	6788.39	553.62	10548.3	6946.4
APHP	MADHP	OL	4340.39	4491.43	13854.8	10189.6	19072.9	6790.55	823.012	9568.55	6946.32
APHP	MADHP	TACHP	6346.67	10916.1	5122.41	14360.9	19072.9	2363.41	20155.6	20298.2	6943.92
APHP	MADHP	TACLP	6269.27	10759.2	5287.05	19427.7	19072.9	2445.68	24901.3	20058.2	6945.97
APHP	MADLP	OH	4612.94	4774.34	13155.8	8930.41	17597	6787.36	555.07	9051.1	6954.9
APHP	MADLP	OL	4275.76	4433.91	14046.3	10189.6	17595.7	6788.7	572.95	7832.15	6954.12
APHP	MADLP	TACHP	6358.52	10935.1	5093.73	14358.9	17599.1	2366.65	20205.6	18860.3	6954.58
APHP	MADLP	TACLP	6276.19	10773.2	5272.39	19427.7	17597.3	2447.18	24928.8	18597	6955.87
APHP	OH	OL	4904.91	4901.67	12638.1	10189.6	8930.45	6791.39	2445.01	1193.39	6789.79
APHP	OH	TACHP	6292.81	10708	5344.66	14364.6	8929.45	2366.13	19737.4	9872.28	6788.48
APHP	OH	TACLP	6232.9	10568.5	5500.1	19427.4	8929.41	2449.18	24496.8	9655.34	6788.17
APHP	OL	TACHP	6329.53	10748	5233.99	14358.3	10189.6	2366.43	19880	11286.9	6790.49
APHP	OL	TACLP	6255.4	10594.3	5399.78	19429	10189.6	2445.85	24623.2	11049	6788.84
APHP	TACHP	TACLP	1847.8	1768.23	16331.1	19427.5	14366.8	2448.01	4863.17	-104.882	2367.41
APLP	GH	GL	3137.8	3358.4	12529.4	16956.7	8337.86	9431.97	7784.17	-1053.56	9659.41
APLP	GH	MADHP	11871.1	5189.85	5424.98	19613.5	8339.85	16364.9	19383.7	14780	9664.59
APLP	GH	MADLP	11873	5157.2	5493.14	18170.8	8339.66	16394.6	17837.1	14714.7	9660.52
APLP	GH	OH	11693.1	5200.03	5608.5	9439.41	8339.05	16172.4	9026.4	14411	9660.69
APLP	GH	OL	11682.1	5158.62	5572.64	10725.1	8338.96	16200.8	10311.2	14435.5	9660.8
APLP	GH	TACHP	6044	6473.6	6876.83	12366.8	8339.85	9242.09	11980.6	7498.03	9661.27
APLP	GH	TACLP	6271.51	6364.38	6915.53	17687.9	8339.85	9574.93	17137.3	7685.89	9662.22
APLP	GL	MADHP	11848.9	4947	5595.74	19613.5	16956.7	16362.9	18974.5	23210.6	9433.39
APLP	GL	MADLP	11856.1	4919.69	5715.44	18167.9	16956.7	16395.7	17379.3	23098.9	9432.87
APLP	GL	OH	11675.2	4961.57	5849	9439.41	16956.7	16171.1	8546.53	22783.8	9432.29
APLP	GL	OL	11715.6	4971.55	5778.75	10725.1	16956.7	16201.4	9918.96	22895.5	9435.31
APLP	GL	TACHP	6159.83	6368.83	6945.63	12358.3	16956.7	9241.27	11799.8	16174.1	9433.62
APLP	GL	TACLP	6329.16	6201.42	7121.28	17688.7	16956.7	9576.04	16768.9	16170	9435.65
APLP	MADHP	MADLP	2827.94	2793.42	18473.3	18165	19613.5	16400.8	2489.91	3982.1	16368.3
APLP	MADHP	OH	4496.93	4685.16	13568.9	9438.41	19613.5	16173.4	552.62	10548.3	16365.4
APLP	MADHP	OL	4240.16	4397.95	14298	10725.1	19613.5	16197.1	823.012	9568.55	16360.5
APLP	MADHP	TACHP	5373.25	12484.1	4692.36	12358.4	19613.5	9244.11	20172.5	20298.2	16369
APLP	MADHP	TACLP	5386.34	12160.5	4947.48	17688	19613.5	9576.45	24901.9	20058.2	16364.9
APLP	MADLP	OH	4489.08	4711.82	13602.7	9438.91	18168.1	16172.8	555.07	9053.48	16397.4
APLP	MADLP	OL	4177.95	4370.26	14519.3	10725.1	18165.1	16200.5	572.95	7833.58	16396.9
APLP	MADLP	TACHP	5369.26	12514.7	4675.25	12355.4	18166.8	9242.62	20216.2	18857.3	16394.8
APLP	MADLP	TACLP	5373.72	12182.4	4940.7	17687.9	18169	9575.62	24930.3	18599.9	16397.6
APLP	OH	OL	4832.9	4802.46	13075.5	10725.1	9439.41	16201.1	2445.01	1193.24	16172.7
APLP	OH	TACHP	5333.95	12256.6	4895.22	12354.8	9439.41	9242.61	19738.9	9873.28	16171.2
APLP	OH	TACLP	5364.91	11950.8	5141.54	17688.1	9439.41	9573.1	24496.2	9656.34	16172.9
APLP	OL	TACHP	5347.23	12300.3	4788.32	12359.3	10725.1	9242.54	19887.8	11286.9	16200.4
APLP	OL	TACLP	5352.82	11969.2	5033.81	17688	10725.1	9572.2	24622.2	11049	16196.8
APLP	TACHP	TACLP	2109.99	1773.25	14595.3	17686.1	12367	9574.26	4861.28	-100.714	9242.36
GH	GL	MADHP	18333.9	2496.17	2909.79	19383.7	7784.17	14779.1	18974.5	23210.6	-1052.9
GH	GL	MADLP	18252.9	2481.38	2941.18	17833.5	7784.17	14712.6	17378.3	23098.9	-1052.65
GH	GL	OH	17993.9	2517.68	2996.64	9026.4	7784.17	14411.9	8546.53	22783.8	-1051.65
GH	GL	OL	18026.5	2525.38	2918.56	10311.2	7784.17	14436.8	9918.96	22895.5	-1052.56
GH	GL	TACHP	11734.7	3175.88	3349.46	11970.1	7784.17	7497.03	11797.6	16174.1	-1053.56
GH	GL	TACLP	11815.2	3067.56	3436.26	17137.6	7784.17	7684.89	16768.4	16170	-1053.9
GH	MADHP	MADLP	2807.8	2874.1	18218	17833.8	19383.7	14714.2	2489.37	3982.1	14779.1
GH	MADHP	OH	4509.32	4870.88	13346.2	9026.4	19383.7	14410.9	553.62	10548.3	14778
GH	MADHP	OL	4205.6	4542.27	14028.3	10311.2	19383.7	14435.8	823.012	9568.55	14778.9
GH	MADHP	TACHP	5424.51	12703.5	4508.5	11981.7	19383.7	7498.03	20167.7	20298.2	14780
GH	MADHP	TACLP	5416.12	12506.3	4742.14	17137.6	19383.7	7684.81	24902.3	20058.2	14778.9
GH	MADLP	OH	4546.09	4841.37	13323.8	9026.4	17831.1	14411	555.07	9048.95	14713.9
GH	MADLP	OL	4176.02	4446.4	14181.4	10311.2	17832.2	14435.8	572.95	7832.29	14713.8
GH	MADLP	TACHP	5490.77	12703.4	4460.82	11975.1	17836.4	7498.03	20211.7	18859.8	14714.9
GH	MADLP	TACLP	5479.19	12503.1	4710.23	17138	17832.4	7685.89	24930.3	18595.9	14714.7
GH	OH	OL	4909.05	4884.16	12743.2	10311.2	9026.13	14435.8	2445.01	1193.39	14410.8
GH	OH	TACHP	5499.05	12416.4	4651.85	11977.1	9027.13	7498.95	19739.1	9873.28	14411.9
GH	OH	TACLP	5499.44	12228	4867.6	17136.5	9026.4	7684.81	24495.2	9656.34	14410.9
GH	OL	TACHP	5512.75	12455	4539.82	11978.1	10311.2	7499.95	19890.9	11286.9	14436.8
GH	OL	TACLP	5511.71	12265.2	4778.69	17137.8	10311.2	7685.89	24622	11049	14436.9
GH	TACHP	TACLP	2002.23	1813.43	14084.3	17139.1	11970.3	7685.89	4864.94	-101.904	7498.03
GL	MADHP	MADLP	2846.22	2958.72	17842.9	17376.4	18974.5	23098.9	2488.94	3982.1	23210.6
GL	MADHP	OH	4543.41	4970.32	12966.6	8546.53	18974.5	22783.8	552.898	10548.3	23210.6
GL	MADHP	OL	4292.08	4608.33	13701.1	9918.96	18974.5	22895.5	823.012	9568.55	23210.6
GL	MADHP	TACHP	5682.77	12721.7	4353.15	11798.2	18974.5	16174.1	20160.1	20298.2	23210.6
GL	MADHP	TACLP	5610.09	12655.3	4522.5	16767.9	18974.5	16170	24901.4	20058.2	23210.6
GL	MADLP	OH	4602.04	4916.46	12919.9	8546.53	17378.3	22783.8	555.07	9051	23098.9
GL	MADLP	OL	4284.52	4488.28	13830.1	9918.96	17374.3	22895.5	572.95	7830.81	23098.9
GL	MADLP	TACHP	5793.11	12719.6	4303.35	11805.7	17377.9	16174.1	20216.2	18856.7	23098.9
GL	MADLP	TACLP	5711.46	12644.2	4482.69	16767.9	17380.3	16170	24928.3	18599.8	23098.9
GL	OH	OL	5030.67	4920	12385.8	9918.96	8545.53	22895.5	2445.01	1192.39	22783.8
GL	OH	TACHP	5812.11	12424.1	4485.95	11797.7	8545.53	16174.1	19740.4	9872.28	22783.8
GL	OH	TACLP	5745.06	12363.4	4634.26	16767.9	8545.53	16170	24495.9	9655.34	22783.8
GL	OL	TACHP	5792.03	12514.7	4425.92	11803.9	9918.96	16174.1	19893.5	11286.9	22895.5
GL	OL	TACLP	5721.41	12450.4	4595.21	16766.3	9918.96	16170	24618.8	11049	22895.5
GL	TACHP	TACLP	1948.65	1954.97	13857.1	16767.4	11810.5	16170	4862.95	-103.529	16174.1
MADHP	MADLP	OH	10660.4	4086.96	4094.11	553.62	2490.14	10548.3	555.07	9050.75	3982.1
MADHP	MADLP	OL	9632.88	4045.31	4294.31	823.012	2488.49	9568.55	572.95	7831.56	3982.1
MADHP	MADLP	TACHP	19094.8	2768.5	2720.86	20168.4	2490.17	20298.2	20219.5	18857.8	3982.1
MADHP	MADLP	TACLP	18867.4	2783.14	2754.45	24900.3	2492.59	20058.2	24928.3	18599.8	3982.1
MADHP	OH	OL	6428.88	7414.7	5787.71	823.012	553.62	9568.55	2445.01	1193.39	10548.3
MADHP	OH	TACHP	14094.3	4341.4	4771.79	20157.6	552.898	20298.2	19735.6	9873.28	10548.3
MADHP	OH	TACLP	13889.7	4378.92	4782.62	24901.9	552.898	20058.2	24496.8	9655.34	10548.3
MADHP	OL	TACHP	14863.1	4124.41	4404.17	20163.1	823.012	20298.2	19888.8	11286.9	9568.55
MADHP	OL	TACLP	14641.2	4144.53	4422.17	24902	823.012	20058.2	24623	11049	9568.55
MADHP	TACHP	TACLP	1419.82	1661.86	21696.9	24903.9	20163	20058.2	4865.28	-109.067	20298.2
MADLP	OH	OL	6321.93	7549.6	5673.62	572.95	555.07	7834.22	2445.01	1193.39	9051.59
MADLP	OH	TACHP	14125.5	4317.87	4795.9	20213.9	554.07	18857.2	19741.6	9872.28	9051.15
MADLP	OH	TACLP	13908.1	4361.39	4793.78	24930.3	555.07	18595.9	24497.2	9655.34	9050.63
MADLP	OL	TACHP	15081.1	4045.74	4373.15	20210.6	572.95	18857.1	19882	11286.9	7831.78
MADLP	OL	TACLP	14857.6	4083.3	4389.62	24929.9	572.95	18595.8	24622.4	11049	7833.76
MADLP	TACHP	TACLP	1406.25	1667.25	21730.9	24928.8	20213.7	18597	4863.36	-108.989	18857.3
OH	OL	TACHP	13545.4	4864.13	4713.51	19739.4	2445.01	9873.28	19885.4	11286.9	1193.39
OH	OL	TACLP	13332.9	4866.95	4740.88	24497	2445.01	9655.34	24622.8	11049	1193.39
OH	TACHP	TACLP	1456.23	1671.58	21302.9	24496.4	19737	9655.34	4863.69	-103.013	9872.28
OL	TACHP	TACLP	1411.96	1651.87	21409.3	24622.8	19881.1	11049	4863.94	-112.661	11286.9
