-0.110892,0.00718555,0.000964198,0.0995216,0.205762,0.148677,0.177895,0.262791,0.187925,0.167128,0.103936,-0.0185944,0.00333585,0.0268134,-0.0167509,0.0072618,0.102848,0.212157,0.0083153,0.117384	-0.522543,-0.37741,-0.427501,-0.313122,-0.0281612,-0.0583437,0.0314061,0.051945,0.141261,0.0762992,-0.0941381,-0.250868,-0.310115,-0.341821,-0.303838,-0.390184,-0.292142,-0.183608,-0.231764,-0.336265	0.436972,0.383555,0.428289,0.400173,0.232575,0.20524,0.147312,0.213764,0.0479368,0.0920018,0.196155,0.233362,0.313127,0.365286,0.288556,0.396323,0.383469,0.380927,0.239617,0.436423
-0.0473465,0.0436205,0.0179852,0.0820851,0.23978,0.199726,0.174925,0.311421,0.19116,0.153851,0.098614,-0.026694,0.00396954,-0.00218618,0.0260865,0.0251583,0.106793,0.223759,-0.00576804,0.122106	-0.642714,-0.206587,-0.42482,-0.331751,0.025128,0.0143589,0.0482185,0.100155,0.190243,0.0504834,-0.0524615,-0.305578,-0.298597,-0.362543,-0.257053,-0.387028,-0.311035,-0.159622,-0.223118,-0.356063	0.614053,0.247973,0.439448,0.402866,0.215953,0.185901,0.127784,0.218068,0.000951954,0.104176,0.150298,0.281177,0.302209,0.360643,0.281253,0.408212,0.404395,0.37016,0.21763,0.458246
-0.241023,-0.275787,-0.0300834,-0.0406327,0.0328338,0.0142025,-0.0207347,-0.0140447,-0.0244814,-0.0267457,-0.0432215,-0.113758,-0.0501009,-0.106042,-0.0513086,-0.0337317,0.0151254,-0.0630787,-0.0539259,0.0157174	-0.796648,-0.823109,-0.622083,-0.584779,-0.430708,-0.360633,-0.289979,-0.385937,-0.453898,-0.40823,-0.506004,-0.524962,-0.540624,-0.619222,-0.546336,-0.541043,-0.437413,-0.530847,-0.386687,-0.535615	0.687664,0.708052,0.60329,0.55739,0.457078,0.372925,0.270873,0.37392,0.434242,0.385695,0.47313,0.437321,0.504179,0.549245,0.509304,0.516742,0.449564,0.483974,0.339848,0.546729
-0.255756,-0.285291,-0.0316581,-0.0432257,0.0291368,0.00994769,-0.0235172,-0.00860961,-0.0222675,-0.020586,-0.0408488,-0.108343,-0.0754846,-0.111521,-0.0627338,-0.0366456,0.000523669,-0.0647007,-0.0306598,0.0113265	-0.798961,-0.820073,-0.621174,-0.580548,-0.442312,-0.358641,-0.302052,-0.383316,-0.443152,-0.402283,-0.503669,-0.523087,-0.549797,-0.631708,-0.556478,-0.528282,-0.460082,-0.52811,-0.348814,-0.533074	0.682709,0.698112,0.601342,0.551153,0.46545,0.367278,0.280528,0.375947,0.425079,0.384884,0.472543,0.439661,0.49485,0.559611,0.511604,0.501342,0.460495,0.479804,0.321594,0.541133
-0.241055,-0.275195,-0.056965,-0.0348435,0.0254955,0.0273078,-0.0080046,0.00769939,-0.0176432,-0.013586,-0.0306666,-0.0849175,-0.0546736,-0.0761579,-0.0420796,-0.0307741,0.010802,-0.0490121,-0.0512901,0.0161779	-0.791803,-0.823648,-0.636981,-0.573632,-0.405596,-0.362866,-0.271789,-0.356991,-0.434197,-0.377548,-0.479848,-0.499029,-0.552786,-0.611502,-0.542266,-0.534864,-0.474069,-0.520495,-0.385175,-0.530922	0.680665,0.709204,0.601854,0.549777,0.426679,0.386345,0.26436,0.363691,0.41977,0.365838,0.45589,0.432437,0.513636,0.561493,0.511866,0.512526,0.482401,0.483825,0.340614,0.542441
-0.224136,-0.275475,-0.0657958,-0.0444324,0.0122978,0.0283003,-0.0205444,-0.012037,-0.0243355,-0.0253631,-0.0288764,-0.115073,-0.070023,-0.0738258,-0.052388,-0.01921,0.00332332,-0.0577392,-0.033011,0.0115221	-0.790424,-0.829988,-0.656655,-0.572589,-0.444534,-0.365059,-0.289794,-0.387162,-0.440841,-0.396835,-0.483339,-0.529215,-0.560821,-0.60117,-0.543945,-0.525049,-0.46741,-0.524757,-0.357251,-0.531871	0.688213,0.718878,0.61754,0.541945,0.454348,0.389337,0.270862,0.376881,0.421022,0.375248,0.460895,0.440999,0.51086,0.551835,0.505976,0.510993,0.470003,0.48161,0.32811,0.540083
-0.11227,-0.0484417,0.0495751,0.0906735,0.0660987,0.0847547,0.0204777,0.066754,0.0545498,0.0402585,0.0430268,0.0299676,0.0705381,0.108906,0.045571,-0.0284723,0.0386054,0.100996,-0.021064,0.0720157	-0.212899,-0.454506,-0.522423,-0.347273,-0.203282,-0.141504,-0.125965,-0.118233,-0.143814,-0.235991,-0.236502,-0.277455,-0.2652,-0.345753,-0.326743,-0.464459,-0.3753,-0.31829,-0.262669,-0.336802	0.103094,0.415206,0.557558,0.424577,0.265809,0.223578,0.146066,0.183539,0.19682,0.27365,0.276713,0.304887,0.329573,0.43816,0.366851,0.44183,0.407994,0.406227,0.242949,0.399137
-0.116471,-0.0549846,0.0492848,0.0917729,0.0594698,0.0961136,0.0266213,0.0529195,0.0622633,0.0401104,0.0296583,0.0195567,0.063807,0.114003,0.0403696,-0.0265439,0.0449777,0.0915479,-0.032119,0.0764211	-0.204343,-0.461931,-0.491947,-0.348889,-0.222198,-0.107941,-0.130716,-0.145007,-0.162831,-0.249119,-0.236948,-0.329523,-0.270241,-0.360848,-0.316485,-0.47994,-0.361363,-0.336528,-0.280629,-0.338866	0.0900148,0.417551,0.52842,0.42699,0.277995,0.201959,0.156792,0.196419,0.222836,0.286368,0.264746,0.346844,0.328385,0.456089,0.352353,0.459246,0.399842,0.415282,0.25077,0.404804
0.534965,0.299968,0.624493,0.668394,0.409257,0.462064,0.286473,0.549247,0.400447,0.410456,0.575684,0.409794,0.551026,0.613188,0.458633,0.531151,0.491569,0.591878,0.369148,0.656931	0.118215,0.581253,0.608328,0.642976,0.437671,0.493909,0.311354,0.556629,0.45193,0.396998,0.641501,0.328701,0.569916,0.611634,0.484724,0.529097,0.482704,0.610644,0.401356,0.608599	0.444885,-0.340685,0.0260678,0.0445738,-0.0346136,-0.041261,-0.0273174,-0.0106327,-0.0628581,0.0160782,-0.104356,0.0937158,-0.0275379,0.00248728,-0.0335497,0.00285756,0.0116224,-0.0293876,-0.0378095,0.0805276
0.219082,-0.195473,-0.0961066,-0.0625938,0.0723368,-0.0382334,-0.0281497,-0.0349981,0.0150676,-0.000667725,-0.0678515,-0.00525568,-0.0741572,-0.0230616,0.0115859,-0.0556133,-0.0113278,-0.080802,-0.0145635,0.050682	-0.410732,-0.698532,-0.355935,-0.320747,-0.247047,-0.246277,-0.184833,-0.261265,-0.398499,-0.320333,-0.396462,-0.289537,-0.34372,-0.329811,-0.301545,-0.244439,-0.144572,-0.29926,-0.156632,-0.196273	0.577819,0.582611,0.269031,0.263443,0.313776,0.210021,0.157503,0.228355,0.411098,0.319733,0.337695,0.284714,0.276613,0.309101,0.312041,0.191428,0.133463,0.223872,0.142394,0.244522
0.231963,-0.201573,-0.078089,-0.0557245,0.0398179,-0.0277723,-0.0325154,-0.0296845,0.0192119,-0.00967636,-0.0775028,-0.0101761,-0.0745744,-0.055526,0.0171002,-0.050755,0.00233243,-0.085034,-0.0151317,0.0412385	-0.398362,-0.69136,-0.341376,-0.309688,-0.281751,-0.230238,-0.200404,-0.256793,-0.385757,-0.324197,-0.401262,-0.296473,-0.339882,-0.369814,-0.30659,-0.222396,-0.146966,-0.296113,-0.128152,-0.192946	0.577006,0.569096,0.270498,0.258423,0.318001,0.203769,0.16899,0.228853,0.401989,0.31551,0.334151,0.287164,0.272207,0.320877,0.322002,0.173601,0.149248,0.216531,0.11324,0.232336
0.193194,-0.150584,-0.0458283,-0.0457171,0.0467821,0.0377898,-0.018628,0.0106406,0.0295242,0.0126558,-0.00588272,-0.00377696,-0.0641214,-0.0142983,0.00749095,-0.0185515,0.00856433,-0.0231015,0.00697303,0.0432348	-0.40499,-0.678781,-0.32655,-0.298101,-0.22976,-0.199974,-0.168688,-0.208433,-0.372831,-0.288335,-0.330679,-0.27364,-0.348331,-0.331682,-0.309836,-0.215344,-0.177327,-0.248167,-0.140177,-0.191287	0.554778,0.588332,0.284987,0.255871,0.273601,0.23598,0.150533,0.218588,0.397975,0.299896,0.325429,0.270142,0.290702,0.318896,0.316592,0.197582,0.18561,0.226364,0.147007,0.232598
0.195914,-0.152574,-0.0164175,-0.0731229,0.0272446,-0.00204708,-0.0431988,-0.0323129,0.0283047,0.0159391,-0.0343135,-0.00470835,-0.0595162,-0.0376761,0.00931322,-0.032103,-0.00541377,-0.0626127,-0.01068,0.0451231	-0.414832,-0.69363,-0.333768,-0.312808,-0.28055,-0.234105,-0.201801,-0.264546,-0.376236,-0.299436,-0.356594,-0.291852,-0.347869,-0.334558,-0.302689,-0.22041,-0.164301,-0.27983,-0.135799,-0.190127	0.56484,0.605093,0.319099,0.245295,0.30546,0.232169,0.159997,0.234235,0.400278,0.313877,0.326272,0.287539,0.294449,0.300672,0.311125,0.189649,0.159029,0.221091,0.1253,0.233249
-0.348247,0.150466,0.202944,0.0673816,0.0416031,0.0402488,-0.0207749,0.0369031,0.0857328,0.0267947,0.0995809,0.0744995,0.202002,0.128596,0.104592,0.0615324,0.0261276,0.19358,0.100383,0.10703	0.0971269,0.0554369,-0.0248909,0.0325812,-0.0229052,0.015826,-0.0388661,0.0403114,-0.0765234,-0.170272,-0.00437912,-0.00242329,0.193988,0.0556787,0.0149444,-0.0239981,-0.033474,0.119833,0.0913285,0.152011	-0.430802,0.0958283,0.22669,0.034877,0.0644469,0.0244383,0.0181057,-0.00341339,0.161199,0.196172,0.103915,0.0769089,0.00834136,0.0734432,0.0897884,0.0854044,0.0595495,0.0754978,0.0091382,-0.045725
-0.355306,0.228101,0.115838,0.0630446,0.0237706,0.0227658,-0.0265383,0.0321326,0.100432,0.00836134,0.0713017,0.0826999,0.226518,0.0917732,0.118748,0.0784909,0.0376428,0.186679,0.115278,0.123	0.110097,0.12173,-0.0462146,0.0190007,-0.0593671,0.02526,-0.0567173,0.0159008,-0.090912,-0.197216,-0.0202697,-0.0540491,0.218863,-0.00360413,0.0542985,-0.0314868,-0.0112039,0.0931086,0.0907081,0.160106	-0.447882,0.109409,0.161189,0.0440968,0.0830205,-0.00249562,0.0302245,0.0162401,0.189613,0.205239,0.0914393,0.136141,0.00805481,0.0953458,0.0648673,0.109707,0.0488261,0.0952259,0.02483,-0.0378517
0.302328,-0.135821,-0.152558,-0.0918004,-0.0480335,-0.00270265,0.010744,-0.0651235,-0.0281953,-0.00745032,-0.0567625,0.0158865,-0.104042,-0.0187332,0.0611482,-0.0509274,-0.0937199,-0.053788,-0.00380812,-0.00786696	-0.0996052,-0.73297,-0.389518,-0.326975,-0.344296,-0.235672,-0.1703,-0.290063,-0.44924,-0.32673,-0.421178,-0.219856,-0.37478,-0.326404,-0.277356,-0.242929,-0.215171,-0.288523,-0.167133,-0.21594	0.390184,0.66317,0.25193,0.242452,0.301245,0.233118,0.180713,0.229271,0.426446,0.320058,0.373341,0.234922,0.281723,0.309563,0.332859,0.194406,0.123951,0.238435,0.163429,0.208427
0.290772,-0.166645,-0.124257,-0.0566369,-0.0354981,0.0272741,-0.013969,-0.066043,-0.029539,-0.00472496,-0.0584136,-0.00621087,-0.100685,-0.0523266,0.0279557,-0.0634859,-0.046728,-0.0702668,0.00306135,0.0107707	-0.108152,-0.738451,-0.366998,-0.294663,-0.348858,-0.202449,-0.203191,-0.290241,-0.441652,-0.32239,-0.42004,-0.238684,-0.36789,-0.365019,-0.310847,-0.234729,-0.187289,-0.293644,-0.133717,-0.189536	0.386761,0.652047,0.254339,0.242066,0.317289,0.228461,0.18976,0.22858,0.41756,0.31815,0.370722,0.232818,0.277484,0.318781,0.335884,0.173833,0.141802,0.228083,0.136723,0.199898
0.231151,-0.120204,-0.0635621,-0.0504188,0.0117681,0.0625324,-0.0252185,-0.00438397,0.00704937,0.0177858,0.0185233,-0.0218525,-0.0980061,0.00265042,0.0317196,-0.0240546,-0.0457764,-0.0150507,-0.00143397,0.0375489	-0.126157,-0.727274,-0.330802,-0.285717,-0.271168,-0.198323,-0.192833,-0.225255,-0.410585,-0.284052,-0.348657,-0.233808,-0.382061,-0.316889,-0.304863,-0.221334,-0.222046,-0.250999,-0.168298,-0.166962	0.347183,0.665225,0.27298,0.238737,0.282036,0.25766,0.168434,0.22109,0.416429,0.300321,0.364824,0.213044,0.295105,0.319272,0.333359,0.198336,0.178079,0.236843,0.166904,0.203237
0.248373,-0.138597,-0.0143082,-0.0853988,0.0303317,0.000334149,-0.0362046,-0.0678375,-0.0140644,-0.00056714,-0.0209786,-0.0126308,-0.0954256,-0.0238087,0.0302151,-0.0286921,-0.0281952,-0.0522397,0.00321596,0.0280014	-0.125228,-0.743189,-0.322293,-0.307065,-0.296347,-0.248492,-0.213069,-0.297137,-0.427432,-0.308887,-0.381028,-0.244389,-0.382102,-0.322503,-0.298867,-0.21971,-0.181843,-0.279585,-0.145013,-0.175073	0.362332,0.674019,0.309412,0.227636,0.323768,0.248806,0.17824,0.234016,0.415867,0.308374,0.36295,0.232476,0.297525,0.301006,0.326137,0.19223,0.15444,0.230715,0.14816,0.202083
-0.577277,0.250009,0.256644,0.0675616,0.0087004,0.0611993,0.0160563,0.0903675,0.277972,0.143095,0.200937,0.0217529,0.251755,0.16176,0.166694,0.0419947,0.0213235,0.201605,0.248894,0.109812	0.0855158,-0.0877617,0.033261,0.0520633,-0.0756942,0.00985827,-0.0225207,0.0879542,0.0525513,-0.067124,0.0379977,0.0149269,0.227623,0.0868023,0.0524058,-0.0428737,-0.0333831,0.112294,0.208899,0.194156	-0.631612,0.330518,0.225306,0.015553,0.084339,0.051372,0.0385631,0.00243262,0.228763,0.208219,0.164193,0.00682825,0.0255986,0.0760249,0.115295,0.0847159,0.0546677,0.0913803,0.0421886,-0.0861815
-0.595487,0.340674,0.139555,0.0578031,-0.0241176,0.0309664,0.0553343,0.0712939,0.281831,0.179833,0.152313,0.0523492,0.28755,0.084661,0.15312,0.0618809,-0.00661846,0.185278,0.27914,0.130594	0.077904,-0.0192624,-0.0144164,0.0328157,-0.124529,0.00666846,0.00325455,0.0491879,0.0269923,-0.0525461,0.00592977,-0.0137631,0.263581,-0.0113003,0.0670928,-0.0481441,-0.0490035,0.0774359,0.222032,0.207145	-0.643537,0.35759,0.153663,0.0250349,0.100714,0.0243029,0.0520892,0.0221838,0.256792,0.230204,0.146515,0.0660646,0.0259344,0.0958696,0.08692,0.109698,0.0423988,0.109411,0.0608806,-0.0786793
0.778333,0.568077,0.665859,0.555608,0.581372,0.556259,0.555646,0.652513,0.64444,0.656625,0.692103,0.782933,0.700638,0.638197,0.440133,0.557608,0.784743,0.710818,0.462317,0.656996	0.772107,0.61939,0.664612,0.564891,0.56457,0.570129,0.537575,0.656015,0.672863,0.667777,0.692723,0.786902,0.7086,0.61046,0.423702,0.578945,0.77015,0.720587,0.504916,0.669668	0.0156018,-0.0791706,0.00223619,-0.0135292,0.0250117,-0.0203116,0.0257679,-0.00612357,-0.0501852,-0.0198595,-0.00119074,-0.0103396,-0.0158113,0.0454411,0.0201984,-0.0315091,0.0368852,-0.0200274,-0.0555708,-0.0226265
0.685843,0.535326,0.446006,0.377046,0.179129,0.26634,0.196767,0.300295,0.27508,0.337383,0.300857,0.445441,0.453112,0.385846,0.290091,0.311817,0.33219,0.335488,0.263652,0.216791	0.723056,0.524248,0.420291,0.390672,0.222805,0.23918,0.201569,0.322271,0.304971,0.380641,0.33342,0.462872,0.434354,0.374428,0.280337,0.304739,0.267855,0.342711,0.259078,0.23188	-0.0738223,0.0154,0.0316474,-0.0159788,-0.0454913,0.0290081,-0.00500051,-0.0243308,-0.0326287,-0.0496318,-0.0361934,-0.0219587,0.0233548,0.0133456,0.0106173,0.00782166,0.0706191,-0.00816042,0.00490982,-0.0158873
0.651206,0.498914,0.416066,0.391224,0.156245,0.369503,0.259861,0.408944,0.420911,0.416816,0.433334,0.48342,0.503462,0.442363,0.414218,0.406175,0.513542,0.498344,0.283781,0.423738	0.683165,0.454277,0.335852,0.415308,0.149989,0.342616,0.245832,0.397826,0.451006,0.441984,0.450809,0.476662,0.477362,0.456286,0.412702,0.407128,0.485544,0.504826,0.305709,0.437311	-0.0575714,0.0577188,0.0932436,-0.0287559,0.00640591,0.030784,0.0149867,0.013278,-0.0371473,-0.030852,-0.0217186,0.00878128,0.0343563,-0.0174438,0.00182912,-0.00114161,0.0372981,-0.00866149,-0.0240111,-0.0166596
-0.772341,-0.612347,-0.220301,-0.293597,-0.19959,-0.211027,-0.16003,-0.330734,-0.291649,-0.241387,-0.325873,-0.274202,-0.378387,-0.340915,-0.289641,-0.269047,-0.0481291,-0.27617,-0.203661,-0.252762	-0.176246,-0.062684,-0.14243,-0.0551783,0.0599441,-0.0198906,-0.0253858,-0.120454,0.021383,-0.0918403,-0.0658339,-0.0640752,-0.130173,-0.0956873,-0.0538856,-0.160834,0.0329802,-0.113792,-0.0769243,0.0118499	-0.690022,-0.571603,-0.080394,-0.242345,-0.256466,-0.191942,-0.135193,-0.219005,-0.311092,-0.152937,-0.26574,-0.213885,-0.261073,-0.253497,-0.239494,-0.113108,-0.0809808,-0.167647,-0.128754,-0.263821
-0.778528,-0.62264,-0.319795,-0.255833,-0.142513,-0.224457,-0.140322,-0.33945,-0.246539,-0.255557,-0.330279,-0.241848,-0.374074,-0.322683,-0.334897,-0.233806,-0.0528823,-0.241532,-0.180083,-0.23291	-0.173839,-0.0841665,-0.192196,-0.0212609,0.104023,-0.0127504,-0.0165785,-0.15103,0.0459892,-0.12031,-0.0645083,-0.0754414,-0.124097,-0.0926604,-0.0808374,-0.141755,0.0382383,-0.090685,-0.0638109,0.0296068	-0.699336,-0.568253,-0.135956,-0.235855,-0.242935,-0.212314,-0.124032,-0.198602,-0.289249,-0.139538,-0.271556,-0.169499,-0.262147,-0.237112,-0.261129,-0.0952064,-0.0909367,-0.154225,-0.117624,-0.260719
0.671534,0.497875,0.429709,0.35546,0.117116,0.270153,0.197457,0.284817,0.299349,0.329467,0.313599,0.456013,0.455047,0.378276,0.246853,0.303553,0.321183,0.345251,0.221087,0.233226	0.714483,0.436777,0.405596,0.359841,0.174386,0.230103,0.218274,0.303715,0.30168,0.362219,0.345671,0.469671,0.428515,0.394283,0.252861,0.276462,0.269985,0.343368,0.179262,0.236769	-0.0825629,0.0780767,0.0292026,-0.00502302,-0.0584649,0.042705,-0.0217548,-0.0206868,-0.00256231,-0.0371907,-0.0359708,-0.0173811,0.0329594,-0.0188131,-0.00640832,0.0295719,0.056059,0.00213653,0.0435516,-0.00374946
0.622905,0.49305,0.427693,0.430039,0.135337,0.329124,0.257893,0.425928,0.445919,0.393786,0.413396,0.484566,0.485182,0.453304,0.369529,0.485571,0.511112,0.533538,0.305511,0.392479	0.660991,0.397132,0.34935,0.444844,0.143645,0.289442,0.259849,0.411253,0.447836,0.408169,0.430196,0.473695,0.451559,0.495456,0.384057,0.4659,0.497732,0.530629,0.288584,0.39387	-0.0647427,0.119272,0.0921054,-0.0183068,-0.0084721,0.0438609,-0.00209675,0.0177913,-0.002395,-0.0171373,-0.0204339,0.014109,0.043057,-0.0543619,-0.0169311,0.0254218,0.0179459,0.00405772,0.0185635,-0.0016457
-0.781699,-0.609085,-0.183671,-0.281103,-0.243772,-0.211618,-0.192734,-0.317165,-0.277883,-0.214941,-0.327714,-0.277407,-0.341955,-0.354134,-0.29563,-0.269892,-0.0975606,-0.285463,-0.153111,-0.265205	-0.21004,-0.0881763,-0.102637,-0.0482055,0.0175712,-0.0302233,-0.048876,-0.103857,0.0235287,-0.0690175,-0.0701333,-0.0681061,-0.0864821,-0.0931364,-0.0467948,-0.179201,-0.00470513,-0.132015,-0.0519716,-0.0127489	-0.683956,-0.550473,-0.0825907,-0.236097,-0.260228,-0.182563,-0.145226,-0.220573,-0.299454,-0.148121,-0.26364,-0.213331,-0.263258,-0.2699,-0.252326,-0.0953,-0.0928981,-0.159457,-0.101951,-0.253312
-0.784628,-0.620992,-0.287694,-0.252593,-0.202062,-0.229748,-0.164642,-0.319274,-0.235349,-0.235341,-0.331005,-0.23372,-0.326994,-0.336507,-0.320998,-0.254225,-0.109858,-0.255542,-0.13505,-0.241861	-0.200694,-0.11123,-0.153106,-0.0263521,0.043871,-0.0295234,-0.0297989,-0.126143,0.0443471,-0.104891,-0.0680504,-0.0674062,-0.0657869,-0.0892265,-0.0465796,-0.181489,-0.00756645,-0.113942,-0.0460518,0.00909547	-0.693072,-0.547585,-0.140789,-0.227756,-0.243772,-0.201592,-0.135507,-0.201236,-0.276807,-0.133752,-0.269014,-0.168976,-0.26695,-0.254935,-0.278584,-0.0762542,-0.102377,-0.145847,-0.0895556,-0.250406
0.599212,0.489735,0.369306,0.321885,0.258993,0.232293,0.219286,0.290244,0.277572,0.328376,0.332498,0.392491,0.365814,0.365738,0.280245,0.272635,0.239047,0.330326,0.195342,0.219167	0.593883,0.457244,0.315834,0.331829,0.20859,0.233627,0.200866,0.258104,0.27711,0.310244,0.317144,0.368678,0.358756,0.39088,0.288407,0.280358,0.277381,0.329396,0.220609,0.216981	0.00827325,0.0418657,0.0605329,-0.011134,0.0532812,-0.00141009,0.0192689,0.0347424,0.000500018,0.020189,0.0171638,0.0278414,0.00812412,-0.0293367,-0.00888026,-0.00836152,-0.0410569,0.00104366,-0.0264057,0.0022955
-0.749835,-0.61904,-0.177435,-0.266466,-0.165556,-0.219188,-0.145836,-0.268484,-0.286517,-0.152393,-0.269142,-0.258522,-0.354296,-0.334427,-0.277335,-0.220314,-0.164898,-0.244932,-0.155839,-0.250062	-0.129032,-0.0843307,-0.0784278,-0.0356914,0.0558984,-0.00851619,-0.0152071,-0.0616161,-0.000691346,-0.0250611,-0.0225236,-0.0606247,-0.0830818,-0.077593,-0.0307993,-0.103347,-0.0355895,-0.0810375,-0.0191715,0.00743599	-0.687301,-0.564161,-0.100404,-0.23299,-0.219424,-0.211066,-0.13092,-0.210348,-0.285882,-0.12782,-0.248122,-0.201048,-0.27944,-0.263676,-0.24866,-0.119693,-0.130072,-0.167214,-0.137077,-0.25702
-0.752683,-0.61863,-0.272615,-0.243833,-0.131335,-0.238993,-0.131191,-0.272144,-0.248691,-0.16434,-0.268303,-0.238906,-0.352349,-0.315911,-0.290642,-0.205593,-0.162837,-0.211929,-0.14326,-0.231507	-0.115969,-0.0819137,-0.120973,-0.0180952,0.0714225,-0.00835611,-0.0124518,-0.0854079,0.0154296,-0.0529295,-0.0137976,-0.088621,-0.0788611,-0.0734755,-0.0145937,-0.108526,-0.0232248,-0.0600534,-0.0194905,0.0245336	-0.697607,-0.565365,-0.156813,-0.226738,-0.200873,-0.231098,-0.118934,-0.19118,-0.263111,-0.112388,-0.255451,-0.153536,-0.281304,-0.248196,-0.277225,-0.0992822,-0.140142,-0.153834,-0.124116,-0.254595
-0.759038,-0.634905,-0.193933,-0.269754,-0.217731,-0.223659,-0.14469,-0.316464,-0.300849,-0.191081,-0.296445,-0.27771,-0.363219,-0.319848,-0.279379,-0.239416,-0.131194,-0.277569,-0.148038,-0.247137	-0.13637,-0.0896567,-0.0560457,-0.0484701,0.0415581,-0.0132379,0.00153073,-0.0957317,-0.0140236,-0.0535081,-0.0484336,-0.0626446,-0.09268,-0.0787423,-0.0404398,-0.131673,-0.0283343,-0.119616,-0.0327411,0.0117647	-0.694563,-0.578159,-0.139403,-0.224216,-0.256964,-0.211046,-0.146189,-0.227628,-0.288041,-0.138994,-0.251624,-0.218873,-0.279964,-0.247335,-0.241669,-0.111249,-0.103243,-0.163378,-0.115859,-0.258151
-0.759572,-0.640971,-0.32858,-0.252471,-0.167612,-0.240441,-0.129132,-0.316651,-0.260208,-0.212627,-0.295767,-0.244309,-0.364228,-0.303572,-0.307636,-0.224411,-0.137127,-0.247492,-0.127498,-0.231225	-0.115786,-0.101661,-0.147467,-0.0372166,0.076092,-0.00930389,0.0056201,-0.115199,0.00689543,-0.0920583,-0.0405438,-0.0738363,-0.0929933,-0.0788441,-0.0441962,-0.13535,-0.0248239,-0.10112,-0.0244558,0.0254556	-0.705865,-0.576901,-0.190336,-0.217296,-0.240635,-0.231656,-0.134654,-0.209078,-0.266625,-0.122976,-0.25832,-0.173604,-0.280744,-0.230239,-0.267071,-0.0918509,-0.112687,-0.150129,-0.103365,-0.255178
0.789326,0.804517,0.654702,0.764472,0.752059,0.754219,0.756665,0.813611,0.785623,0.749702,0.811776,0.779349,0.813161,0.818405,0.589765,0.707064,0.739537,0.724126,0.779732,0.746652	0.812584,0.7945,0.742961,0.752089,0.724083,0.789156,0.739999,0.787343,0.743571,0.730725,0.824528,0.702569,0.813735,0.785938,0.625464,0.676583,0.753401,0.69708,0.7595,0.736422	-0.0648549,0.0277618,-0.17185,0.0291346,0.0614273,-0.0863043,0.0378721,0.0730867,0.101127,0.0419677,-0.0385669,0.169696,-0.0016964,0.0909987,-0.0565651,0.0584359,-0.0313076,0.0546126,0.0496125,0.0227257
0.530392,0.27253,0.612179,0.644337,0.243883,0.330857,0.146935,0.348895,0.260374,0.322952,0.535962,0.425609,0.54837,0.624839,0.433415,0.523741,0.446233,0.501486,0.379031,0.624994	0.162627,0.594686,0.610305,0.601968,0.3194,0.432533,0.166646,0.428969,0.326334,0.286096,0.60107,0.33729,0.567909,0.596899,0.501657,0.537594,0.434271,0.540523,0.396831,0.577866	0.402481,-0.384466,0.00299253,0.0692154,-0.0818964,-0.118657,-0.0202055,-0.0941684,-0.0720847,0.0406081,-0.0960508,0.103122,-0.0283771,0.0445584,-0.0872024,-0.0192825,0.0148384,-0.0535535,-0.0209515,0.0737702
0.360054,0.00660101,-0.0762422,-0.0355712,0.0504862,-0.0542124,-0.0102701,-0.0274257,0.0447232,0.026645,-0.0332698,0.0892166,-0.0350928,0.0542644,0.0504216,-0.0328139,-0.0233823,-0.039496,0.0302967,0.0416424	-0.352664,-0.667081,-0.350632,-0.366126,-0.384881,-0.348366,-0.323166,-0.442948,-0.504934,-0.430914,-0.451116,-0.264124,-0.334875,-0.33317,-0.284475,-0.246154,-0.208713,-0.413237,-0.157329,-0.259885	0.632415,0.670728,0.281927,0.334916,0.427068,0.299816,0.313938,0.420633,0.537518,0.452365,0.424213,0.345206,0.303347,0.380554,0.330161,0.215077,0.186239,0.379943,0.186735,0.298299
0.382355,0.00830073,-0.0576209,-0.0265318,0.0170932,-0.0391449,-0.0122731,-0.0267656,0.0476182,0.00998542,-0.0458812,0.0808579,-0.0158549,0.0248719,0.0647011,-0.0259382,0.0020336,-0.0433258,0.0105416,0.0351291	-0.340896,-0.657007,-0.33721,-0.357135,-0.41594,-0.33432,-0.335126,-0.441169,-0.498075,-0.436901,-0.45566,-0.270208,-0.32802,-0.370186,-0.287948,-0.22365,-0.210646,-0.410556,-0.132143,-0.256353	0.639851,0.661699,0.285129,0.333765,0.429976,0.299089,0.324187,0.419355,0.533051,0.444946,0.418529,0.343559,0.313797,0.391454,0.346199,0.198866,0.212589,0.37388,0.142486,0.288881
0.334309,0.0496276,-0.00959116,-0.0222267,0.0284699,0.0155356,-0.0127578,0.00470737,0.0541955,0.0285769,0.0216326,0.0659468,-0.0218935,0.0415494,0.0401423,0.00280869,0.000699943,0.014948,0.0501129,0.0336121	-0.346798,-0.649064,-0.318655,-0.346871,-0.368015,-0.304747,-0.307789,-0.401217,-0.484583,-0.406331,-0.390297,-0.252115,-0.339805,-0.340646,-0.295889,-0.217294,-0.238652,-0.366754,-0.142414,-0.256229	0.610345,0.676888,0.310011,0.327167,0.392374,0.318774,0.296194,0.40516,0.524991,0.429916,0.40848,0.31286,0.320295,0.376861,0.332087,0.219969,0.239312,0.379621,0.191163,0.287367
0.326349,0.0508989,0.0248612,-0.043555,0.0191507,-0.0284751,-0.0275007,-0.0263432,0.0605103,0.0447744,-0.010517,0.090139,-0.00534256,0.0158316,0.0497646,-0.0189058,-0.00820951,-0.023161,0.0170087,0.0390392	-0.356732,-0.663307,-0.325527,-0.359017,-0.410443,-0.338233,-0.334204,-0.445587,-0.487768,-0.41437,-0.415198,-0.267021,-0.337418,-0.343228,-0.287104,-0.222754,-0.227887,-0.395624,-0.139348,-0.25409	0.61185,0.690881,0.347576,0.320473,0.426243,0.31277,0.309549,0.424224,0.53256,0.450781,0.406456,0.348766,0.332675,0.357119,0.332123,0.20471,0.220089,0.375907,0.155987,0.29025
-0.267162,0.186728,0.167716,0.00384972,-0.0155963,-0.035155,-0.0441576,-0.0261867,0.039557,-0.0112375,0.0676324,0.0493828,0.147995,0.0532433,0.06909,0.0813693,-0.00242949,0.13842,0.119176,0.0625316	0.18754,0.0493428,-0.0254622,-0.0382995,-0.194306,-0.118455,-0.195964,-0.200892,-0.241143,-0.309082,-0.0906502,0.012248,0.197819,0.0391807,0.0279507,-0.0282876,-0.106749,-0.034787,0.0837901,0.0736235	-0.433006,0.138663,0.192357,0.042143,0.179253,0.0836484,0.153131,0.175629,0.278047,0.298882,0.157318,0.0371573,-0.0513271,0.0140921,0.0412189,0.109405,0.104346,0.172377,0.0357426,-0.0111432
-0.272466,0.267584,0.0799289,-0.00196389,-0.0298785,-0.0646767,-0.0566842,-0.0174556,0.0483472,-0.0315364,0.0491549,0.0652143,0.176964,0.0126002,0.08722,0.0969018,0.00465115,0.138128,0.142889,0.0767481	0.201848,0.113258,-0.0464468,-0.0511578,-0.22567,-0.112036,-0.211178,-0.217749,-0.252985,-0.334639,-0.105065,-0.039963,0.221939,-0.0228297,0.0687492,-0.0356661,-0.0847832,-0.0593942,0.0823232,0.0832091	-0.449588,0.15915,0.125908,0.0491989,0.19712,0.0477046,0.156366,0.201057,0.297691,0.306336,0.153428,0.104904,-0.0468135,0.0354197,0.0185822,0.132111,0.0893991,0.195915,0.0612866,-0.00650248
0.415392,0.106493,-0.131976,-0.0658559,-0.087406,-0.0166953,0.0342927,-0.0663655,-0.00518492,0.0194166,-0.0198807,0.105088,-0.0648486,0.0577554,0.099644,-0.0277389,-0.109292,-0.00765037,0.0411114,-0.0199178	-0.0760988,-0.708571,-0.3886,-0.362499,-0.493668,-0.374408,-0.307254,-0.501021,-0.555726,-0.425617,-0.470499,-0.191175,-0.367024,-0.31436,-0.28121,-0.254195,-0.277781,-0.408023,-0.158888,-0.282841	0.476431,0.757876,0.270497,0.303898,0.424583,0.359963,0.337985,0.449605,0.552132,0.441386,0.454873,0.290428,0.309542,0.36548,0.370473,0.228064,0.173764,0.401626,0.198701,0.264413
0.414627,0.0874732,-0.103498,-0.0278275,-0.0698761,0.0211187,0.00916511,-0.0735441,-0.00929398,0.0160625,-0.0239974,0.0798287,-0.0418323,0.0269961,0.0753934,-0.0384259,-0.0492057,-0.0260015,0.0289948,0.00315781	-0.0841754,-0.710456,-0.367653,-0.333364,-0.49716,-0.343849,-0.336743,-0.503464,-0.553306,-0.423067,-0.468812,-0.209191,-0.357068,-0.351443,-0.310426,-0.244611,-0.249776,-0.41288,-0.12804,-0.256314	0.481981,0.751243,0.274603,0.308397,0.442662,0.362337,0.344844,0.446451,0.546824,0.436165,0.449876,0.284273,0.320016,0.374882,0.376996,0.208142,0.203066,0.391077,0.156454,0.259262
0.34678,0.120952,-0.0275699,-0.027413,-0.0114923,0.0439896,-0.0201528,-0.0141595,0.0285937,0.0342903,0.0484777,0.0441892,-0.0556641,0.057718,0.064962,-0.00241351,-0.0565473,0.0243743,0.0418255,0.0278549	-0.100548,-0.704438,-0.329575,-0.325727,-0.427804,-0.338842,-0.328324,-0.450907,-0.523252,-0.391827,-0.403565,-0.207869,-0.374787,-0.311234,-0.31166,-0.232943,-0.283043,-0.375702,-0.160648,-0.235336	0.432256,0.760586,0.304775,0.301002,0.418368,0.377209,0.310224,0.439554,0.543711,0.420468,0.443369,0.249764,0.325922,0.362441,0.369148,0.230659,0.23018,0.396446,0.201122,0.261477
0.355019,0.101734,0.0264955,-0.0564157,0.023085,-0.0266469,-0.0195171,-0.0724907,0.0114087,0.025783,0.00469818,0.0767984,-0.0411783,0.0294586,0.0709776,-0.0152741,-0.0321103,-0.0114386,0.0312005,0.0211861	-0.0995793,-0.719973,-0.321259,-0.344399,-0.446988,-0.385971,-0.343775,-0.507785,-0.538556,-0.412096,-0.434882,-0.215627,-0.372616,-0.316734,-0.303824,-0.231261,-0.244926,-0.400914,-0.139103,-0.24248	0.439076,0.765628,0.344819,0.29369,0.465272,0.363058,0.326449,0.45193,0.546606,0.433276,0.438684,0.287662,0.336603,0.342992,0.366889,0.216753,0.214503,0.391269,0.169568,0.262319
-0.519996,0.304845,0.222986,0.00507426,-0.0555599,-0.0136364,-0.0030224,0.0399038,0.264776,0.115748,0.176491,-0.000458115,0.197499,0.0863106,0.131246,0.0631036,-0.00851144,0.148544,0.268085,0.0673478	0.122307,-0.113645,0.0235453,-0.00665862,-0.275401,-0.171913,-0.174347,-0.1936,-0.113186,-0.194884,-0.0436923,0.0359098,0.230815,0.096352,0.0336742,-0.0583776,-0.108048,-0.0535531,0.21289,0.114874	-0.603895,0.404477,0.200493,0.0117325,0.223258,0.158648,0.171414,0.231714,0.366964,0.30378,0.218499,-0.0363673,-0.0349065,-0.0101255,0.0980051,0.121035,0.0996277,0.200502,0.0585355,-0.0478967
-0.536792,0.400298,0.103472,-0.00627485,-0.0878249,-0.0592473,0.0347246,0.0311636,0.261606,0.154238,0.135588,0.0370136,0.23758,0.00347933,0.120986,0.0818773,-0.0433935,0.13719,0.306465,0.0867417	0.116817,-0.0461395,-0.0252264,-0.0256388,-0.318506,-0.180075,-0.146542,-0.223634,-0.135027,-0.178692,-0.0750342,0.00623597,0.265736,-0.0105717,0.0474243,-0.0635378,-0.124693,-0.0856689,0.223519,0.129675	-0.615042,0.438342,0.128363,0.0193671,0.237319,0.122131,0.180348,0.253034,0.3831,0.324,0.208501,0.0307848,-0.0300533,0.0140505,0.0739863,0.144663,0.0817415,0.22027,0.0890459,-0.0434217
0.806519,0.616194,0.675759,0.568904,0.572811,0.552315,0.567942,0.652254,0.648901,0.659906,0.701854,0.800768,0.718267,0.662132,0.466678,0.569742,0.789636,0.72432,0.468411,0.654286	0.791022,0.66171,0.67332,0.575965,0.552479,0.562225,0.547174,0.660948,0.679029,0.67649,0.704239,0.809585,0.707561,0.632471,0.442023,0.588199,0.763812,0.732686,0.531565,0.663863	0.042805,-0.0768515,0.00447453,-0.0105014,0.0297447,-0.0143739,0.0301313,-0.0152813,-0.053859,-0.0299574,-0.00471608,-0.0250683,0.0217698,0.0510314,0.0310626,-0.0277605,0.0650688,-0.0178258,-0.0840919,-0.0169305
0.716397,0.583205,0.467774,0.389201,0.164877,0.246155,0.202122,0.292566,0.28239,0.341574,0.315026,0.473783,0.472448,0.41022,0.30922,0.326677,0.327387,0.353885,0.291789,0.209505	0.751297,0.572223,0.425224,0.406254,0.203738,0.230365,0.218064,0.333541,0.317211,0.395656,0.356485,0.512026,0.451177,0.41843,0.305442,0.320945,0.259868,0.370754,0.289028,0.224871	-0.075579,0.0164816,0.0531159,-0.0202556,-0.0402112,0.0167393,-0.0166777,-0.0454062,-0.0382473,-0.0625327,-0.0467039,-0.0504918,0.0270335,-0.00991093,0.00417127,0.00640262,0.0737982,-0.0194169,0.00301521,-0.0161253
0.678921,0.553,0.443969,0.408514,0.150301,0.349936,0.276292,0.414428,0.430927,0.428259,0.443276,0.525615,0.529306,0.463155,0.434294,0.41221,0.514746,0.516435,0.297778,0.421082	0.719539,0.511384,0.342468,0.428895,0.129199,0.335323,0.261415,0.404979,0.46107,0.454651,0.471065,0.518416,0.489339,0.498081,0.431486,0.422652,0.477467,0.52647,0.336687,0.43187	-0.0794113,0.0580256,0.1197,-0.0247097,0.0215199,0.0165548,0.0160355,0.0113546,-0.0376172,-0.032773,-0.0351231,0.0098957,0.0539376,-0.0453997,0.00345566,-0.0126455,0.0494269,-0.0137829,-0.0432442,-0.0131856
-0.710938,-0.567578,-0.240328,-0.336363,-0.248365,-0.270416,-0.176199,-0.374951,-0.322995,-0.264057,-0.348052,-0.27972,-0.404057,-0.379893,-0.308155,-0.250698,-0.0731461,-0.325268,-0.184825,-0.291233	0.0700928,0.125324,-0.126612,-0.0278539,0.0350577,-0.0332606,-0.00764018,-0.113363,0.0445253,-0.0709367,-0.0323015,0.0249025,-0.0944639,-0.0226204,-0.0165447,-0.138348,0.0230759,-0.0741077,-0.032702,0.000751419	-0.743958,-0.646889,-0.117285,-0.311427,-0.280977,-0.239308,-0.168786,-0.273201,-0.362309,-0.196807,-0.31934,-0.302515,-0.321879,-0.360369,-0.293105,-0.116387,-0.0960599,-0.257364,-0.153048,-0.291921
-0.716431,-0.575441,-0.335665,-0.300905,-0.186878,-0.290402,-0.161797,-0.372933,-0.282595,-0.278297,-0.343225,-0.243329,-0.397428,-0.364842,-0.352185,-0.214876,-0.0822339,-0.28758,-0.153491,-0.273714	0.080436,0.105461,-0.175527,0.00664958,0.081743,-0.0260111,0.00118255,-0.143616,0.0691881,-0.099927,-0.030613,0.0128507,-0.0882775,-0.0200404,-0.0428106,-0.118494,0.0285652,-0.0502032,-0.0198912,0.0192064	-0.753448,-0.641945,-0.170164,-0.30694,-0.26458,-0.266404,-0.162948,-0.242295,-0.345037,-0.183472,-0.315931,-0.255381,-0.320391,-0.347341,-0.31411,-0.0989001,-0.110539,-0.240855,-0.134009,-0.291388
0.699849,0.552088,0.452464,0.368238,0.101238,0.249285,0.201949,0.277839,0.306948,0.334888,0.327979,0.485225,0.468313,0.401459,0.266106,0.317998,0.314777,0.363284,0.255087,0.225281	0.749596,0.496116,0.412752,0.378147,0.156468,0.224394,0.236407,0.311037,0.312477,0.373176,0.367288,0.514872,0.458187,0.439816,0.285976,0.294763,0.270903,0.372219,0.196036,0.231923	-0.104642,0.0770854,0.0488313,-0.011512,-0.0561184,0.0263655,-0.0361856,-0.0363389,-0.00611509,-0.0437564,-0.0446927,-0.0395202,0.0128934,-0.0465812,-0.0215071,0.0256385,0.0479647,-0.0103324,0.0621593,-0.00700721
0.650547,0.550168,0.454919,0.446694,0.128608,0.308314,0.273008,0.432551,0.457491,0.407267,0.424492,0.528146,0.505794,0.470356,0.389962,0.49033,0.509189,0.549142,0.323899,0.388196	0.706683,0.462035,0.356559,0.460027,0.124916,0.284609,0.27679,0.414611,0.45758,0.417433,0.449874,0.511769,0.477372,0.535701,0.411255,0.482716,0.497904,0.551052,0.304723,0.389742	-0.103905,0.118172,0.117403,-0.0167817,0.0037524,0.0259855,-0.00409145,0.0218613,-0.000112526,-0.0122484,-0.0313729,0.0224436,0.0374691,-0.0873566,-0.0253596,0.00997432,0.0151173,-0.00273885,0.0212766,-0.0018222
-0.718992,-0.561874,-0.205842,-0.324663,-0.289969,-0.270766,-0.207358,-0.36235,-0.311863,-0.239532,-0.349217,-0.283902,-0.365966,-0.390882,-0.313804,-0.251867,-0.122923,-0.333361,-0.136678,-0.304559	0.0549764,0.104945,-0.0864272,-0.0187352,-0.0060006,-0.0402227,-0.0290361,-0.10069,0.0451513,-0.0530908,-0.0386602,0.0166453,-0.0295711,-0.0166369,9.86025e-05,-0.155246,-0.00519765,-0.0920661,-0.0268356,-0.021594	-0.744538,-0.629688,-0.121578,-0.307801,-0.284463,-0.233082,-0.179402,-0.271568,-0.352057,-0.188842,-0.314807,-0.299134,-0.340076,-0.376695,-0.313893,-0.100553,-0.117801,-0.248935,-0.110246,-0.284839
-0.721505,-0.571003,-0.305918,-0.297285,-0.243977,-0.295518,-0.184781,-0.354457,-0.274194,-0.260229,-0.343238,-0.236565,-0.349423,-0.376573,-0.338592,-0.235478,-0.139711,-0.300189,-0.110217,-0.283744	0.0711617,0.0842134,-0.135872,0.00320365,0.0218793,-0.0397785,-0.00981477,-0.122653,0.06613,-0.0897561,-0.0362002,0.0165812,-0.00820272,-0.0128165,0.00279506,-0.156517,-0.0081775,-0.0733298,-0.0210305,0.00115659	-0.753956,-0.625155,-0.17742,-0.300203,-0.264444,-0.258781,-0.175284,-0.24234,-0.334263,-0.17455,-0.310901,-0.252157,-0.342201,-0.365521,-0.341064,-0.0819824,-0.131684,-0.231966,-0.0893942,-0.284807
0.632895,0.54239,0.391699,0.341429,0.252476,0.213542,0.236344,0.300205,0.290318,0.344088,0.34717,0.445501,0.395466,0.392336,0.306152,0.281065,0.238254,0.355732,0.212711,0.213837	0.638122,0.512869,0.333922,0.344518,0.191845,0.215339,0.206235,0.251074,0.284933,0.316236,0.333017,0.400609,0.377234,0.418391,0.307165,0.296576,0.271267,0.348683,0.25259,0.20874	-0.00876736,0.0408986,0.0664713,-0.00350028,0.0637175,-0.00188397,0.0316528,0.0531355,0.00587128,0.0312532,0.0160037,0.0546437,0.0214281,-0.0311719,-0.00111851,-0.0169213,-0.035295,0.00804717,-0.0421436,0.00533564
-0.68785,-0.575599,-0.196874,-0.311633,-0.212284,-0.27878,-0.161908,-0.317731,-0.320275,-0.180355,-0.294216,-0.267988,-0.381035,-0.379001,-0.300031,-0.202443,-0.18971,-0.2971,-0.137912,-0.290378	0.112407,0.0994853,-0.0478254,-0.0119472,0.0367053,-0.0330801,-0.00831406,-0.0714669,0.0152634,-0.0141861,0.00218224,0.00520579,-0.0430628,-0.0260913,0.000506356,-0.0826925,-0.0440952,-0.0493312,0.0232093,-0.00432709	-0.742822,-0.63852,-0.150466,-0.300806,-0.247065,-0.247987,-0.153801,-0.251986,-0.333906,-0.166595,-0.296208,-0.272813,-0.34361,-0.356434,-0.300491,-0.12179,-0.146843,-0.251454,-0.160607,-0.286411
-0.690375,-0.573547,-0.287729,-0.290447,-0.174009,-0.305379,-0.151893,-0.310898,-0.287331,-0.19244,-0.284848,-0.243481,-0.376318,-0.363286,-0.31229,-0.188584,-0.191855,-0.259911,-0.117579,-0.27464	0.132005,0.103526,-0.0888614,0.00610546,0.053181,-0.0334154,-0.00561813,-0.0949041,0.0316078,-0.0427877,0.0110704,-0.0242263,-0.0384839,-0.0219364,0.0190728,-0.0880546,-0.0316275,-0.0273405,0.0221161,0.0134839	-0.753694,-0.639124,-0.204086,-0.296027,-0.225107,-0.274768,-0.146399,-0.222561,-0.316069,-0.150895,-0.294988,-0.220556,-0.342798,-0.344092,-0.329401,-0.102227,-0.161206,-0.234235,-0.139332,-0.287061
-0.69863,-0.592411,-0.211997,-0.313335,-0.26104,-0.283568,-0.160604,-0.36137,-0.33389,-0.217298,-0.321591,-0.282855,-0.387502,-0.365563,-0.300106,-0.222585,-0.156673,-0.327128,-0.131396,-0.287796	0.0915804,0.0950865,-0.0207738,-0.0181268,0.0326628,-0.0387234,0.0203307,-0.0893854,0.00765067,-0.0336072,-0.026286,0.0273594,-0.0411812,-0.028916,-0.00152983,-0.118384,-0.0313733,-0.0837528,-0.00537849,0.00361634	-0.742692,-0.650836,-0.192069,-0.296894,-0.29122,-0.247563,-0.180346,-0.281063,-0.34067,-0.185042,-0.297823,-0.307832,-0.351937,-0.340243,-0.298713,-0.107021,-0.125919,-0.250231,-0.126106,-0.291109
-0.699088,-0.596241,-0.341176,-0.297027,-0.207359,-0.307218,-0.149685,-0.351429,-0.298617,-0.23905,-0.312026,-0.245539,-0.385681,-0.351518,-0.327758,-0.207623,-0.166761,-0.293421,-0.102634,-0.274846	0.117864,0.0847011,-0.110592,-0.00670277,0.0684056,-0.0351435,0.024292,-0.10856,0.0289632,-0.0734992,-0.0179644,0.014758,-0.0413166,-0.0293436,-0.00349139,-0.121567,-0.0278756,-0.0642919,0.00245425,0.0179969	-0.754761,-0.648207,-0.239624,-0.290903,-0.271907,-0.275044,-0.173347,-0.252502,-0.324771,-0.168511,-0.295719,-0.259357,-0.34994,-0.325532,-0.324638,-0.0882849,-0.139534,-0.233534,-0.105062,-0.291401
0.806422,0.814498,0.642272,0.746287,0.741905,0.721699,0.74257,0.811281,0.768101,0.742851,0.812468,0.77803,0.804468,0.798896,0.574371,0.712449,0.72919,0.70988,0.791759,0.734798	0.824828,0.798665,0.7314,0.735533,0.706475,0.773206,0.73318,0.766934,0.733893,0.72282,0.811313,0.689972,0.79769,0.768203,0.604631,0.684285,0.749717,0.671489,0.759215,0.728508	-0.0549678,0.0453049,-0.16809,0.0238396,0.0744539,-0.116537,0.0206123,0.117382,0.0784052,0.0432598,0.00338803,0.190117,0.018917,0.0794573,-0.0463604,0.0549575,-0.0452826,0.0733592,0.0815862,0.0135366
0.187792,0.15331,-0.113328,-0.0773337,-0.171511,0.0546688,0.049136,-0.0585944,-0.0647412,-0.00941484,0.0274243,0.0292204,-0.0574036,0.00838307,0.0814591,0.0106112,-0.131548,0.0568001,0.0155772,-0.121068	-0.458985,-0.813157,-0.776313,-0.796336,-0.650911,-0.585642,-0.40744,-0.708774,-0.685244,-0.603032,-0.768261,-0.527199,-0.737275,-0.733931,-0.613699,-0.644942,-0.613424,-0.701204,-0.480269,-0.729738	0.595453,0.859338,0.72694,0.766187,0.539645,0.620447,0.447614,0.678352,0.649308,0.597006,0.779267,0.547978,0.709917,0.737775,0.662061,0.651098,0.524174,0.72897,0.492165,0.667656
0.151339,0.117777,-0.0945297,-0.00526115,-0.108646,0.0845061,0.023823,-0.0704405,-0.0735165,0.00743171,0.0430908,0.00475075,-0.0507806,0.00526981,0.0182625,-0.0208586,-0.0808525,0.0309703,0.0258652,-0.0637091	-0.467001,-0.814179,-0.769566,-0.774404,-0.64236,-0.564806,-0.432536,-0.710522,-0.685499,-0.599739,-0.760034,-0.539733,-0.734865,-0.749623,-0.647452,-0.6422,-0.601181,-0.706928,-0.453397,-0.711817	0.577524,0.850409,0.727996,0.77229,0.573756,0.619733,0.451705,0.673805,0.644461,0.604477,0.777656,0.543091,0.710602,0.751922,0.657935,0.629778,0.546912,0.722089,0.473707,0.678896
0.112327,0.0926044,-0.0362551,-0.0141685,-0.0506975,0.0384017,-0.00780733,-0.0292716,-0.034397,0.00672597,0.0507067,-0.0253092,-0.0643104,0.0322392,0.03905,-0.00927907,-0.0885886,0.0169471,-0.0119818,-0.0103633	-0.486398,-0.816142,-0.747355,-0.772,-0.58706,-0.572882,-0.427099,-0.675929,-0.661191,-0.582948,-0.742192,-0.537961,-0.740296,-0.727196,-0.630353,-0.637859,-0.613189,-0.700909,-0.481609,-0.6951	0.567708,0.844891,0.730905,0.766213,0.552816,0.598125,0.420694,0.65971,0.64138,0.587371,0.764141,0.519728,0.709777,0.742039,0.653321,0.632322,0.554734,0.70943,0.472353,0.689705
0.135202,0.0633043,0.00388334,-0.0346949,0.00374775,0.00369811,0.00960982,-0.069061,-0.0641729,-0.023928,0.0300519,-0.0113548,-0.0695843,0.0261718,0.0341871,0.00725248,-0.0370827,0.0212771,0.0198215,-0.0347509	-0.489848,-0.830497,-0.744345,-0.782978,-0.596993,-0.6054,-0.436531,-0.711587,-0.675883,-0.602885,-0.754522,-0.544939,-0.742884,-0.72954,-0.629845,-0.631268,-0.589332,-0.708651,-0.460524,-0.702505	0.586226,0.849157,0.746072,0.769178,0.5994,0.607738,0.444277,0.675733,0.639445,0.587431,0.767178,0.536907,0.710002,0.741553,0.650035,0.635611,0.564588,0.719086,0.476001,0.684463
-0.461403,0.0886886,0.119512,0.00322123,-0.0479239,0.0323777,0.0471987,0.10127,0.278552,0.162875,0.206676,-0.0684159,0.104978,0.0570554,0.101054,-0.0374243,-0.0094192,0.0145483,0.211801,0.0141002	-0.520424,-0.422272,-0.579926,-0.646553,-0.458905,-0.461535,-0.291712,-0.478052,-0.311519,-0.423083,-0.541962,-0.394015,-0.38916,-0.557492,-0.415634,-0.560618,-0.510421,-0.554156,-0.17684,-0.546167	0.0776724,0.492516,0.654103,0.648424,0.420223,0.486641,0.334308,0.552571,0.542956,0.548183,0.673229,0.334619,0.474743,0.595602,0.495862,0.534406,0.503422,0.564156,0.37461,0.555985
-0.480021,0.0844572,0.0473707,-0.0104803,-0.0683533,0.0126071,0.103826,0.075364,0.265392,0.236627,0.160258,-0.0357485,0.135096,-0.0179422,0.0602629,-0.0333891,-0.0745666,-0.00506278,0.234373,0.0270666	-0.534483,-0.37861,-0.624579,-0.652486,-0.487795,-0.470298,-0.260422,-0.504545,-0.331157,-0.400497,-0.554705,-0.413253,-0.356765,-0.61756,-0.419921,-0.564026,-0.527508,-0.576995,-0.159088,-0.532216	0.0732582,0.448719,0.65264,0.646426,0.433909,0.480059,0.354659,0.558666,0.548356,0.581971,0.656595,0.383166,0.469245,0.606336,0.468333,0.540822,0.471487,0.573608,0.379317,0.55134
0.732107,0.607816,0.663241,0.588153,0.579759,0.556251,0.573306,0.661216,0.637326,0.654718,0.713015,0.781048,0.72733,0.657678,0.4359,0.574866,0.777655,0.734328,0.461621,0.655701	0.743056,0.653645,0.678045,0.604146,0.529141,0.580505,0.550695,0.670649,0.669089,0.657169,0.704382,0.780676,0.73478,0.602388,0.424375,0.598851,0.777088,0.739157,0.502296,0.659638	-0.0240116,-0.0760377,-0.0269014,-0.0248076,0.0730184,-0.0358208,0.0330434,-0.0169485,-0.0553778,-0.00430259,0.0173437,0.000953026,-0.0160009,0.0915665,0.0141412,-0.0365766,0.00143202,-0.0105619,-0.052953,-0.00693904
0.655168,0.561469,0.43936,0.403664,0.15038,0.225907,0.211346,0.288613,0.254991,0.32013,0.296052,0.446132,0.486004,0.387235,0.288387,0.314138,0.322115,0.33899,0.255686,0.192188	0.675315,0.574204,0.459157,0.43345,0.173325,0.27168,0.224797,0.356753,0.296316,0.374345,0.383719,0.464803,0.477632,0.38392,0.274839,0.342792,0.27724,0.399915,0.273095,0.200685	-0.0361347,-0.0187931,-0.0248005,-0.0361032,-0.0235592,-0.0487658,-0.0141216,-0.0759614,-0.0447023,-0.0615971,-0.0989027,-0.0235557,0.0109039,0.00389437,0.0147146,-0.0321114,0.0492759,-0.0704798,-0.0187161,-0.00883798
0.617994,0.530922,0.395549,0.437349,0.142338,0.360163,0.297025,0.430395,0.404753,0.402611,0.440004,0.4832,0.53019,0.45858,0.416088,0.414679,0.513406,0.525672,0.29092,0.410157	0.629342,0.513597,0.389231,0.449757,0.0974551,0.369368,0.266118,0.421699,0.445685,0.443057,0.485982,0.476977,0.518734,0.459237,0.412448,0.43768,0.491904,0.549053,0.316757,0.419028	-0.0185701,0.0238209,0.00746805,-0.0154465,0.0455141,-0.0106175,0.0335597,0.0106238,-0.0499418,-0.0492264,-0.0584841,0.00808683,0.0158016,-0.000832196,0.00439511,-0.0281009,0.028767,-0.032867,-0.0284598,-0.0107122
-0.677829,-0.640278,-0.351372,-0.341403,-0.245269,-0.239184,-0.141889,-0.360295,-0.347667,-0.250895,-0.380133,-0.329279,-0.513189,-0.422111,-0.369276,-0.309603,-0.0698255,-0.410209,-0.287059,-0.350617	-0.354657,0.142033,-0.0671793,0.00798509,-0.0086262,0.0181166,0.00111847,-0.0907942,0.00777132,-0.0880265,-0.00211342,-0.0622756,-0.0704301,-0.0786805,-0.070181,-0.113678,0.0441883,-0.0447699,-0.0678097,-0.0429537	-0.425448,-0.717097,-0.291063,-0.348439,-0.237145,-0.256191,-0.142985,-0.278615,-0.35448,-0.166547,-0.378324,-0.272593,-0.459362,-0.355228,-0.307052,-0.203072,-0.113663,-0.372276,-0.223602,-0.312367
-0.680432,-0.678403,-0.375886,-0.302187,-0.170737,-0.239347,-0.116913,-0.365245,-0.311653,-0.24776,-0.363963,-0.305338,-0.521793,-0.376989,-0.416747,-0.287275,-0.0840467,-0.373835,-0.277824,-0.341302	-0.353365,0.128312,-0.112213,0.0429573,0.0389607,0.0255721,0.00968473,-0.123578,0.0340233,-0.11261,-0.000835501,-0.0746532,-0.0635414,-0.0727363,-0.0987084,-0.0942071,0.0497341,-0.0185856,-0.0545859,-0.0228893	-0.430601,-0.742116,-0.275284,-0.340721,-0.208312,-0.263308,-0.126454,-0.25309,-0.342049,-0.13903,-0.363238,-0.236065,-0.473966,-0.312831,-0.331683,-0.198438,-0.133224,-0.357734,-0.226676,-0.32092
0.645443,0.528937,0.427901,0.384477,0.0826712,0.23035,0.210193,0.273539,0.27915,0.30959,0.306419,0.456451,0.488395,0.373707,0.243253,0.307864,0.314606,0.346723,0.213327,0.208545	0.654912,0.496685,0.43333,0.398316,0.148039,0.253964,0.243816,0.333146,0.290184,0.361738,0.40255,0.475828,0.472501,0.425763,0.240831,0.312975,0.269509,0.402672,0.19351,0.21354	-0.016402,0.0437446,-0.0066643,-0.0163417,-0.0661773,-0.0250804,-0.0354382,-0.0655827,-0.0120073,-0.0587252,-0.109657,-0.0247537,0.020662,-0.0619062,0.00257247,-0.00565637,0.0492751,-0.0650276,0.0206702,-0.0052279
0.590149,0.525924,0.411929,0.475633,0.117522,0.322493,0.292414,0.447842,0.43103,0.375905,0.419776,0.483502,0.512618,0.460784,0.369148,0.494069,0.514545,0.554383,0.313402,0.375153	0.590808,0.462057,0.391545,0.472317,0.115692,0.308419,0.28203,0.429886,0.440774,0.414016,0.474202,0.477583,0.493795,0.51765,0.376782,0.493525,0.493292,0.572768,0.300917,0.380222	-0.00101153,0.0843701,0.0243041,0.00427658,0.00185527,0.0156275,0.0113178,0.022237,-0.0120302,-0.0451348,-0.0679524,0.00769564,0.0252022,-0.0746792,-0.00886768,0.000719275,0.0284822,-0.0269399,0.0137854,-0.00591241
-0.691714,-0.637439,-0.325322,-0.332987,-0.282479,-0.240592,-0.173482,-0.346661,-0.337698,-0.225792,-0.378964,-0.332564,-0.478791,-0.430585,-0.374793,-0.308967,-0.12026,-0.416736,-0.240862,-0.362402	-0.391706,0.116272,-0.0408917,0.00785886,-0.0205228,-0.0032002,-0.0182294,-0.0783498,0.00588322,-0.0584437,0.00303672,-0.0619653,-0.0159373,-0.0430812,-0.0681195,-0.136421,-0.00700488,-0.0610638,-0.0403999,-0.0607172	-0.411504,-0.701703,-0.288265,-0.339956,-0.263483,-0.237575,-0.155745,-0.275802,-0.3429,-0.169587,-0.381562,-0.276293,-0.466413,-0.394828,-0.314709,-0.180139,-0.11335,-0.36496,-0.202431,-0.308472
-0.691101,-0.677622,-0.348196,-0.303338,-0.226162,-0.24558,-0.140237,-0.345215,-0.304989,-0.229887,-0.360905,-0.29857,-0.479085,-0.386969,-0.40645,-0.308059,-0.142053,-0.385498,-0.235186,-0.35122	-0.385365,0.0991529,-0.0858019,0.0302905,0.0076506,-0.00243768,0.000612912,-0.102142,0.0283835,-0.0915007,0.00471259,-0.0619265,0.00965657,-0.037496,-0.0688455,-0.141241,-0.00996138,-0.0407343,-0.0342765,-0.0364302	-0.41672,-0.727871,-0.270475,-0.330591,-0.233409,-0.243288,-0.140838,-0.251958,-0.330511,-0.14136,-0.364997,-0.241102,-0.486491,-0.354618,-0.347323,-0.174406,-0.132279,-0.350264,-0.202542,-0.31887
0.553426,0.52936,0.360572,0.374292,0.243006,0.235838,0.255434,0.321783,0.259795,0.314062,0.357503,0.394826,0.398999,0.385621,0.276183,0.293911,0.24433,0.374047,0.20523,0.19144	0.544827,0.499508,0.335507,0.357418,0.174303,0.199416,0.212396,0.246959,0.258135,0.299034,0.316177,0.370252,0.395991,0.3896,0.286081,0.288341,0.269303,0.336052,0.212966,0.191246	0.0123112,0.0405835,0.0285145,0.0194802,0.0717419,0.0382194,0.0455073,0.0812838,0.00177898,0.0165851,0.0465929,0.0287807,0.00357288,-0.00468224,-0.0107464,0.00608563,-0.0267316,0.0434582,-0.00808976,0.000201905
-0.63792,-0.656992,-0.322682,-0.319596,-0.204578,-0.25693,-0.126361,-0.306699,-0.347782,-0.169092,-0.341185,-0.315719,-0.4893,-0.420015,-0.353969,-0.269563,-0.187101,-0.39477,-0.243691,-0.350706	-0.293088,0.0662378,-0.0435378,0.0104105,0.0120426,-0.047133,0.00264612,-0.0762213,-0.0292137,-0.035608,-0.0181106,-0.060394,-0.024638,-0.0691681,-0.0407142,-0.0906251,-0.0444541,-0.0699448,-0.0282969,-0.0410035	-0.42413,-0.693069,-0.283122,-0.328912,-0.216088,-0.212368,-0.128964,-0.235995,-0.321838,-0.134292,-0.325083,-0.260288,-0.470332,-0.361344,-0.317835,-0.183419,-0.143844,-0.334049,-0.21689,-0.314221
-0.637082,-0.686259,-0.343086,-0.293304,-0.154689,-0.263451,-0.106395,-0.3059,-0.319564,-0.164817,-0.320499,-0.304619,-0.500401,-0.374994,-0.374205,-0.267521,-0.194141,-0.357244,-0.243912,-0.344076	-0.285019,0.0767482,-0.0840379,0.0287803,0.0288265,-0.0470242,0.00508852,-0.100358,-0.0114607,-0.0614396,-0.00865995,-0.0907634,-0.0193083,-0.0623989,-0.0237405,-0.0970615,-0.0320948,-0.0446821,-0.02883,-0.0218492	-0.430175,-0.724831,-0.266738,-0.319388,-0.182701,-0.219142,-0.111423,-0.212051,-0.309236,-0.104435,-0.312707,-0.219937,-0.485786,-0.320084,-0.353606,-0.175003,-0.163062,-0.317632,-0.216605,-0.324668
-0.651282,-0.672992,-0.343437,-0.323448,-0.25119,-0.25696,-0.124787,-0.348057,-0.360691,-0.207535,-0.358293,-0.332167,-0.498177,-0.403082,-0.358014,-0.285735,-0.153278,-0.415725,-0.234024,-0.347052	-0.302526,0.0604353,-0.0477687,0.0267109,0.0157103,-0.0116417,0.0435717,-0.0677994,-0.0420743,-0.0663624,-0.0169576,-0.0611351,-0.0421996,-0.0459567,-0.053227,-0.107101,-0.0236032,-0.0711787,-0.0239445,-0.0382476	-0.434332,-0.704762,-0.3006,-0.34716,-0.265851,-0.246055,-0.167448,-0.287031,-0.323526,-0.143144,-0.343422,-0.27665,-0.46577,-0.363866,-0.310708,-0.184274,-0.130146,-0.355053,-0.211263,-0.312959
-0.647717,-0.705903,-0.393264,-0.303014,-0.187085,-0.261196,-0.104029,-0.343632,-0.330433,-0.213355,-0.337624,-0.307509,-0.511294,-0.359646,-0.391029,-0.283698,-0.168614,-0.382224,-0.226933,-0.342628	-0.289242,0.0514258,-0.136667,0.0382624,0.050981,-0.00750461,0.0468402,-0.088514,-0.0196124,-0.102355,-0.0085416,-0.0735244,-0.0426852,-0.0446007,-0.0574575,-0.112171,-0.0201217,-0.0493024,-0.0153439,-0.0229203	-0.441117,-0.7308,-0.271172,-0.337365,-0.235816,-0.25419,-0.150137,-0.263122,-0.312848,-0.113478,-0.330034,-0.239397,-0.479065,-0.320181,-0.341239,-0.177165,-0.148998,-0.339316,-0.212329,-0.322239
0.858787,0.678205,0.624449,0.746175,0.747306,0.751939,0.759835,0.820736,0.748752,0.759992,0.804354,0.760815,0.729812,0.813948,0.528388,0.668415,0.718588,0.680125,0.73398,0.699482	0.867731,0.788383,0.600363,0.728073,0.696843,0.764206,0.73641,0.786573,0.723614,0.719725,0.78104,0.687251,0.771174,0.726627,0.583762,0.657648,0.747182,0.63721,0.73506,0.714614	-0.0351013,-0.236783,0.0385299,0.0396338,0.105296,-0.0288374,0.053184,0.096388,0.0548633,0.0888875,0.0627133,0.154181,-0.0946088,0.213725,-0.0800725,0.0192119,-0.0617465,0.0757381,-0.0023442,-0.0302562
0.711945,0.603714,0.667924,0.579441,0.590179,0.528194,0.576553,0.675754,0.648149,0.656759,0.70398,0.796383,0.729822,0.650743,0.446051,0.58978,0.782813,0.734988,0.44436,0.655765	0.694417,0.639638,0.69086,0.624588,0.586799,0.57344,0.531379,0.678752,0.6754,0.670503,0.702673,0.77868,0.740345,0.594653,0.396414,0.596295,0.815418,0.727694,0.492619,0.688188	0.0346663,-0.0585237,-0.0425884,-0.0707532,0.00517113,-0.0649045,0.0651263,-0.0055384,-0.0484683,-0.0245585,0.00258494,0.0466028,-0.0228917,0.0914963,0.0602994,-0.0100495,-0.0901475,0.0156798,-0.0617825,-0.059091
0.65233,0.560131,0.434269,0.402268,0.164305,0.205959,0.222877,0.296643,0.260317,0.32435,0.27982,0.473945,0.499508,0.372538,0.28372,0.323216,0.354208,0.33601,0.261401,0.191117	0.610842,0.556213,0.487004,0.457296,0.260989,0.241392,0.192421,0.379137,0.315976,0.391085,0.377745,0.453263,0.487856,0.380255,0.245852,0.341418,0.335172,0.378632,0.259268,0.250434	0.0689705,0.00569029,-0.0668784,-0.067432,-0.101016,-0.0372873,0.0318207,-0.0929479,-0.0606473,-0.0764292,-0.109499,0.0263415,0.0154065,-0.00899057,0.0407072,-0.0204595,0.0216001,-0.0488344,0.00228813,-0.062299
0.596288,0.535036,0.37836,0.438757,0.130208,0.357369,0.298288,0.45271,0.418601,0.418275,0.431806,0.505928,0.543089,0.446087,0.421182,0.416624,0.517631,0.524299,0.276353,0.407662	0.560384,0.489954,0.423262,0.467902,0.191659,0.334443,0.236812,0.438262,0.45911,0.450025,0.479271,0.47014,0.526026,0.45504,0.389248,0.438246,0.557175,0.53108,0.305027,0.457831	0.0539219,0.0610982,-0.0534645,-0.0366739,-0.0630246,0.0260381,0.0661488,0.0180232,-0.0501461,-0.0391127,-0.0598522,0.0469568,0.0238867,-0.0112327,0.0381967,-0.026452,-0.055572,-0.00939802,-0.0313133,-0.0616822
-0.503509,-0.682417,-0.382809,-0.338817,-0.193889,-0.260618,-0.178071,-0.394199,-0.451547,-0.348569,-0.449249,-0.295534,-0.540202,-0.438316,-0.427259,-0.297466,-0.0630632,-0.413975,-0.413233,-0.342233	-0.405447,0.0601296,-0.0147532,0.0429171,0.101865,-0.0180802,-0.036365,-0.0617665,0.055227,-0.094593,-0.0163474,-0.0809452,-0.036982,-0.083658,-0.127987,-0.119282,0.122061,-0.0740374,-0.0911743,0.0221034	-0.123217,-0.713278,-0.370147,-0.376262,-0.290026,-0.243686,-0.142629,-0.340728,-0.494443,-0.262636,-0.436104,-0.219848,-0.513478,-0.368158,-0.316583,-0.184739,-0.18371,-0.350686,-0.334668,-0.361601
-0.498494,-0.719845,-0.382603,-0.294874,-0.115808,-0.250606,-0.194524,-0.388555,-0.409667,-0.389227,-0.417754,-0.287421,-0.557284,-0.3664,-0.453301,-0.273193,-0.0450688,-0.368091,-0.416453,-0.338203	-0.402271,0.0364591,-0.0600779,0.0766696,0.140169,-0.0104217,-0.0280896,-0.0957684,0.0815515,-0.129467,-0.0141445,-0.0936252,-0.0298317,-0.0751165,-0.154975,-0.0984302,0.124218,-0.0467951,-0.0769204,0.0423287	-0.120358,-0.736962,-0.330113,-0.363329,-0.251888,-0.240813,-0.167349,-0.304103,-0.475338,-0.273545,-0.406009,-0.199155,-0.53637,-0.299527,-0.320866,-0.179592,-0.168344,-0.326927,-0.350769,-0.375161
0.631381,0.522367,0.42511,0.387682,0.105796,0.213346,0.219285,0.280147,0.282801,0.315978,0.291673,0.477984,0.502563,0.358747,0.228661,0.312122,0.355063,0.340932,0.219368,0.209376	0.607076,0.483061,0.455141,0.397814,0.203928,0.208814,0.228782,0.359924,0.312664,0.369664,0.390987,0.475245,0.480245,0.422707,0.238065,0.323626,0.303191,0.390053,0.173896,0.238728	0.0394114,0.0525726,-0.0372352,-0.0119796,-0.100295,0.00474349,-0.00999879,-0.0887226,-0.0327591,-0.0607858,-0.112097,0.00354386,0.0294182,-0.0753925,-0.00994639,-0.0127969,0.0581299,-0.0566544,0.047276,-0.0308963
0.556653,0.525876,0.396306,0.483222,0.110814,0.323512,0.291755,0.469272,0.44231,0.395039,0.412168,0.501938,0.527556,0.447698,0.359685,0.488537,0.528444,0.547631,0.300078,0.379771	0.537687,0.444267,0.419113,0.468105,0.175576,0.259286,0.270513,0.451619,0.456068,0.413319,0.460725,0.483991,0.500027,0.513677,0.377016,0.503456,0.533986,0.561326,0.28355,0.39863	0.0270665,0.106488,-0.027349,0.0195355,-0.0660473,0.0701068,0.0230626,0.0224005,-0.0172349,-0.0218478,-0.0599387,0.0237062,0.0373918,-0.085683,-0.0200506,-0.0197849,-0.00772084,-0.0197729,0.018065,-0.0222229
-0.516495,-0.676582,-0.360931,-0.335051,-0.238013,-0.262483,-0.20728,-0.380866,-0.443917,-0.324219,-0.446211,-0.292129,-0.510357,-0.443546,-0.426819,-0.290554,-0.113312,-0.415979,-0.377427,-0.358121	-0.413915,0.0542985,0.00369534,0.0103092,0.0492374,-0.0585293,-0.0368346,-0.0422974,0.0595041,-0.0719045,-0.0190735,-0.0624727,0.0159401,-0.0457777,-0.0850364,-0.123257,0.03919,-0.0756923,-0.0698428,-0.0264824	-0.130473,-0.704981,-0.36414,-0.344171,-0.283924,-0.207136,-0.171757,-0.344112,-0.490465,-0.258337,-0.430804,-0.233925,-0.52205,-0.406012,-0.354655,-0.173511,-0.151828,-0.35135,-0.315911,-0.334814
-0.508485,-0.71568,-0.355858,-0.301098,-0.173647,-0.256829,-0.214441,-0.368581,-0.405462,-0.371035,-0.414109,-0.272948,-0.520141,-0.373223,-0.439249,-0.289295,-0.101883,-0.376523,-0.385024,-0.352317	-0.407067,0.0287409,-0.0421218,0.0327443,0.0718934,-0.0570035,-0.0179505,-0.0673151,0.0816475,-0.114395,-0.0161165,-0.0625382,0.0443443,-0.0387153,-0.0844439,-0.127076,0.0355986,-0.0547431,-0.0635183,-0.00220481	-0.12789,-0.729417,-0.318511,-0.330583,-0.242512,-0.202795,-0.197249,-0.308931,-0.4715,-0.268016,-0.400666,-0.214064,-0.551759,-0.339412,-0.368473,-0.16841,-0.136985,-0.328553,-0.329566,-0.350384
0.511347,0.527386,0.351657,0.382353,0.238202,0.231773,0.249438,0.347952,0.280861,0.333956,0.350225,0.40203,0.415569,0.374961,0.268429,0.292979,0.258726,0.365325,0.189818,0.204435	0.516518,0.48732,0.344526,0.357652,0.203623,0.175516,0.219612,0.25389,0.264309,0.298788,0.300224,0.387427,0.410215,0.376001,0.275761,0.296254,0.315245,0.32953,0.219184,0.193392	-0.00702697,0.053926,0.00811337,0.0286137,0.036341,0.0586432,0.031554,0.103176,0.0178799,0.0390665,0.0558752,0.017298,0.00645421,-0.00120979,-0.00791778,-0.00358686,-0.0615388,0.040694,-0.03064,0.0114975
-0.436068,-0.690488,-0.361393,-0.320437,-0.170759,-0.276092,-0.158277,-0.347758,-0.46115,-0.267708,-0.415725,-0.272164,-0.516457,-0.439283,-0.401868,-0.252944,-0.180262,-0.394669,-0.363213,-0.353442	-0.305998,0.0140326,-0.0274053,0.0168543,0.0440784,-0.0727347,0.00872315,-0.0630952,-0.00842506,-0.044863,-0.0454279,-0.0395735,0.0155768,-0.0875426,-0.0682345,-0.0846452,0.00717448,-0.0773999,-0.0217563,-0.0353803	-0.150099,-0.69776,-0.337329,-0.335479,-0.213232,-0.207525,-0.16677,-0.291049,-0.454491,-0.225554,-0.377425,-0.235123,-0.527788,-0.365808,-0.343041,-0.171981,-0.187195,-0.327267,-0.344176,-0.322089
-0.42749,-0.718288,-0.355585,-0.289328,-0.110242,-0.272749,-0.177476,-0.335149,-0.427758,-0.306263,-0.381303,-0.277729,-0.536897,-0.366088,-0.401877,-0.25109,-0.155763,-0.349949,-0.375652,-0.352407	-0.298515,0.0198894,-0.0676486,0.0349665,0.0581515,-0.072167,0.0114282,-0.0874709,0.0110455,-0.0770049,-0.0340385,-0.0694425,0.0221832,-0.0773048,-0.0504049,-0.0904699,0.0197844,-0.0518573,-0.0226902,-0.016324	-0.147841,-0.72778,-0.295034,-0.321046,-0.167321,-0.20461,-0.188522,-0.255158,-0.43674,-0.234796,-0.351831,-0.212382,-0.5525,-0.297194,-0.358739,-0.164354,-0.175008,-0.303601,-0.355996,-0.338028
-0.457379,-0.700689,-0.385247,-0.32299,-0.224891,-0.269974,-0.156099,-0.381195,-0.467091,-0.302538,-0.427301,-0.291206,-0.524029,-0.421732,-0.406734,-0.272313,-0.149513,-0.414507,-0.363785,-0.345915	-0.329877,0.0260337,-0.0519701,0.0426784,0.0129143,-0.014022,0.0368902,-0.0315435,-0.00158131,-0.0587213,-0.0333614,-0.050493,-3.70716e-05,-0.0607321,-0.0784439,-0.110598,-0.00224161,-0.0805001,-0.0445843,-0.0193441	-0.150158,-0.713703,-0.340086,-0.360696,-0.237117,-0.256925,-0.191884,-0.353907,-0.465854,-0.248227,-0.399637,-0.244305,-0.524003,-0.370489,-0.33911,-0.166737,-0.14732,-0.345537,-0.324463,-0.328771
-0.445781,-0.731412,-0.404017,-0.297467,-0.148521,-0.264599,-0.174072,-0.365039,-0.431854,-0.351439,-0.392729,-0.283403,-0.545434,-0.349349,-0.418938,-0.270314,-0.131757,-0.37386,-0.369173,-0.346382	-0.318649,0.0129127,-0.138201,0.0536009,0.0468138,-0.00984318,0.0416031,-0.0533161,0.0225515,-0.104435,-0.0233711,-0.0631635,-9.10882e-05,-0.0565659,-0.0814878,-0.11488,0.00139817,-0.058254,-0.0350577,-0.00404224	-0.148181,-0.737361,-0.281536,-0.345558,-0.193986,-0.255421,-0.214124,-0.31791,-0.450023,-0.256415,-0.37278,-0.224253,-0.54537,-0.298685,-0.349377,-0.160415,-0.133131,-0.322633,-0.338496,-0.34282
0.904449,0.661543,0.621609,0.755405,0.773429,0.757884,0.721037,0.820145,0.709036,0.700889,0.792322,0.764655,0.691944,0.828298,0.521878,0.683275,0.777637,0.676819,0.657861,0.692914	0.898106,0.770968,0.554319,0.729603,0.705723,0.753216,0.755651,0.763542,0.665819,0.722552,0.74177,0.724204,0.760868,0.688328,0.542729,0.675426,0.757949,0.620452,0.687902,0.717939	0.0337908,-0.223329,0.102664,0.0574845,0.149075,0.010877,-0.0760501,0.15143,0.0818636,-0.0438893,0.122616,0.0906516,-0.145556,0.325618,-0.0290903,0.0145754,0.0479498,0.0971724,-0.0548738,-0.0497983
-0.0341452,-0.122386,-0.0247873,-0.0355298,-0.106714,0.000333467,0.00442631,-0.0437144,0.0395913,-0.0301669,0.0315048,0.0161047,0.0105511,-0.0114646,-0.0556073,-0.0111138,-0.0399274,0.0254177,-0.0784507,0.0345096	-0.191435,-0.223422,-0.383979,-0.299436,-0.483333,-0.403116,-0.403967,-0.493479,-0.482337,-0.460897,-0.502998,-0.570109,-0.461903,-0.370364,-0.230701,-0.365641,-0.680826,-0.533745,-0.346542,-0.537901	0.158325,0.103876,0.362643,0.266744,0.3971,0.403395,0.407665,0.459681,0.512148,0.436803,0.526165,0.58088,0.470163,0.360429,0.177369,0.355974,0.658807,0.551678,0.275583,0.561979
-0.102029,-0.0511481,0.0352165,0.0789771,-0.0370053,-0.0826176,-0.000547781,0.0251151,0.0331417,-0.0689064,-0.0504424,-0.0145811,-0.0404123,0.0322493,-0.055325,0.159839,-0.0174595,0.102782,0.0267789,-0.0869274	-0.342166,-0.265151,-0.403638,-0.190186,-0.486233,-0.370098,-0.35997,-0.37932,-0.356564,-0.423311,-0.44589,-0.569524,-0.450161,-0.26549,-0.0754997,-0.128205,-0.558371,-0.332709,-0.224196,-0.444285	0.248824,0.216945,0.432704,0.26518,0.457459,0.296548,0.359493,0.400618,0.385154,0.365053,0.404546,0.55959,0.417341,0.295212,0.0202593,0.28226,0.546236,0.421091,0.249477,0.371713
-0.0656488,0.0530064,0.0764822,0.0245906,-0.0889892,0.00408492,-0.0616208,0.039916,0.0523417,0.0629558,-0.00816092,0.00239793,0.102675,-0.0436051,-0.0112795,-0.00509305,-0.132101,-0.0210505,0.0928041,-0.0216017	-0.810354,-0.594301,-0.668698,-0.585487,-0.585322,-0.567691,-0.573544,-0.678074,-0.636843,-0.665901,-0.717455,-0.791946,-0.708082,-0.670814,-0.458324,-0.632019,-0.789796,-0.75361,-0.478939,-0.672599	0.786548,0.627539,0.708923,0.601419,0.523606,0.570453,0.530678,0.699069,0.666953,0.699531,0.713472,0.792838,0.755808,0.646108,0.449367,0.62895,0.734308,0.744368,0.547412,0.660596
-0.0578799,0.0528133,0.0782648,0.00582221,-0.116356,-0.00610847,-0.045491,0.0581336,0.0450823,0.0489026,-0.00706036,0.0333717,0.130661,-0.0418052,0.0194455,-0.0405167,-0.150654,-0.032757,0.0815969,-0.0145419	-0.811942,-0.601916,-0.687834,-0.58156,-0.576686,-0.571036,-0.561512,-0.680825,-0.632658,-0.67618,-0.718018,-0.791658,-0.697084,-0.670956,-0.453325,-0.638013,-0.791385,-0.75324,-0.476706,-0.662911	0.791247,0.634557,0.726964,0.5854,0.49344,0.566905,0.529547,0.710825,0.658946,0.701873,0.714581,0.803794,0.758646,0.647307,0.46864,0.613352,0.727463,0.73871,0.5374,0.65468
-0.155291,0.00644752,-0.0513623,-0.0954437,0.111572,-0.160316,-0.0476017,-0.165917,-0.198496,-0.143068,-0.137594,-0.14986,-0.215483,-0.105524,-0.165045,-0.167283,-0.339502,-0.244589,-0.107697,-0.258668	-0.258125,-0.117268,-0.14501,-0.0655271,0.0347183,-0.0372704,0.0125805,-0.0563275,-0.00424728,-0.049081,0.02952,-0.121673,-0.149867,0.00113082,0.00321273,-0.0345143,-0.0901827,-0.0109465,-0.0562948,-0.000451463	0.107129,0.123622,0.0943501,-0.0301048,0.0771529,-0.123785,-0.0601462,-0.110623,-0.194413,-0.0946514,-0.166438,-0.0287108,-0.0678058,-0.106642,-0.168169,-0.133539,-0.257194,-0.23427,-0.0517155,-0.258247
0.120375,-0.0364903,0.0538424,0.0388515,0.042625,-0.0170063,0.0153958,0.0899757,0.0114176,0.13151,0.0838339,0.0254288,0.0352047,0.00662225,0.0128351,0.0554889,-0.144305,0.0472713,0.0592837,0.0115448	-0.69203,-0.557145,-0.455087,-0.397604,-0.136841,-0.268372,-0.204457,-0.328725,-0.275934,-0.34201,-0.311544,-0.472965,-0.478389,-0.427694,-0.303409,-0.361168,-0.363582,-0.37792,-0.267262,-0.213666	0.749933,0.531459,0.496757,0.429816,0.178425,0.252518,0.219163,0.406673,0.28645,0.453139,0.385315,0.492471,0.505087,0.433089,0.315017,0.408471,0.231419,0.417729,0.321452,0.224656
0.132015,-0.0155585,0.0595541,0.0198048,0.014418,-0.024186,0.00910911,0.0994885,0.00248748,0.130664,0.0934849,0.00298475,0.0334171,0.00846209,0.0545277,0.0262232,-0.136163,0.045856,0.0445279,0.0103805	-0.692766,-0.555011,-0.475262,-0.387919,-0.124425,-0.268903,-0.203661,-0.340235,-0.267354,-0.356657,-0.307888,-0.498428,-0.477196,-0.430121,-0.289603,-0.370099,-0.353729,-0.369266,-0.268839,-0.202595	0.755671,0.544152,0.520095,0.404616,0.138594,0.246319,0.212376,0.425327,0.269663,0.465622,0.390143,0.500668,0.502598,0.436993,0.338781,0.392512,0.228576,0.40821,0.30966,0.212528
0.0989029,-0.0801736,0.0152608,0.0367023,-0.0229905,-0.0225552,0.0144632,0.0159609,-0.001709,0.081844,0.0414076,-0.00666376,0.0137141,0.0391722,0.0138192,0.0326585,-0.123514,0.00144827,0.075302,0.0164961	-0.662994,-0.524099,-0.416309,-0.423138,-0.126563,-0.371027,-0.255097,-0.453107,-0.435675,-0.439124,-0.454748,-0.50948,-0.528091,-0.481438,-0.432375,-0.46699,-0.539607,-0.558859,-0.297854,-0.420626	0.715013,0.463396,0.428845,0.452808,0.103875,0.351412,0.268569,0.4657,0.434289,0.502894,0.486986,0.504529,0.537909,0.510974,0.443544,0.492143,0.445806,0.559854,0.36497,0.434109
0.11569,-0.0733316,-0.0398325,0.00905259,-0.0312431,-0.0262294,0.00973743,0.0312284,-0.0076202,0.0664075,0.0500914,-0.00735126,0.00582721,0.0357604,0.0397698,0.00281872,-0.124464,-0.00477177,0.0696553,0.0111951	-0.661291,-0.529185,-0.476922,-0.421192,-0.0967496,-0.369712,-0.254286,-0.459625,-0.426978,-0.457135,-0.450633,-0.52115,-0.530769,-0.484384,-0.431097,-0.47528,-0.534861,-0.556189,-0.292616,-0.415307	0.721763,0.474257,0.445554,0.42861,0.0657051,0.346846,0.263371,0.483907,0.420726,0.508117,0.489671,0.515775,0.534942,0.511288,0.46293,0.477459,0.439666,0.552884,0.355035,0.424529
0.927006,0.909425,0.783932,0.807948,0.761725,0.816451,0.792562,0.891767,0.817569,0.815487,0.88016,0.821327,0.889588,0.864051,0.750513,0.749886,0.743868,0.778023,0.796876,0.798907	0.930217,0.89694,0.744836,0.838012,0.809616,0.823974,0.801983,0.859736,0.842572,0.788856,0.881204,0.809955,0.895013,0.866105,0.727246,0.767643,0.750174,0.80157,0.810954,0.81831	-0.0233176,0.0677452,0.0939597,-0.0930994,-0.124947,-0.0229898,-0.0258543,0.137284,-0.08036,0.0746599,-0.00465451,0.0339706,-0.0266171,-0.00816268,0.0512266,-0.0418447,-0.0142678,-0.0625641,-0.0397943,-0.0560378
-0.0675426,0.0486347,-0.0743908,-0.14997,0.13001,-0.105838,-0.0472252,-0.18094,-0.222099,-0.0988258,-0.112208,-0.145281,-0.18987,-0.128802,-0.111233,-0.271541,-0.330809,-0.298321,-0.120282,-0.216919	-0.217545,-0.0157949,-0.13049,-0.0382674,0.100034,-0.0358921,0.00955375,-0.0294897,-0.0322155,-0.0275957,0.00952961,-0.13012,-0.151587,0.0104212,0.0552633,-0.0275115,-0.0689848,-0.0287271,0.00586221,-0.022256	0.152239,0.0643801,0.0566489,-0.112347,0.0303709,-0.0702125,-0.0567534,-0.152263,-0.191252,-0.0714248,-0.121608,-0.0154536,-0.0394179,-0.139037,-0.165479,-0.245866,-0.267939,-0.271924,-0.126056,-0.195607
0.164517,-0.0757246,0.00326474,0.0193864,0.0943463,-0.0197871,0.0563319,0.0658444,-0.0201414,0.0900467,0.0897101,0.0247478,-0.0291262,0.0374148,0.0216104,0.057095,-0.0891943,0.0578708,-0.00915977,0.0233966	-0.674705,-0.515607,-0.453032,-0.380827,-0.0707345,-0.269614,-0.201225,-0.316272,-0.300987,-0.337432,-0.323815,-0.481337,-0.493724,-0.417575,-0.263236,-0.348746,-0.345377,-0.38148,-0.230581,-0.227308	0.755375,0.457755,0.455622,0.397281,0.163986,0.251167,0.25467,0.374322,0.282559,0.414873,0.401852,0.500127,0.471376,0.447991,0.283235,0.397918,0.264325,0.429861,0.22189,0.249378
0.169212,-0.0557551,0.00867403,0.0149322,0.0846943,-0.0202072,0.0395795,0.0649189,-0.0247464,0.0981444,0.0984451,-0.0139679,-0.0492097,0.0382634,0.0361245,0.0534018,-0.0721021,0.0624991,-0.0153929,0.0184434	-0.675567,-0.512428,-0.474312,-0.367684,-0.0566485,-0.268884,-0.202149,-0.33053,-0.291968,-0.351139,-0.319363,-0.50926,-0.497148,-0.419673,-0.252692,-0.352571,-0.333663,-0.37198,-0.230698,-0.216824	0.758116,0.470104,0.481008,0.380527,0.140668,0.250035,0.239809,0.387142,0.269167,0.434316,0.405072,0.49884,0.459171,0.450699,0.286204,0.398471,0.268009,0.424608,0.216072,0.23433
0.137988,-0.118484,-0.0321304,0.0178162,0.0304172,-0.0242179,0.0571125,-0.00974283,-0.0399211,0.0367879,0.0457033,-0.00792907,-0.052016,0.0746243,0.0235707,0.0393417,-0.0507785,0.0154276,0.00358412,0.0295328	-0.633631,-0.511173,-0.439403,-0.463902,-0.101823,-0.326741,-0.248061,-0.471688,-0.463939,-0.421265,-0.436833,-0.508337,-0.525902,-0.488693,-0.390701,-0.530988,-0.524902,-0.582811,-0.325325,-0.383308	0.709578,0.418006,0.413105,0.47777,0.131832,0.304936,0.30091,0.464078,0.43202,0.451062,0.473091,0.502433,0.487214,0.543497,0.410492,0.55866,0.487107,0.592908,0.328526,0.40822
0.1479,-0.111504,-0.0880837,0.00460015,0.0386997,-0.0206461,0.0416743,-0.00603723,-0.0405251,0.0314284,0.0534211,-0.0244064,-0.0784628,0.0699122,0.0191544,0.03742,-0.0413394,0.0168062,0.00652311,0.0200283	-0.631782,-0.515631,-0.498008,-0.45787,-0.0713242,-0.324182,-0.249349,-0.479631,-0.453652,-0.438185,-0.432107,-0.521904,-0.533314,-0.492398,-0.3946,-0.532129,-0.51892,-0.578585,-0.318111,-0.377951	0.713054,0.428779,0.428731,0.461498,0.109721,0.305582,0.28803,0.474969,0.420864,0.463234,0.474573,0.503917,0.474715,0.543597,0.41065,0.558429,0.48805,0.589657,0.323962,0.394989
0.926591,0.906272,0.774693,0.820404,0.784679,0.820099,0.792206,0.888041,0.818666,0.816026,0.880136,0.816155,0.879988,0.866513,0.739784,0.762893,0.769543,0.78154,0.799212,0.802221	0.932385,0.893011,0.734155,0.840048,0.811371,0.82086,0.81211,0.864294,0.839839,0.781548,0.881679,0.816264,0.899473,0.869674,0.742233,0.758544,0.766321,0.799295,0.805722,0.825702	-0.0425808,0.0695442,0.0940002,-0.063201,-0.0734644,-0.00232778,-0.0558092,0.102149,-0.0677651,0.0951814,-0.00688957,-0.000324979,-0.0934644,-0.012829,-0.00543159,0.0103225,0.00785329,-0.0473075,-0.0182841,-0.0695531
-0.0104048,-0.0439202,-0.0323861,-0.00325068,-0.0680724,-0.00326841,-0.00153373,-0.0717123,-0.0128938,-0.0533925,-0.046538,-0.029017,-0.0197408,0.0288288,-0.000881415,-0.0244279,0.0500184,-0.0456145,0.0122179,0.00183913	-0.619601,-0.507257,-0.386328,-0.360767,-0.231384,-0.239338,-0.215005,-0.357436,-0.285636,-0.369395,-0.369814,-0.423507,-0.414242,-0.411169,-0.306289,-0.358526,-0.256429,-0.410049,-0.220676,-0.213134	0.613149,0.473895,0.358426,0.357936,0.165926,0.236254,0.213542,0.29324,0.273751,0.32236,0.328937,0.399398,0.397754,0.434844,0.30549,0.33705,0.302567,0.371381,0.232267,0.214889
-0.00515112,-0.0560937,-0.0886235,-0.0105195,-0.0486133,0.000528244,0.000163434,-0.0678327,-0.00895432,-0.0654836,-0.047879,-0.00920284,-0.0249654,0.024151,-0.0199252,-0.0222301,0.0398738,-0.0492413,0.0210238,-0.00131028	-0.618199,-0.516029,-0.44764,-0.352942,-0.201285,-0.23653,-0.212192,-0.368786,-0.272155,-0.391571,-0.367964,-0.431816,-0.416528,-0.415864,-0.312864,-0.359619,-0.254403,-0.40413,-0.213128,-0.20495	0.615006,0.473646,0.373848,0.343699,0.154181,0.237029,0.212348,0.308675,0.263844,0.334668,0.325825,0.4243,0.395677,0.43564,0.294776,0.340108,0.291322,0.362094,0.233107,0.203695
0.92276,0.900707,0.777593,0.817506,0.773163,0.822704,0.784353,0.877504,0.819754,0.800885,0.87545,0.819631,0.884331,0.866997,0.723712,0.753351,0.777732,0.77181,0.794218,0.799209	0.929648,0.902659,0.740546,0.833962,0.792017,0.822977,0.787182,0.852114,0.835757,0.771508,0.88384,0.791193,0.888491,0.870438,0.741061,0.745645,0.791322,0.794483,0.793508,0.817544	-0.0484547,-0.010439,0.0873418,-0.0517086,-0.0486393,-0.000845174,-0.00739485,0.100647,-0.0508218,0.0768805,-0.0370811,0.0809023,-0.0194138,-0.0140262,-0.037417,0.0175818,-0.0353397,-0.0586143,0.00192203,-0.0528983
0.922525,0.910083,0.799405,0.824615,0.774521,0.823869,0.784734,0.883848,0.823123,0.81581,0.878428,0.815293,0.887542,0.865466,0.734476,0.755295,0.781588,0.780756,0.788731,0.802429	0.932208,0.903679,0.719733,0.834955,0.811962,0.828034,0.789341,0.8631,0.843037,0.776573,0.885746,0.803743,0.887505,0.864827,0.732746,0.749623,0.785492,0.799621,0.798214,0.817258	-0.0691562,0.0360601,0.18762,-0.0331944,-0.100889,-0.0131049,-0.0121051,0.0874914,-0.0650638,0.107068,-0.0329739,0.0335072,0.000170913,0.00254005,0.0037462,0.0130744,-0.0101122,-0.0502163,-0.0256011,-0.0430829
