APHP	APLP	GH	9602.91	5358.32	7329.02	10162.5	3380.49	2674.7	8192.98	5654.49	-1578.46
APHP	APLP	GL	9648.72	5224.26	7442.58	18942.1	3377.22	2857.46	16723.4	5587.43	-1582.58
APHP	APLP	MADHP	14551	5472.02	4882.21	18078.5	3380.94	7514.18	18666.5	13038.7	-1575.73
APHP	APLP	MADLP	14598.7	5463.74	4883.69	18436.7	3380.07	7571.6	19015.4	13081.6	-1580.92
APHP	APLP	OH	14415	5448.39	4939.92	8165.12	3381.33	7389.39	8671.37	12846.4	-1580.7
APHP	APLP	OL	14486.2	5463.81	4911.54	9349.27	3380.9	7444.51	9904.54	12950.1	-1579.2
APHP	APLP	TACHP	10116.2	5522.89	6688.71	16892.5	3380.36	3042.77	15724.5	6806.49	-1582.25
APHP	APLP	TACLP	10091.9	5538.02	6678.35	21759.7	3379.45	2998.01	20619.3	6781.95	-1582.28
APHP	GH	GL	3627.53	3447.66	14464.9	18942.1	10164	2856.96	7927.36	-658.457	2669.44
APHP	GH	MADHP	11703.9	6869.53	5803.79	18077.5	10163.1	7509.84	19145.7	16063.7	2670.03
APHP	GH	MADLP	11749.9	6859.56	5819.3	18435.1	10162.9	7569.21	19477	16092.5	2671.11
APHP	GH	OH	11508.7	6786.69	5976.83	8164.43	10161.5	7392.07	8969.77	15691.7	2671.79
APHP	GH	OL	11580	6802.27	5940.12	9350.12	10162.5	7440.69	10210.9	15800.4	2667.26
APHP	GH	TACHP	6903.58	6554.86	8782.11	16901.9	10162.6	3046.06	14683.9	8294.03	2672.6
APHP	GH	TACLP	6902.76	6593.46	8747.73	21758.3	10163.5	2995.17	19606.7	8325.38	2666.07
APHP	GL	MADHP	11768	7113.48	5594.29	18077.7	18942.1	7510.52	19594.9	25114.6	2860.29
APHP	GL	MADLP	11819	7108.55	5598.46	18436	18942.1	7570.84	19946.1	25164	2860.86
APHP	GL	OH	11558.4	7016.25	5778.92	8164.43	18942.1	7392.14	9400.41	24722.5	2861.62
APHP	GL	OL	11642.3	7044.42	5715.1	9349.79	18942.1	7447.42	10678.7	24870.3	2860.12
APHP	GL	TACHP	6529.65	6360.8	9186.85	16891.7	18942.1	3044.6	14079.3	16284.3	2858.94
APHP	GL	TACLP	6497.34	6367.91	9177.94	21759.3	18942.1	3002.84	18953	16260.5	2863.22
APHP	MADHP	MADLP	3203.92	3148	19192	18437.3	18077.5	7575.64	2391.06	2090.08	7516.08
APHP	MADHP	OH	5517.44	5629.88	12988.8	8165.07	18078.5	7391.67	804.275	10612.5	7513.67
APHP	MADHP	OL	5102.42	5159.06	14083	9349.79	18078.5	7449.06	440.388	9100.67	7513.22
APHP	MADHP	TACHP	7611.75	12097.4	5237.09	16894.1	18078.5	3046.02	23755.3	20453.3	7512.32
APHP	MADHP	TACLP	7569.77	12094.9	5249.28	21759.3	18076.8	2997.34	28605.5	20399.3	7507.13
APHP	MADLP	OH	5548.38	5716.74	12868.4	8165.07	18434.8	7392.38	1016.2	11120.3	7573.99
APHP	MADLP	OL	5054.01	5166.58	14149.2	9349.79	18439	7447.44	381.039	9341.03	7570.13
APHP	MADLP	TACHP	7580.84	12122.4	5263.75	16889.7	18436.8	3047.02	23748.6	20758.9	7572.93
APHP	MADLP	TACLP	7551.03	12132.1	5267.82	21759.7	18436.9	3003.76	28625.6	20724.5	7575
APHP	OH	OL	5740.16	5684.37	12648.8	9350.12	8164.43	7449.86	2387.29	1266.56	7391.8
APHP	OH	TACHP	7469.9	11843.1	5501.06	16896.2	8164.43	3043.83	23239.5	10131.8	7389.09
APHP	OH	TACLP	7456.9	11869.6	5483.76	21758.7	8164.43	3003.34	28145.3	10134.4	7392.32
APHP	OL	TACHP	7524.66	11953.7	5384.55	16896.1	9349.27	3044.19	23465.9	11492.9	7447.92
APHP	OL	TACLP	7504.9	11973.4	5374.21	21758.7	9350.12	2997.67	28358.8	11481.6	7445.97
APHP	TACHP	TACLP	1675.17	1714.59	18797.6	21756.9	16893.9	3001.67	4675.32	-236.463	3046.52
APLP	GH	GL	3733.82	3801.57	12600.5	16723.4	8192.3	5589.76	7927.36	-659.957	5653.08
APLP	GH	MADHP	13332.8	5937.9	5461.97	18665.5	8193.03	13039.3	19145.7	16063.4	5651.9
APLP	GH	MADLP	13379.1	5938.02	5477.81	19015.4	8192.9	13082.7	19479.3	16092.1	5651.7
APLP	GH	OH	13102.6	5901.47	5600.08	8671.37	8192.26	12843.3	8969.77	15692.7	5648.27
APLP	GH	OL	13182.4	5881.63	5571.75	9904.54	8193.09	12948.8	10210.6	15801.4	5651.35
APLP	GH	TACHP	7696.61	6543.01	7604.44	15726.6	8192.86	6808.24	14675.1	8294.03	5654.23
APLP	GH	TACLP	7708.79	6569.12	7583.07	20618.9	8193.9	6785.58	19607.7	8325.38	5654.7
APLP	GL	MADHP	13568.3	6105.62	5176.24	18666.1	16723.3	13040.4	19594.9	25114.6	5590
APLP	GL	MADLP	13620.1	6111.28	5181.24	19018	16724.3	13081.1	19949.5	25165	5587.59
APLP	GL	OH	13317.5	6048.65	5319.78	8670.63	16723.4	12846	9400.41	24722.5	5588.17
APLP	GL	OL	13415.4	6046.96	5269.91	9904.54	16723.4	12948.3	10678	24870.3	5585.93
APLP	GL	TACHP	7489.72	6268.38	7928.59	15730.5	16723.4	6810.22	14088.5	16284.3	5592.18
APLP	GL	TACLP	7463.47	6256.04	7925.75	20619.3	16723.4	6782.28	18953.1	16260.5	5586.93
APLP	MADHP	MADLP	3117.1	3070.94	19695	19015.4	18665.6	13078.1	2390.47	2090.95	13035.6
APLP	MADHP	OH	5378.66	5572.44	13439.8	8671.37	18666.1	12846	804.392	10611.7	13041
APLP	MADHP	OL	4977.76	5071.94	14548.1	9904.95	18665.6	12948.4	440.388	9100.61	13039.5
APLP	MADHP	TACHP	6907.58	13148.9	5122.72	15723.7	18666.1	6807.68	23753.1	20452.3	13039.1
APLP	MADHP	TACLP	6876.6	13131.8	5145.91	20616.9	18666.1	6781.36	28604.1	20399.9	13040
APLP	MADLP	OH	5403.47	5643.4	13303.6	8671.37	19016.4	12844.9	1016.95	11122.6	13081.7
APLP	MADLP	OL	4925.4	5065.74	14600.6	9905.28	19015.9	12948.8	381.372	9339.44	13082.6
APLP	MADLP	TACHP	6882.98	13170.5	5145.93	15732.6	19013	6810.72	23759.2	20755.9	13082.4
APLP	MADLP	TACLP	6862.22	13163.6	5159.05	20618.5	19013	6784.86	28623.7	20719.8	13088.9
APLP	OH	OL	5657.81	5558.22	13074.9	9905.21	8671.37	12953.2	2387.76	1267.27	12849.7
APLP	OH	TACHP	6798.72	12846.3	5338.34	15736.5	8671.37	6806.02	23248.1	10131.8	12843.9
APLP	OH	TACLP	6798.44	12859.9	5333.77	20617.9	8672.37	6781.78	28144.5	10135.4	12846.6
APLP	OL	TACHP	6831.05	12978.2	5243.21	15731.2	9904.95	6807.55	23468.9	11493.6	12949.3
APLP	OL	TACLP	6822.1	12983.2	5243.68	20618.9	9905.28	6782.03	28359.3	11481.6	12946.3
APLP	TACHP	TACLP	1744.03	1757.95	17700.7	20618.9	15725.8	6784.33	4676.03	-239.588	6809.32
GH	GL	MADHP	19940.1	3202.58	2749.13	19146.7	7927.36	16062.7	19595.9	25114.6	-658.957
GH	GL	MADLP	19981.2	3213.22	2743.39	19478.8	7927	16092.1	19946.7	25164	-658.957
GH	GL	OH	19603.5	3234.31	2806.83	8969.77	7928	15692.3	9400.41	24723.1	-659.457
GH	GL	OL	19718	3240.68	2773.51	10210.9	7927.36	15801.2	10679	24870.3	-660.457
GH	GL	TACHP	12403.4	3444.56	4043.35	14676.4	7928	8294.03	14084.8	16285.3	-658.957
GH	GL	TACLP	12405.8	3413.35	4069.11	19606.7	7927.36	8324.38	18952	16260.5	-659.457
GH	MADHP	MADLP	3072.59	3042.15	20126.5	19475.9	19146	16091.5	2387.62	2090.41	16062.8
GH	MADHP	OH	5223.19	5591.5	13760.2	8969.77	19145	15694.6	804.392	10611.1	16064.8
GH	MADHP	OL	4840.35	5100.59	14886.7	10210.9	19146.7	15801.3	440.721	9100.67	16063.4
GH	MADHP	TACHP	6184.89	13963.6	4875.96	14674.9	19145.7	8295.03	23754	20452.3	16063.8
GH	MADHP	TACLP	6156.05	13901.2	4901.29	19606.7	19145.7	8325.38	28605.4	20399.9	16063.8
GH	MADLP	OH	5255.53	5654.28	13615.8	8969.77	19477.2	15693.2	1016.95	11121	16092.1
GH	MADLP	OL	4800.98	5091.65	14936.4	10211.3	19478.3	15800.4	382.039	9339.35	16091.5
GH	MADLP	TACHP	6173.28	13982.4	4896.45	14676.6	19479.8	8295.03	23754.8	20759.7	16093.1
GH	MADLP	TACLP	6156.11	13931.7	4913.16	19606.7	19478.2	8324.38	28624.6	20724	16092.1
GH	OH	OL	5616.88	5508.8	13335.3	10211.3	8969.77	15801.4	2387.76	1267.27	15693.6
GH	OH	TACHP	6192.69	13603	5033.7	14677.7	8969.77	8295.03	23242	10131.8	15693.6
GH	OH	TACLP	6205.22	13582	5041.94	19605.7	8969.77	8324.38	28144.3	10134.4	15693.2
GH	OL	TACHP	6213.5	13731.9	4935.53	14677.4	10211.3	8294.03	23465.1	11493.6	15800.4
GH	OL	TACLP	6217.02	13701.9	4948.48	19606.7	10210.6	8324.38	28358.3	11481.3	15801.2
GH	TACHP	TACLP	1768.94	1735.38	16664.1	19605.7	14674.9	8324.38	4675.26	-236.394	8294.03
GL	MADHP	MADLP	3047.64	3000.82	20555	19946.7	19594.9	25165	2390.63	2091.33	25115.6
GL	MADHP	OH	5150.01	5544.29	14140.5	9400.41	19594.9	24722.5	804.392	10611.7	25114.6
GL	MADHP	OL	4787.74	5034.26	15287.5	10678.7	19594.9	24871.2	440.388	9098.91	25115.6
GL	MADHP	TACHP	5665.88	14496.8	4810.4	14081.6	19595.9	16285.3	23752.9	20453.3	25115.6
GL	MADHP	TACLP	5612.06	14466.4	4810.74	18952	19595.9	16260.5	28605.1	20400.9	25114.6
GL	MADLP	OH	5161.31	5602.41	13991.4	9400.41	19945.1	24722.5	1016.74	11121.6	25164
GL	MADLP	OL	4733.93	5027.26	15339.2	10679	19946.6	24870.3	381.372	9339.12	25164
GL	MADLP	TACHP	5654.53	14532.3	4847.53	14093.4	19949	16284.3	23757.4	20761.8	25164
GL	MADLP	TACLP	5615.88	14517	4842.76	18954	19948.6	16260.5	28625.7	20723.9	25164
GL	OH	OL	5567.89	5420.12	13713.8	10679	9400.41	24870.3	2387.29	1267.08	24722.5
GL	OH	TACHP	5690.71	14127.3	4959.21	14083.5	9400.41	16284.3	23237.2	10131.8	24722.5
GL	OH	TACLP	5686.25	14146.3	4950.45	18951.1	9401.41	16260.5	28144.3	10135.4	24722.5
GL	OL	TACHP	5696.17	14280.6	4885.38	14081.5	10678.7	16284.3	23461	11493.6	24870.3
GL	OL	TACLP	5679.75	14287.6	4878.37	18951.1	10678.7	16260.5	28358.1	11481.3	24870.3
GL	TACHP	TACLP	1751.47	1774.88	16047.9	18953.1	14076.3	16260.5	4676.33	-247.243	16284.3
MADHP	MADLP	OH	12808.2	4291.42	4084.23	804.392	2391.55	10612.5	1016.95	11123.7	2091.08
MADHP	MADLP	OL	11303.7	4296.11	4354.79	440.388	2388.83	9100.67	381.039	9337.98	2091.33
MADHP	MADLP	TACHP	21322.6	2959.84	2961.5	23762.3	2392.92	20453.3	23759.6	20762.1	2091.33
MADHP	MADLP	TACLP	21277.7	2969.02	2950.39	28605.4	2388.23	20399.9	28624.6	20721.4	2091.08
MADHP	OH	OL	6908.84	8418.1	6458.55	440.721	804.392	9100.14	2387.09	1267.13	10611.7
MADHP	OH	TACHP	14846.5	5000.48	5518.74	23755.3	804.392	20453.3	23239.2	10131.8	10612.5
MADHP	OH	TACLP	14823.7	5031.91	5491.71	28606.1	804.392	20399.9	28145.5	10134.4	10611.7
MADHP	OL	TACHP	16021.7	4666.47	4957.67	23755.1	441.388	20452.3	23463	11493.6	9100.14
MADHP	OL	TACLP	15991	4689.88	4936.33	28606.1	440.721	20399.9	28359.3	11481.6	9100.14
MADHP	TACHP	TACLP	1324.82	1378.99	25307.6	28606.1	23760.9	20399.9	4676.09	-235.843	20452.3
MADLP	OH	OL	6787.17	8562.28	6544.06	381.372	1016.95	9339.01	2387.09	1267.27	11122.8
MADLP	OH	TACHP	14678.1	5041.01	5557.61	23754.1	1016.41	20759	23236.6	10131.8	11122.9
MADLP	OH	TACLP	14667.4	5064.14	5542.57	28624.6	1017.95	20726.9	28145.3	10135.4	11125
MADLP	OL	TACHP	16062.2	4649.92	4939.47	23752.3	381.039	20758.3	23463.5	11493.6	9338.47
MADLP	OL	TACLP	16043.1	4664.7	4929.78	28623.7	381.039	20722.5	28358.3	11481.3	9338.57
MADLP	TACHP	TACLP	1335.25	1369.12	25316.4	28625.6	23755.2	20723.9	4676.55	-243.599	20759.9
OH	OL	TACHP	14412.7	5535.31	5308.26	23240.6	2387.29	10131.8	23465.3	11493.9	1266.7
OH	OL	TACLP	14413	5531.29	5317.95	28145.4	2387.09	10134.4	28359.2	11480.6	1267.27
OH	TACHP	TACLP	1376.41	1372.11	24840.9	28143.5	23238.1	10134.4	4675.87	-241.552	10131.8
OL	TACHP	TACLP	1365.98	1375.4	25057.6	28359.3	23458.9	11480.6	4676.09	-243.969	11492.9
