-0.321507,-0.252333,-0.109244,0.014057,0.0154015,-0.119993,-0.0813173,0.0261148,0.539104,0.171337,0.210904,0.186393,0.314747,0.205231,0.157337,-0.00354826,-0.0821226,0.014199,-0.0722338,0.166546	-0.0371962,-0.0625505,-0.035155,-0.0498295,0.00644403,0.0691201,0.0339679,0.0477794,0.402276,-0.533794,-0.111028,-0.0548261,0.00817227,0.0675814,-0.0277378,-0.28292,-0.140769,-0.133759,-0.0569074,-0.130678	-0.287752,-0.192826,-0.0743743,0.0638418,0.00895831,-0.187558,-0.114968,-0.0216917,0.174719,0.646045,0.314566,0.238779,0.307365,0.139585,0.184271,0.279652,0.0593322,0.147677,-0.0153897,0.290893
0.370123,0.329413,0.343747,0.0261743,0.165818,0.559961,0.631842,0.656477,0.768805,0.183917,0.0363585,-0.139759,-0.239369,-0.165134,-0.209615,0.0833507,0.103352,0.0633458,-0.116653,0.256782	0.0362428,0.0567575,0.26805,0.0262577,0.0802864,0.370982,0.469052,0.417474,0.725682,-0.543861,-0.700628,-0.786866,-0.865089,-0.631044,-0.711537,-0.648294,-0.407519,-0.62173,-0.682196,-0.302602	0.33842,0.27785,0.0833796,-8.34548e-05,0.0866857,0.23853,0.231356,0.329234,0.0975426,0.661601,0.718679,0.727063,0.789129,0.520109,0.589906,0.694136,0.490224,0.659117,0.61444,0.519052
-0.567229,-0.512842,-0.417022,-0.0639996,-0.111922,-0.531276,-0.625084,-0.203073,-0.413007,-0.0184764,0.0612256,-0.186764,-0.215146,-0.221797,-0.243029,0.14359,0.269713,0.0495985,-0.0132398,0.0585996	-0.236731,-0.332721,-0.501045,-0.264821,-0.187765,-0.42957,-0.475266,-0.607888,-0.741019,-0.589982,-0.62263,-0.835218,-0.831554,-0.686549,-0.705743,-0.459904,-0.0300459,-0.205737,0.145999,-0.395262	-0.381761,-0.217179,0.106218,0.204283,0.0774715,-0.131781,-0.213138,0.461825,0.472671,0.577804,0.658743,0.768301,0.750715,0.548234,0.558507,0.56611,0.297349,0.252757,-0.158932,0.443587
-0.564523,-0.50746,-0.40635,-0.067794,-0.108726,-0.532592,-0.619333,-0.214422,-0.408872,-0.0177173,0.0685721,-0.150022,-0.219001,-0.218258,-0.223527,0.145942,0.260616,-0.0532009,-0.0188158,0.0662538	-0.238117,-0.334571,-0.542362,-0.269585,-0.20609,-0.437812,-0.456797,-0.631397,-0.738075,-0.589417,-0.62352,-0.822298,-0.83235,-0.686383,-0.684109,-0.45475,-0.0474999,-0.363902,-0.0182018,-0.383125	-0.377097,-0.208244,0.174461,0.205547,0.0995952,-0.123601,-0.22666,0.482267,0.471488,0.577732,0.663714,0.766881,0.750077,0.550612,0.543727,0.563307,0.304349,0.316835,-0.000614228,0.438254
-0.55317,-0.521011,-0.410882,-0.0541036,-0.0950487,-0.535502,-0.635557,-0.445293,-0.617818,-0.152784,0.0316329,-0.141256,-0.147515,-0.162143,-0.206402,0.146202,0.249807,-0.0222409,-0.0656279,0.0577359	-0.214606,-0.291488,-0.473646,-0.266699,-0.114859,-0.384425,-0.483663,-0.548012,-0.777589,-0.481397,-0.670412,-0.805861,-0.82125,-0.656872,-0.703195,-0.520905,-0.0922978,-0.373601,-0.229224,-0.412681	-0.38417,-0.270623,0.0779309,0.215708,0.0200288,-0.19024,-0.219308,0.135876,0.307493,0.354701,0.687466,0.749977,0.766606,0.553702,0.581139,0.619897,0.334395,0.354304,0.166095,0.45947
-0.56031,-0.528184,-0.41242,-0.0567744,-0.112742,-0.535309,-0.631985,-0.471759,-0.650314,-0.14712,0.0622255,-0.134922,-0.156468,-0.191358,-0.215128,0.116409,0.236722,-0.106325,-0.060283,0.0540382	-0.20078,-0.266865,-0.428076,-0.277063,-0.135019,-0.371165,-0.47811,-0.449797,-0.779243,-0.428714,-0.631728,-0.803526,-0.806726,-0.671657,-0.699925,-0.497059,-0.073585,-0.44837,-0.27305,-0.39086	-0.405104,-0.304197,0.0190119,0.223809,0.0226206,-0.204844,-0.220501,-0.0278775,0.261387,0.30055,0.667706,0.749904,0.744196,0.551135,0.570735,0.579913,0.304994,0.359167,0.216328,0.435696
-0.227474,-0.152489,-0.0486392,0.0345416,0.0422101,-0.0375674,0.0296786,-0.347908,-0.506798,-0.156532,-0.0559041,-0.0987172,-0.159295,0.157378,0.212796,-0.00870522,-0.104739,-0.23375,-0.346266,-0.0673341	-0.0075627,-0.0712535,-0.0688834,0.0439763,-0.0679141,0.0401005,0.0894148,-0.329146,-0.720084,-0.487236,-0.443446,-0.705496,-0.826423,-0.1984,-0.048939,-0.167508,-0.219652,-0.46835,-0.623797,-0.543313	-0.220291,-0.082128,0.0203123,-0.00944902,0.109809,-0.0775511,-0.0598951,-0.0211887,0.33585,0.358009,0.397393,0.652202,0.768267,0.345006,0.259038,0.159035,0.117619,0.263441,0.353994,0.494053
-0.567385,-0.524241,-0.396447,-0.0535651,-0.0920695,-0.527985,-0.617105,-0.471606,-0.719411,-0.397598,-0.118848,-0.0447616,-0.215607,0.159134,0.236611,0.00544534,-0.111662,-0.289204,-0.342977,-0.055125	-0.139662,-0.191211,-0.294245,-0.0599072,-0.134493,-0.321616,-0.448955,-0.277024,-0.797625,-0.378808,-0.0199306,-0.626643,-0.852161,-0.181795,0.0857955,-0.122325,-0.214998,-0.427551,-0.631988,-0.578008	-0.464534,-0.370132,-0.115699,0.00636256,0.0429557,-0.24858,-0.232589,-0.223824,0.183525,-0.0221226,-0.0991518,0.598674,0.779834,0.331343,0.15394,0.127686,0.105877,0.157867,0.368993,0.540092
-0.017406,0.109194,0.0893421,0.0506502,0.0916668,0.114772,0.200907,0.203053,0.57709,0.865459,0.379522,0.489657,0.539357,0.345934,0.398467,0.627898,0.594819,0.501935,0.664649,0.805704	-0.47159,-0.27743,-0.0408274,0.120546,0.0255088,-0.191475,-0.0268399,0.00839303,0.677342,0.819341,-0.444931,-0.522775,-0.585141,-0.272067,-0.299741,-0.194101,0.00923196,-0.225604,-0.250919,0.436132	0.457943,0.375255,0.129696,-0.0703252,0.0663131,0.299661,0.226525,0.194992,-0.164587,0.158539,0.705347,0.806089,0.854742,0.564839,0.623714,0.732701,0.588821,0.653534,0.784701,0.569793
0.0156192,0.00833469,0.290901,0.099395,0.00106122,0.032022,-0.118852,-0.0591558,-0.349588,0.100737,0.0967014,0.240984,0.201606,0.118648,0.19655,-0.215707,-0.312116,0.0633861,0.277288,0.426032	0.289739,0.111545,0.0747543,-0.0810513,-0.0708826,0.040213,0.110005,-0.52929,-0.688289,0.116554,-0.492607,-0.721658,-0.683501,-0.48154,-0.412519,-0.589317,-0.470933,-0.0504439,0.455996,0.130322	-0.275366,-0.103306,0.220951,0.179004,0.0719384,-0.00820161,-0.225903,0.48533,0.446022,-0.0160055,0.562513,0.820032,0.777912,0.56775,0.563389,0.42802,0.186183,0.113467,-0.204575,0.313094
0.014699,-0.0098864,0.301447,0.103135,0.00610206,0.0357852,-0.118384,-0.0699705,-0.348369,0.104378,0.101403,0.258532,0.200619,0.122008,0.163877,-0.223262,-0.302981,-0.011658,0.237452,0.414718	0.282949,0.0807678,-0.00751061,-0.0790967,-0.0891943,0.0338672,0.133713,-0.553533,-0.686681,0.1236,-0.494347,-0.707763,-0.683222,-0.481749,-0.409377,-0.590912,-0.47033,-0.214774,0.217212,0.133011	-0.269371,-0.0905819,0.30826,0.180757,0.0952445,0.00192027,-0.248168,0.503046,0.44469,-0.0194732,0.567312,0.816832,0.777299,0.57024,0.537213,0.423525,0.195159,0.203626,0.0213404,0.298154
0.0335312,0.00877474,0.307597,0.114631,0.0557914,0.0531674,-0.117557,-0.0526978,-0.425244,-0.240133,0.196474,0.248774,0.266619,0.172109,0.259905,-0.0923589,-0.245235,-0.182329,0.135472,0.375794	0.307123,0.198506,0.130756,-0.0783143,0.0424253,0.148198,0.121675,-0.238076,-0.634238,0.21453,-0.493513,-0.681943,-0.668287,-0.440651,-0.388981,-0.568759,-0.451286,-0.383825,-0.0786646,0.0637217	-0.276438,-0.190063,0.184251,0.191228,0.0133978,-0.0957856,-0.235858,0.187734,0.286177,-0.432388,0.628998,0.795723,0.793518,0.569565,0.589308,0.502813,0.231693,0.216658,0.211878,0.319729
0.0330956,0.0133008,0.299233,0.133028,0.0639491,0.056505,-0.118026,-0.030874,-0.447609,-0.342318,0.124648,0.22471,0.199545,0.141723,0.225852,-0.156233,-0.267964,-0.0936022,0.126507,0.347732	0.35202,0.263357,0.206527,-0.0726197,0.0472482,0.176472,0.123169,-0.0127793,-0.619182,0.203012,-0.488749,-0.688109,-0.66154,-0.463555,-0.403963,-0.572393,-0.447313,-0.337064,-0.140833,0.0748537	-0.322684,-0.250935,0.0988127,0.20368,0.0167516,-0.121176,-0.237739,-0.0181018,0.237358,-0.509895,0.578174,0.790577,0.760671,0.567965,0.577158,0.457031,0.203775,0.251394,0.26266,0.280171
0.053832,0.0146385,0.136308,0.172524,0.0513585,0.060944,-0.00235182,-0.050733,-0.158649,-0.00777653,-0.0898194,0.275052,0.458252,0.259316,0.0984484,0.0248675,0.148099,-0.294481,-0.337155,-0.187932	-0.0653054,-0.113857,0.0403204,0.269323,-0.0470782,-0.0589922,-0.0618624,-0.0454489,-0.459344,0.545944,-0.282018,-0.477718,-0.560782,0.00446253,0.0375077,0.194311,0.0655155,-0.428741,-0.626813,-0.445381	0.11872,0.128282,0.096518,-0.101516,0.0981992,0.119507,0.0595192,-0.0052964,0.32433,-0.551379,0.197194,0.665345,0.810701,0.255149,0.0611665,-0.170266,0.0833929,0.153661,0.367275,0.280966
0.063993,9.47191e-05,0.31205,0.307703,0.0783091,0.0490165,-0.122948,-0.080753,-0.478534,-0.631884,-0.344558,0.186021,0.496934,0.256841,0.0943484,0.00298187,0.175653,-0.419373,-0.409033,-0.237094	0.484956,0.353133,0.414812,0.387557,0.0389863,0.233233,0.135113,0.229123,-0.583851,0.020481,-0.0295539,-0.414247,-0.579413,0.0182563,0.153124,0.215774,0.108636,-0.451756,-0.679329,-0.520962	-0.434445,-0.35305,-0.118041,-0.0906662,0.0394431,-0.186347,-0.253845,-0.304247,0.14615,-0.64403,-0.318245,0.557321,0.835719,0.239709,-0.0596373,-0.21293,0.0683212,0.039951,0.374304,0.323872
-0.839582,-0.766514,-0.685563,-0.0898887,-0.326847,-0.808174,-0.907416,-0.360368,-0.525376,0.0678245,0.659467,0.745173,0.617348,0.888626,0.733002,0.221459,-0.39206,-0.309194,-0.666197,0.48734	-0.634546,-0.602389,-0.726119,-0.286692,-0.33098,-0.733531,-0.85429,-0.623747,-0.782237,0.111825,0.874299,0.271719,0.763672,0.781692,0.789272,0.477727,-0.207434,0.340757,0.0965685,0.55323	-0.438819,-0.304917,0.0807557,0.202009,0.00463341,-0.183319,-0.236321,0.339746,0.436074,-0.0443368,-0.507361,0.593656,-0.276842,0.35018,-0.133513,-0.286589,-0.20097,-0.587999,-0.71666,-0.0902134
-0.840496,-0.782148,-0.664915,-0.0771518,-0.316415,-0.807798,-0.898773,-0.367051,-0.524296,0.0733193,0.646958,0.720769,0.619278,0.89055,0.707551,0.213916,-0.399138,-0.208867,-0.635994,0.467384	-0.640004,-0.635254,-0.740788,-0.275884,-0.338919,-0.736819,-0.837483,-0.645333,-0.78097,0.120934,0.856235,0.267713,0.763452,0.781298,0.787714,0.465985,-0.221361,0.368344,0.0466638,0.553462	-0.433892,-0.291955,0.149522,0.203054,0.025207,-0.175344,-0.247843,0.364659,0.434643,-0.0480406,-0.469176,0.56138,-0.273465,0.359131,-0.181097,-0.279978,-0.195007,-0.535976,-0.662982,-0.116114
-0.832341,-0.793315,-0.683965,-0.0885579,-0.17303,-0.809736,-0.910338,-0.650871,-0.716335,-0.276988,0.687621,0.654201,0.546438,0.835238,0.717083,0.297347,-0.309864,-0.317647,-0.58406,0.406241	-0.617656,-0.61858,-0.710892,-0.292928,-0.130314,-0.711304,-0.8572,-0.66867,-0.828695,0.188172,0.798002,0.384714,0.721551,0.764845,0.733865,0.452734,-0.132702,0.175702,0.0390949,0.445385	-0.441831,-0.343107,0.0524112,0.209813,-0.0437017,-0.232132,-0.24191,0.0315158,0.276494,-0.442116,-0.244598,0.360122,-0.289101,0.194901,-0.0354235,-0.17956,-0.184759,-0.46727,-0.609243,-0.047791
-0.843863,-0.803089,-0.694753,-0.050948,-0.1882,-0.805537,-0.906739,-0.711098,-0.76352,-0.367057,0.596993,0.577627,0.473362,0.834177,0.722494,0.209885,-0.391532,-0.193672,-0.550492,0.366264	-0.631698,-0.61798,-0.691856,-0.270829,-0.14984,-0.699138,-0.85129,-0.645809,-0.845749,0.190262,0.804148,0.311468,0.723024,0.751971,0.763304,0.436502,-0.212164,0.305519,0.0280804,0.449045	-0.45438,-0.367492,-0.0055779,0.222957,-0.0394731,-0.243577,-0.243089,-0.120735,0.232119,-0.520938,-0.398429,0.324549,-0.379571,0.220555,-0.0909884,-0.249472,-0.195617,-0.471304,-0.569765,-0.0990757
-0.336832,-0.199463,-0.018394,0.227342,0.0575036,-0.0447197,0.0467179,-0.474105,-0.453693,-0.00716326,-0.270552,0.410157,0.747709,-0.182111,-0.666734,-0.675088,-0.352058,-0.394789,-0.488146,-0.174019	0.150262,0.106229,0.00914155,0.238706,0.0193604,0.176991,0.233128,-0.356501,-0.666801,0.587884,0.345504,0.792333,0.890672,0.280969,-0.251353,-0.0448063,0.0999253,0.135395,-0.158807,-0.242005	-0.463628,-0.299349,-0.0275309,-0.0120167,0.0381858,-0.219969,-0.188462,-0.141524,0.305542,-0.592552,-0.563392,-0.56617,-0.427988,-0.440539,-0.499008,-0.649941,-0.436624,-0.503283,-0.357016,0.0709753
-0.863236,-0.827444,-0.705743,0.0942164,-0.145151,-0.796415,-0.89684,-0.699037,-0.764999,-0.637665,-0.956862,0.10999,0.86542,-0.204743,-0.71715,-0.684136,-0.312355,-0.527188,-0.572229,-0.220451	-0.637761,-0.62711,-0.630013,0.0865826,-0.125776,-0.664111,-0.832523,-0.512175,-0.822568,0.033326,-0.85391,0.69413,0.911813,0.264242,-0.301087,-0.045588,0.174205,0.0817372,-0.317536,-0.338981	-0.501656,-0.416406,-0.13636,0.0076966,-0.0197354,-0.280846,-0.253855,-0.291075,0.155284,-0.657029,-0.562808,-0.632423,-0.219977,-0.444914,-0.530641,-0.659104,-0.461451,-0.58377,-0.311247,0.128103
0.848664,0.83672,0.821438,0.401616,0.650782,0.894516,0.922764,0.716723,0.976747,0.905105,0.95588,0.958868,0.917449,0.993991,0.893083,0.887704,0.956839,0.881112,0.850845,0.812267	0.844567,0.825361,0.729343,0.39696,0.616443,0.881653,0.94907,0.665028,0.978145,0.908438,0.950262,0.969075,0.916146,0.992445,0.912675,0.887434,0.949343,0.737589,0.62581,0.831511	0.0144647,0.0367125,0.229724,0.00553884,0.0573425,0.0608598,-0.211743,0.098775,-0.0313475,-0.0187441,0.0612884,-0.144201,0.00817268,0.114392,-0.105958,0.00127238,0.0818039,0.409947,0.481325,-0.0592854
0.772694,0.66501,0.696513,0.29559,0.177181,0.716658,0.899872,0.0133404,0.397958,0.0926922,0.777878,0.672179,0.735631,0.836305,0.775808,0.653738,0.742432,0.544246,0.690922,0.725351	0.76738,0.76224,0.738881,0.277127,0.241832,0.837236,0.910063,0.396114,0.713843,0.5746,0.680778,0.864786,0.762863,0.865276,0.741798,0.568121,0.705081,0.353068,0.232367,0.698185	0.013054,-0.197181,-0.0872915,0.0201101,-0.0675456,-0.301454,-0.0562875,-0.384807,-0.441229,-0.509018,0.206404,-0.460003,-0.0620586,-0.104831,0.0801163,0.136204,0.0783837,0.236652,0.546254,0.0550394
0.76434,0.63283,0.667793,0.324866,0.167404,0.673123,0.904776,-0.148006,0.217892,0.0269933,0.813068,0.760028,0.782121,0.922739,0.863883,0.806148,0.906919,0.767587,0.677887,0.63608	0.815563,0.796328,0.798234,0.294222,0.226686,0.82861,0.918308,0.499163,0.617719,0.631782,0.811301,0.927032,0.865963,0.940239,0.852199,0.78495,0.89746,0.535243,0.156389,0.65637	-0.136003,-0.329593,-0.27935,0.0338821,-0.0616213,-0.351587,-0.0800088,-0.602646,-0.462012,-0.615281,0.00519072,-0.565291,-0.259807,-0.132171,0.0442913,0.0577269,0.0508361,0.394368,0.58334,-0.0348335
0.153826,-0.0211869,-0.0193251,-0.136708,-0.0838013,-0.0222744,-0.0465504,-0.58006,-0.226143,-0.282359,-0.324861,-0.101988,0.510158,-0.435413,-0.691445,-0.737956,-0.396969,-0.0987002,-0.308797,-0.275774	-0.195392,-0.219136,0.104696,0.125478,-0.114405,-0.135685,-0.283146,-0.122237,0.0626038,0.091348,0.113753,0.61741,0.547875,0.0394938,-0.343357,-0.443602,-0.271117,-0.183861,-0.65562,-0.367799	0.339028,0.198872,-0.12377,-0.257765,0.0309003,0.113754,0.239755,-0.492762,-0.284716,-0.36431,-0.422984,-0.676781,-0.0523483,-0.466879,-0.456456,-0.43761,-0.14103,0.0867352,0.434863,0.102413
0.698745,0.438933,0.564494,0.13354,0.0652151,0.555514,0.850641,-0.521855,-0.0876139,-0.578842,-0.94308,-0.343062,0.649534,-0.445297,-0.747208,-0.724909,-0.40309,-0.184514,-0.302122,-0.298342	0.839913,0.750204,0.906246,0.430267,0.0963717,0.80336,0.897706,0.311821,0.460277,0.0695138,-0.838557,0.479925,0.568499,0.0281425,-0.410549,-0.40508,-0.268332,-0.137083,-0.675473,-0.437353	-0.341716,-0.464091,-0.699697,-0.314815,-0.0313536,-0.4476,-0.19911,-0.717002,-0.526653,-0.623277,-0.499697,-0.706642,0.128477,-0.46758,-0.485636,-0.452788,-0.151102,-0.0486619,0.469079,0.159871
0.765443,0.644567,0.610854,0.301983,0.158065,0.718322,0.932391,-0.00852636,0.398503,0.0902258,0.772416,0.666498,0.736198,0.837293,0.771324,0.647168,0.724965,0.578041,0.546276,0.66633	0.764608,0.751023,0.756326,0.288452,0.249063,0.850608,0.910263,0.415234,0.710736,0.57051,0.681832,0.844584,0.764914,0.86826,0.715606,0.562835,0.695908,0.527399,0.299491,0.619882	0.00201244,-0.206344,-0.270396,0.014822,-0.0947265,-0.340076,0.146269,-0.422266,-0.435611,-0.506348,0.191371,-0.407438,-0.0657328,-0.113427,0.124361,0.132651,0.0586436,0.072852,0.295057,0.0791353
0.758194,0.607244,0.575465,0.32518,0.148316,0.678216,0.935436,-0.175718,0.219698,0.0256668,0.830294,0.756501,0.780792,0.922586,0.861257,0.8022,0.888466,0.830446,0.639491,0.62345	0.81358,0.780538,0.807982,0.299794,0.233523,0.844527,0.915596,0.499376,0.615622,0.630394,0.833891,0.909067,0.865932,0.941773,0.829322,0.781482,0.886654,0.742773,0.322697,0.623699	-0.144556,-0.329442,-0.434583,0.0281281,-0.0882635,-0.389278,0.138241,-0.620634,-0.457848,-0.614673,-0.0116921,-0.488541,-0.262871,-0.146319,0.111763,0.0555307,0.00853427,0.228809,0.399167,-0.000407171
0.14297,-0.0436456,-0.0952598,-0.141057,-0.0863676,-0.0272729,-0.0234416,-0.610843,-0.228287,-0.274797,-0.333582,-0.104387,0.512894,-0.438914,-0.691636,-0.73039,-0.395187,-0.0972891,-0.356087,-0.258258	-0.198773,-0.229042,0.115345,0.122391,-0.0939261,-0.130275,-0.279351,-0.14859,0.0570728,0.100597,0.106771,0.596629,0.55227,0.0366308,-0.367872,-0.43267,-0.260755,-0.0798158,-0.633172,-0.360597	0.332299,0.187269,-0.208316,-0.258978,0.00762033,0.103369,0.257596,-0.508399,-0.281689,-0.365296,-0.425208,-0.659916,-0.0549376,-0.46802,-0.434252,-0.435274,-0.149876,-0.01761,0.357744,0.112849
0.690089,0.419969,0.456431,0.125475,0.0439006,0.547309,0.880672,-0.55094,-0.0876533,-0.57467,-0.938922,-0.342921,0.652804,-0.448909,-0.748321,-0.714635,-0.398635,-0.145384,-0.343677,-0.292367	0.835019,0.744582,0.89804,0.423525,0.100083,0.807735,0.892578,0.280395,0.456397,0.079782,-0.825594,0.463073,0.57348,0.0249651,-0.43584,-0.38889,-0.254574,0.0208733,-0.643171,-0.438752	-0.342009,-0.472303,-0.748353,-0.314778,-0.0564307,-0.46678,-0.0556562,-0.720094,-0.523123,-0.625762,-0.504057,-0.695543,0.12679,-0.468623,-0.463724,-0.451117,-0.160332,-0.165754,0.384481,0.167926
0.747674,0.72235,0.68752,0.291395,0.291789,0.809285,0.913545,0.236449,0.495403,0.214845,0.638933,0.704245,0.645982,0.810644,0.714789,0.549804,0.675277,0.585742,0.521705,0.55345	0.804175,0.785255,0.777137,0.279944,0.287868,0.84308,0.916693,0.514177,0.600673,0.350644,0.730484,0.694501,0.711306,0.801821,0.736153,0.610995,0.702468,0.544159,0.436825,0.600145	-0.141697,-0.145354,-0.192434,0.0124674,0.00428044,-0.106372,-0.0193636,-0.316167,-0.149866,-0.146862,-0.171678,0.0190721,-0.120856,0.0252079,-0.0450898,-0.0921447,-0.0517283,0.0610383,0.109934,-0.069918
0.176073,0.0568152,0.0224521,-0.148776,0.0161879,0.0856318,-0.0391082,-0.0506545,0.232641,-0.105856,-0.32649,-0.0170046,0.487341,-0.449199,-0.659173,-0.72466,-0.395516,-0.134022,-0.266916,-0.252042	-0.176766,-0.217957,0.109504,0.12121,-0.0643881,-0.114637,-0.283901,0.194229,0.24992,-0.121434,0.187031,0.549871,0.494904,0.00608895,-0.246267,-0.339792,-0.225919,-0.0764203,-0.503698,-0.334584	0.342189,0.271411,-0.0872663,-0.265203,0.0804921,0.198322,0.247541,-0.242498,-0.0183455,0.0157809,-0.483968,-0.561624,-0.00996652,-0.454046,-0.492924,-0.510593,-0.186239,-0.0581974,0.273562,0.0901437
0.711162,0.577185,0.623999,0.118641,0.221216,0.720757,0.861868,0.0800284,0.439019,-0.265414,-0.918865,-0.285422,0.627897,-0.460606,-0.706918,-0.730563,-0.394028,-0.131202,-0.245252,-0.282237	0.85837,0.776921,0.918385,0.423011,0.192492,0.849296,0.89817,0.744617,0.751792,0.258459,-0.747843,0.408013,0.517082,-0.00538255,-0.288691,-0.33745,-0.211813,0.0906032,-0.510686,-0.413288	-0.377881,-0.362121,-0.689545,-0.320453,0.0300008,-0.331404,-0.160701,-0.706702,-0.46686,-0.490243,-0.546686,-0.621104,0.164091,-0.456355,-0.525465,-0.521735,-0.198808,-0.219199,0.303439,0.148356
0.218359,0.117164,0.0900124,-0.146044,0.026186,0.1096,-0.0435464,0.235076,0.371767,-0.0548418,-0.332589,-0.0655095,0.481523,-0.430228,-0.673232,-0.72355,-0.373218,-0.113737,-0.31338,-0.28239	-0.176348,-0.211201,0.0996294,0.138523,-0.0512988,-0.114089,-0.289129,0.217524,0.279281,-0.171408,0.110733,0.483627,0.418261,0.0394632,-0.293895,-0.391684,-0.229003,-0.0198595,-0.504923,-0.38173	0.380072,0.320436,-0.00970402,-0.278924,0.0773808,0.220926,0.248714,0.0184983,0.103201,0.117673,-0.427575,-0.532273,0.0792166,-0.46185,-0.472906,-0.463113,-0.157692,-0.0940904,0.227549,0.111342
0.781717,0.676637,0.707665,0.121653,0.247495,0.760181,0.867734,0.389802,0.582409,-0.167651,-0.917967,-0.317422,0.612019,-0.440099,-0.721094,-0.723619,-0.370185,-0.132442,-0.285538,-0.31107	0.869217,0.798509,0.910784,0.442956,0.222206,0.851078,0.900983,0.801114,0.792107,0.304881,-0.762109,0.35264,0.430913,0.0291213,-0.33982,-0.378264,-0.214334,0.12783,-0.499096,-0.45472	-0.272994,-0.265112,-0.571409,-0.339603,0.0267604,-0.257479,-0.152389,-0.598076,-0.389288,-0.449554,-0.518818,-0.602609,0.245977,-0.463283,-0.505027,-0.475512,-0.169282,-0.255939,0.24905,0.167317
-0.0691639,-0.141304,0.196505,0.591468,0.0512052,-0.0157278,-0.220541,0.36192,0.380997,0.0209345,-0.166631,0.537154,0.891355,0.925056,0.432888,0.726666,0.907486,0.693333,0.601036,0.790216	0.449677,0.286803,0.363526,0.566377,0.10954,0.281,0.0520118,0.765574,0.690101,0.657737,0.402721,0.854784,0.792934,0.950412,0.614812,0.781725,0.933328,0.886949,0.572839,0.694084	-0.503191,-0.411433,-0.17987,0.0377303,-0.0586642,-0.295422,-0.269462,-0.558364,-0.419366,-0.645694,-0.533547,-0.587279,0.335662,-0.209868,-0.247902,-0.127466,-0.168884,-0.502835,0.0430028,0.212905
-0.36806,-0.190339,-0.1961,0.0266267,-0.06282,-0.449381,-0.418161,-0.492963,-0.231975,0.849343,0.427694,0.666929,0.807489,0.56004,0.609,0.543337,0.480695,0.459288,0.702177,0.731103	-0.305054,-0.0653489,0.107651,0.112953,0.0138646,-0.156445,0.108008,-0.0384688,0.620298,0.807342,-0.531212,-0.55649,-0.624103,-0.333686,-0.339325,-0.192471,0.0585443,-0.234135,-0.205756,0.402321	-0.0709748,-0.126565,-0.297471,-0.0865867,-0.0766179,-0.315088,-0.503432,-0.463279,-0.745063,0.133636,0.781379,0.892264,0.951884,0.753006,0.785916,0.666145,0.434374,0.626096,0.793317,0.465789
0.579564,0.513238,0.669055,0.163595,0.110342,0.566294,0.572538,0.156097,0.117594,0.126307,0.0533853,0.485399,0.48398,0.394261,0.452242,-0.337123,-0.527116,0.0211847,0.288127,0.441822	0.418647,0.265197,0.118042,-0.0882745,-0.0804986,0.111105,0.118825,-0.530956,-0.811416,-0.00021064,-0.586166,-0.731317,-0.718101,-0.527961,-0.444254,-0.60158,-0.48464,-0.0676119,0.568787,0.0308008	0.21247,0.287121,0.598261,0.248283,0.189161,0.485751,0.486834,0.634468,0.848087,0.126514,0.620145,0.897959,0.892052,0.763331,0.746514,0.331736,-0.0570497,0.0886696,-0.335671,0.416692
0.576332,0.492791,0.666296,0.170829,0.112401,0.57048,0.566055,0.154596,0.112255,0.129665,0.0517974,0.455127,0.486456,0.393252,0.394531,-0.346403,-0.509366,0.0367554,0.253126,0.422871	0.413165,0.241994,0.0471313,-0.0861708,-0.0976096,0.105958,0.132192,-0.552767,-0.81029,0.00621466,-0.589334,-0.721584,-0.717302,-0.528297,-0.441686,-0.604155,-0.477517,-0.225938,0.306534,0.0315303	0.214164,0.284755,0.639239,0.253271,0.207731,0.494407,0.468954,0.651674,0.845627,0.12355,0.62214,0.885802,0.892376,0.763027,0.712123,0.325972,-0.0420865,0.260529,-0.0579006,0.396629
0.577152,0.520869,0.671902,0.168601,0.149793,0.587087,0.583518,0.432288,0.356173,-0.162417,0.20653,0.432383,0.47144,0.379206,0.480776,-0.218871,-0.445753,-0.170911,0.197086,0.384148	0.433366,0.318525,0.163866,-0.0860606,0.0265964,0.184171,0.125493,-0.204431,-0.715269,0.0660819,-0.582388,-0.699955,-0.711122,-0.496148,-0.426644,-0.573847,-0.442571,-0.399244,-0.00711313,-0.0390097	0.191745,0.242592,0.570892,0.251019,0.123689,0.451763,0.494215,0.585019,0.853902,-0.226073,0.704215,0.869258,0.885648,0.736742,0.752971,0.405965,-0.00396435,0.245054,0.203914,0.416911
0.584011,0.532136,0.667193,0.188522,0.174278,0.588162,0.579728,0.479988,0.378971,-0.285519,0.0865658,0.404311,0.413029,0.383421,0.454588,-0.2546,-0.457746,-0.00138774,0.181752,0.354371	0.453918,0.355539,0.225401,-0.0800153,0.0309239,0.201444,0.126401,-0.0282598,-0.691731,0.0398136,-0.584489,-0.708221,-0.707488,-0.515766,-0.438985,-0.575276,-0.441238,-0.337362,-0.0728047,-0.0305056	0.17702,0.217804,0.519991,0.264546,0.144131,0.438695,0.489173,0.501446,0.848318,-0.321676,0.638736,0.864881,0.86713,0.750726,0.744919,0.375704,-0.0206857,0.336131,0.251233,0.38076
0.274747,0.162965,0.183309,0.139017,0.0117265,0.100436,-0.0345725,0.347825,0.495783,0.116879,-0.0559432,0.393918,0.658217,0.156311,-0.100726,0.0311095,0.237214,-0.093901,0.0156565,-0.166369	0.306503,0.154092,0.145703,0.260085,-0.0633367,0.0696463,0.0254871,-0.0597218,-0.616533,0.397085,-0.410637,-0.524217,-0.611573,-0.164647,-0.123833,0.186216,0.13451,-0.404173,-0.488119,-0.531552	-0.0346754,0.00910108,0.0386383,-0.125609,0.0750075,0.0310069,-0.0600067,0.399253,0.851914,-0.293843,0.363034,0.760991,0.905345,0.312905,0.0233984,-0.15601,0.106089,0.322512,0.499955,0.40061
0.619773,0.516939,0.663069,0.362624,0.168267,0.574688,0.557794,0.448662,0.376825,-0.471658,-0.310661,0.243829,0.741286,0.1502,-0.131829,-0.00180324,0.268056,-0.182278,-0.0490153,-0.241523	0.543128,0.41269,0.389821,0.354069,0.0239991,0.239316,0.133838,0.132315,-0.646557,-0.13124,-0.226915,-0.48055,-0.620751,-0.15202,0.000398277,0.208515,0.173716,-0.410314,-0.533833,-0.611632	0.115536,0.13252,0.368497,0.00981532,0.144852,0.388851,0.458159,0.336313,0.822893,-0.36288,-0.0900967,0.648404,0.932804,0.295473,-0.13222,-0.210239,0.0989482,0.246469,0.497844,0.434259
-0.603086,-0.494242,-0.397956,-0.0274856,-0.265616,-0.608928,-0.780591,-0.383377,-0.505855,0.0905912,0.630219,0.792753,0.679975,0.922463,0.769255,0.131288,-0.56315,-0.330989,-0.632956,0.527439	-0.700611,-0.671861,-0.769508,-0.305813,-0.452632,-0.845236,-0.925348,-0.872123,-0.96113,-0.0123544,0.872635,0.310806,0.811434,0.789157,0.797708,0.478116,-0.312038,0.29373,0.221374,0.416107	0.168884,0.265921,0.535555,0.280687,0.212573,0.486919,0.521307,0.734242,0.886081,0.102831,-0.538643,0.639521,-0.293276,0.490039,-0.0736435,-0.370057,-0.304646,-0.569365,-0.749333,0.142637
-0.607185,-0.531963,-0.37267,-0.0106892,-0.256577,-0.608499,-0.7595,-0.377284,-0.512609,0.0960313,0.614683,0.746181,0.683415,0.92146,0.740604,0.121165,-0.562997,-0.188504,-0.597323,0.500636	-0.704506,-0.697941,-0.778106,-0.294163,-0.457406,-0.846655,-0.915431,-0.876038,-0.96124,-0.00381882,0.858211,0.308211,0.809645,0.789075,0.796717,0.466104,-0.324394,0.317962,0.162997,0.41383	0.170071,0.263993,0.571019,0.284367,0.227532,0.491235,0.511699,0.744981,0.884422,0.0998135,-0.515434,0.568778,-0.282597,0.485108,-0.136878,-0.365585,-0.291917,-0.477827,-0.692861,0.10949
-0.606543,-0.543805,-0.406943,-0.0375324,-0.101184,-0.622,-0.780817,-0.577771,-0.476457,-0.208242,0.685251,0.68188,0.570114,0.84692,0.741831,0.217619,-0.466913,-0.318645,-0.524712,0.432183	-0.696914,-0.688276,-0.760939,-0.313148,-0.265307,-0.839154,-0.926283,-0.883568,-0.950017,0.0333716,0.795925,0.422313,0.781434,0.787176,0.757315,0.439601,-0.222174,0.133723,0.148857,0.29832	0.156544,0.23089,0.512784,0.278893,0.16865,0.454254,0.525636,0.624713,0.865174,-0.239946,-0.243458,0.364543,-0.381104,0.179236,-0.0353357,-0.245465,-0.273065,-0.43388,-0.62477,0.153676
-0.620084,-0.555754,-0.429845,0.00562291,-0.100733,-0.61335,-0.77517,-0.67138,-0.525455,-0.318238,0.571487,0.60605,0.511533,0.858341,0.747326,0.141688,-0.540739,-0.149163,-0.494151,0.388713	-0.7019,-0.686101,-0.752073,-0.289133,-0.279408,-0.831005,-0.923819,-0.893851,-0.952825,0.0191714,0.806214,0.35273,0.780659,0.769497,0.779208,0.422275,-0.310211,0.2567,0.131929,0.297019	0.144868,0.210681,0.476157,0.294278,0.183849,0.443919,0.523628,0.556337,0.855882,-0.335363,-0.435276,0.322196,-0.448046,0.261681,-0.076333,-0.298443,-0.276991,-0.390895,-0.587762,0.103662
-0.215188,-0.0830336,0.0612631,0.203974,0.0220322,-0.0160339,0.0449226,-0.380201,-0.0105264,0.11761,-0.255722,0.426009,0.744079,-0.227121,-0.704697,-0.664258,-0.296665,-0.290897,-0.284054,-0.159622	-0.266156,-0.239388,-0.315287,0.224913,-0.127311,-0.421863,-0.465522,-0.788739,-0.867045,0.432921,0.325411,0.805894,0.906221,0.434374,-0.0865522,-0.118019,-0.00382117,0.0788203,-0.0563257,-0.372666	0.0540651,0.159525,0.369414,-0.0219456,0.148925,0.408593,0.499989,0.583525,0.864408,-0.332227,-0.536489,-0.578492,-0.497825,-0.602095,-0.658296,-0.592704,-0.293176,-0.36143,-0.231431,0.226519
-0.657227,-0.609468,-0.469622,0.161525,-0.0723184,-0.613153,-0.77822,-0.662771,-0.34827,-0.486103,-0.95508,0.120533,0.870782,-0.249338,-0.760845,-0.677867,-0.251137,-0.412868,-0.383838,-0.22571	-0.712513,-0.698788,-0.718481,0.058224,-0.253569,-0.819906,-0.923051,-0.863901,-0.912931,-0.131943,-0.860651,0.726099,0.920214,0.418037,-0.140324,-0.120573,0.0626927,0.022245,-0.199974,-0.467158	0.103976,0.15558,0.375587,0.104281,0.184636,0.415775,0.5142,0.470554,0.827884,-0.378432,-0.530472,-0.663647,-0.248784,-0.604379,-0.694689,-0.606897,-0.308965,-0.431153,-0.19915,0.269907
0.900285,0.876791,0.850709,0.426653,0.675868,0.923519,0.942253,0.74808,0.97984,0.90485,0.953612,0.947258,0.923846,0.993946,0.89787,0.871186,0.958955,0.925263,0.86649,0.806287	0.897549,0.871407,0.784271,0.418387,0.646623,0.913104,0.961311,0.69262,0.982045,0.908797,0.953673,0.974412,0.920579,0.994747,0.920155,0.874432,0.938534,0.688756,0.634121,0.832893	0.0142582,0.0228152,0.199628,0.010062,0.0519469,0.0664469,-0.202311,0.115095,-0.0584108,-0.0222118,-0.000681121,-0.352747,0.0218467,-0.0710094,-0.128203,-0.0136293,0.204237,0.652037,0.515757,-0.0810043
0.862585,0.813851,0.770693,0.320776,0.247221,0.845719,0.939386,0.306259,0.654496,0.184907,0.779382,0.680471,0.735029,0.836087,0.787308,0.615138,0.709254,0.571473,0.742501,0.721551	0.877563,0.846299,0.806575,0.310677,0.313519,0.896206,0.942504,0.449966,0.724674,0.559967,0.654277,0.886032,0.803728,0.900069,0.776479,0.514541,0.626372,0.31698,0.233132,0.691448	-0.0616334,-0.104253,-0.0948297,0.0112172,-0.0718681,-0.208573,-0.0272076,-0.166675,-0.133494,-0.41838,0.255281,-0.517679,-0.167872,-0.258552,0.0278617,0.147182,0.149136,0.310792,0.615998,0.060076
0.866356,0.807769,0.753206,0.349229,0.255659,0.830788,0.941585,0.177721,0.549673,0.111149,0.805145,0.757537,0.778967,0.921846,0.866229,0.797716,0.910434,0.842675,0.724283,0.627889	0.891081,0.858911,0.852446,0.325303,0.296402,0.891188,0.94899,0.548709,0.644304,0.619292,0.802223,0.939385,0.884892,0.95517,0.869684,0.748471,0.860208,0.481987,0.16109,0.644369	-0.10844,-0.167023,-0.277258,0.0269923,-0.0440828,-0.232655,-0.0695675,-0.411075,-0.146523,-0.545706,0.00825148,-0.630584,-0.340924,-0.278909,-0.0140089,0.122217,0.231631,0.60738,0.637582,-0.027679
0.256316,0.0926893,0.00857077,-0.156756,-0.116809,0.00929912,-0.0471509,-0.408249,0.106637,-0.192784,-0.309981,-0.0587021,0.539312,-0.468884,-0.725515,-0.748482,-0.379057,0.104046,0.0623844,-0.255302	0.448269,0.33048,0.503173,0.201563,-0.0210446,0.452313,0.419121,0.0934568,0.334197,0.102841,0.0721971,0.681998,0.619282,0.260039,-0.167322,-0.539743,-0.467202,-0.19215,-0.541178,-0.400559	-0.216871,-0.245305,-0.496745,-0.347344,-0.096,-0.444885,-0.457237,-0.483267,-0.235969,-0.289878,-0.373812,-0.712188,-0.120072,-0.649706,-0.635316,-0.350225,0.107115,0.290391,0.583851,0.161803
0.836948,0.714156,0.678624,0.167888,0.148343,0.769924,0.90383,-0.192142,0.379827,-0.380303,-0.935627,-0.306679,0.694468,-0.47827,-0.786063,-0.741114,-0.382372,0.0619324,0.090825,-0.290364	0.915542,0.844568,0.948328,0.469178,0.183202,0.885214,0.938568,0.432526,0.508206,0.0703953,-0.838245,0.576648,0.633151,0.244725,-0.24939,-0.511135,-0.466499,-0.14784,-0.550123,-0.475173	-0.336244,-0.328621,-0.756656,-0.327051,-0.0358322,-0.362033,-0.229001,-0.576737,-0.159088,-0.438947,-0.451437,-0.750589,0.109437,-0.64724,-0.667534,-0.370223,0.102391,0.207869,0.610447,0.214389
0.856985,0.797378,0.703532,0.325727,0.227693,0.843922,0.95771,0.269356,0.652996,0.182865,0.776941,0.678033,0.734461,0.837431,0.783582,0.609881,0.681246,0.572524,0.597727,0.66342	0.874871,0.834964,0.814739,0.324088,0.317544,0.905205,0.939041,0.47294,0.71999,0.555196,0.652866,0.849616,0.806869,0.900656,0.747506,0.506912,0.621199,0.5488,0.302542,0.606481	-0.0714757,-0.112461,-0.260557,0.00183273,-0.0968542,-0.259587,0.185445,-0.233305,-0.12644,-0.414404,0.251794,-0.404741,-0.177737,-0.25726,0.0870837,0.149048,0.104102,0.0345938,0.360349,0.0952721
0.861169,0.788702,0.681044,0.348499,0.235573,0.830659,0.958511,0.131274,0.548981,0.110265,0.825746,0.756736,0.776559,0.922097,0.864196,0.795129,0.883129,0.856921,0.680176,0.618451	0.888721,0.84517,0.855781,0.333364,0.300133,0.901707,0.943696,0.556492,0.640171,0.616939,0.822846,0.906443,0.885633,0.954677,0.844455,0.743085,0.852522,0.733559,0.325613,0.607489	-0.117414,-0.169364,-0.418857,0.0171247,-0.0694726,-0.283072,0.1552,-0.45873,-0.140604,-0.543657,0.0090484,-0.476679,-0.349311,-0.272195,0.0730524,0.1272,0.123859,0.332155,0.455429,0.0175587
0.248393,0.0756058,-0.0576925,-0.160582,-0.118343,0.00547353,-0.0338977,-0.454456,0.104008,-0.184416,-0.319833,-0.0611586,0.541066,-0.472378,-0.725654,-0.74263,-0.372992,0.0838326,-0.00191307,-0.235867	0.442076,0.317252,0.500796,0.203263,-0.00285262,0.458487,0.412941,0.0767877,0.326805,0.111043,0.0607252,0.637161,0.625307,0.252558,-0.214996,-0.533344,-0.450607,-0.0351143,-0.518794,-0.394956	-0.217575,-0.247585,-0.542806,-0.352345,-0.115529,-0.454153,-0.44067,-0.51333,-0.230636,-0.28953,-0.373308,-0.672128,-0.127316,-0.647668,-0.605055,-0.346544,0.0932946,0.118598,0.517394,0.175432
0.830182,0.701082,0.59363,0.159787,0.126051,0.76164,0.920337,-0.242583,0.378315,-0.374802,-0.932758,-0.307417,0.69636,-0.481863,-0.786969,-0.73255,-0.373075,0.0792805,0.0216554,-0.284099	0.911434,0.838025,0.941917,0.468111,0.184341,0.888366,0.932215,0.420529,0.503121,0.0777481,-0.830543,0.532384,0.639614,0.236923,-0.299424,-0.499885,-0.44682,0.0554128,-0.521451,-0.478396	-0.333898,-0.332004,-0.790037,-0.333251,-0.0596765,-0.391872,-0.0836201,-0.601727,-0.154145,-0.439736,-0.453674,-0.721687,0.102318,-0.645134,-0.637845,-0.36709,0.0884968,0.023973,0.537041,0.224858
0.865079,0.843432,0.771245,0.319496,0.363733,0.893504,0.948485,0.50423,0.720341,0.306204,0.614437,0.712687,0.668344,0.837265,0.740851,0.513767,0.612101,0.635676,0.541683,0.542353	0.874964,0.861058,0.835393,0.306175,0.340019,0.902451,0.952837,0.706238,0.744879,0.449499,0.732038,0.706535,0.719164,0.811721,0.755563,0.559792,0.637127,0.529221,0.466531,0.588083	-0.0406677,-0.0643857,-0.180341,0.0147654,0.0270604,-0.0461982,-0.0452237,-0.31373,-0.0529492,-0.166166,-0.213739,0.0123925,-0.0978542,0.0797324,-0.0334197,-0.064606,-0.0410259,0.160424,0.100566,-0.0671472
0.273208,0.146381,0.043611,-0.168945,-0.0206339,0.0831584,-0.0429004,0.20227,0.465337,0.0210014,-0.311798,0.0235807,0.524059,-0.490657,-0.702329,-0.725897,-0.365628,0.0454252,0.0659459,-0.226956	0.44789,0.341174,0.498168,0.18546,0.0181939,0.47352,0.427005,0.588191,0.636694,-0.00171307,0.166757,0.589355,0.526443,0.1635,-0.0818149,-0.438989,-0.41647,-0.0521999,-0.385481,-0.362819	-0.199037,-0.205033,-0.464652,-0.343638,-0.0388133,-0.406363,-0.461452,-0.438035,-0.243501,0.0227137,-0.454903,-0.573748,-0.00329234,-0.605576,-0.658343,-0.421094,0.0599742,0.0973942,0.440236,0.148055
0.848381,0.770138,0.721503,0.153861,0.28509,0.846015,0.911807,0.405592,0.733801,0.0502275,-0.909022,-0.252016,0.682635,-0.501677,-0.756472,-0.737188,-0.359365,0.0935041,0.0991819,-0.270987	0.911088,0.858293,0.948131,0.455016,0.257193,0.906071,0.943598,0.847666,0.791868,0.317988,-0.743361,0.473652,0.542841,0.1498,-0.127609,-0.442131,-0.406077,0.0915667,-0.38624,-0.44813	-0.27618,-0.260049,-0.717358,-0.323826,0.0301049,-0.257255,-0.227696,-0.673694,-0.138609,-0.272107,-0.510878,-0.648284,0.222094,-0.60594,-0.696055,-0.437727,0.0546933,0.00195404,0.467513,0.201629
0.295887,0.185291,0.0996424,-0.165395,-0.0106748,0.0986357,-0.0454404,0.454637,0.543411,0.084495,-0.319394,-0.0225745,0.517455,-0.46853,-0.713124,-0.721116,-0.340224,0.0577214,0.01221,-0.257702	0.456356,0.355104,0.491789,0.205518,0.0484271,0.474044,0.419429,0.635356,0.686429,-0.0570467,0.0698788,0.523848,0.463854,0.229137,-0.133659,-0.462302,-0.404534,0.0532596,-0.38278,-0.406727	-0.185519,-0.181774,-0.412353,-0.358719,-0.0590714,-0.393823,-0.456175,-0.254125,-0.228104,0.140863,-0.380774,-0.540036,0.0705296,-0.630029,-0.640516,-0.388245,0.0745741,0.00447557,0.393152,0.166475
0.870145,0.808265,0.782432,0.155649,0.302036,0.856281,0.915249,0.653864,0.800118,0.181485,-0.912641,-0.28261,0.665407,-0.478006,-0.767591,-0.726951,-0.332486,0.0802883,0.0383296,-0.301455	0.921441,0.873447,0.942486,0.473691,0.297276,0.905581,0.942682,0.899592,0.833134,0.345688,-0.774505,0.417668,0.471346,0.215736,-0.187058,-0.455412,-0.392998,0.184393,-0.372857,-0.487671	-0.258794,-0.221691,-0.609571,-0.343357,0.00522915,-0.21953,-0.199931,-0.596732,-0.0990325,-0.175195,-0.471204,-0.626346,0.282738,-0.628889,-0.677864,-0.405926,0.0696067,-0.105669,0.405393,0.218309
0.553654,0.395689,0.543299,0.665696,0.133522,0.539952,0.45477,0.693065,0.818044,0.300137,-0.0940482,0.532026,0.90449,0.913422,0.25094,0.703305,0.923007,0.76248,0.708577,0.809622	0.447015,0.299843,0.323047,0.502157,0.0690874,0.216941,0.0102536,0.773481,0.714,0.606686,0.421227,0.878372,0.789499,0.946111,0.516433,0.775299,0.937823,0.877853,0.696816,0.722045	0.141712,0.108748,0.267137,0.245659,0.0650345,0.365868,0.446599,-0.173337,0.250158,-0.374795,-0.49564,-0.65019,0.402199,-0.240707,-0.305022,-0.158324,-0.110256,-0.348924,0.0232328,0.210817
-0.845908,-0.786662,-0.88028,-0.205362,-0.330822,-0.841669,-0.928115,-0.387229,-0.486759,-0.228246,0.766018,0.79073,0.68127,0.939791,0.759106,0.509713,-0.27388,-0.385869,-0.918318,0.381302	-0.635419,-0.666206,-0.86228,-0.359791,-0.396737,-0.794104,-0.918299,-0.735095,-0.935635,-0.87394,0.702894,0.0190298,0.474933,0.588414,0.610827,-0.030008,-0.580491,-0.178718,-0.802639,-0.283608	-0.455117,-0.253101,-0.0747014,0.16675,0.0758727,-0.143428,-0.0664538,0.486287,0.824274,0.806586,0.136758,0.78349,0.305032,0.786055,0.276476,0.53159,0.364573,-0.222494,-0.439974,0.600023
-0.84657,-0.788801,-0.864868,-0.19464,-0.324954,-0.843449,-0.918229,-0.380471,-0.48445,-0.214771,0.749701,0.728982,0.683531,0.938916,0.74999,0.50758,-0.292511,-0.239942,-0.870815,0.345611	-0.640839,-0.682623,-0.861695,-0.347398,-0.403451,-0.798223,-0.905275,-0.744874,-0.934684,-0.870912,0.684143,0.0161923,0.475312,0.587592,0.607065,-0.0356226,-0.590719,-0.123755,-0.746406,-0.305302	-0.449699,-0.230048,-0.0124557,0.163836,0.0903403,-0.138416,-0.0767632,0.508519,0.822808,0.807108,0.134588,0.721304,0.308423,0.78368,0.262388,0.533555,0.3605,-0.119742,-0.355436,0.588786
-0.846051,-0.809477,-0.880379,-0.218976,-0.229403,-0.854579,-0.92976,-0.733697,-0.740053,-0.308904,0.723136,0.647247,0.534803,0.858249,0.711536,0.47557,-0.221437,-0.264658,-0.780976,0.272748	-0.626244,-0.677545,-0.851592,-0.366595,-0.216264,-0.787661,-0.919397,-0.80366,-0.956159,-0.866514,0.646675,0.120291,0.429938,0.597065,0.587614,-0.0150353,-0.530697,-0.273328,-0.675035,-0.399512	-0.467511,-0.292181,-0.115022,0.160504,-0.0138255,-0.204716,-0.0713762,0.170493,0.739097,0.761419,0.143626,0.571448,0.136176,0.535684,0.212963,0.487122,0.350442,0.00934595,-0.224063,0.606204
-0.85741,-0.822704,-0.885396,-0.197592,-0.251027,-0.851013,-0.926249,-0.816063,-0.781747,-0.243101,0.664509,0.569902,0.481909,0.869946,0.732841,0.421764,-0.317256,-0.17323,-0.733715,0.224383	-0.641661,-0.682002,-0.842846,-0.344307,-0.233988,-0.776881,-0.915272,-0.820552,-0.960012,-0.864239,0.630397,0.047125,0.42201,0.56701,0.596786,-0.0602584,-0.592001,-0.159062,-0.636397,-0.415618	-0.479621,-0.320567,-0.167686,0.157426,-0.0181028,-0.218766,-0.0721045,0.0135885,0.71445,0.786347,0.0587022,0.537204,0.0751902,0.597822,0.24181,0.470075,0.338279,-0.0145687,-0.182564,0.585408
-0.378474,-0.216331,-0.164565,0.0491743,0.0079819,-0.108346,0.0552933,-0.555241,-0.684072,0.00510835,-0.27318,0.356234,0.698723,-0.338862,-0.779926,-0.817743,-0.563503,-0.284041,-0.39337,-0.0631814	0.180912,-0.0113741,-0.0814644,0.220994,-0.0647167,0.0570601,0.0211058,-0.583035,-0.935861,-0.737513,0.0603123,0.638491,0.833672,-0.0234207,-0.630776,-0.708951,-0.542903,-0.319125,-0.583767,-0.745114	-0.523539,-0.205462,-0.08423,-0.173707,0.0726611,-0.16439,0.0342274,0.0410985,0.699796,0.739834,-0.328087,-0.365359,-0.323235,-0.317965,-0.293578,-0.25887,-0.0296806,0.0385815,0.247152,0.715622
-0.903667,-0.835197,-0.902512,-0.246188,-0.22129,-0.836385,-0.908795,-0.780267,-0.789726,-0.121051,-0.949526,0.0302285,0.840793,-0.362852,-0.832174,-0.819019,-0.533377,-0.375528,-0.481802,-0.0823674	-0.703398,-0.679939,-0.824171,0.0428532,-0.209631,-0.74117,-0.8942,-0.727708,-0.958548,-0.864955,-0.904833,0.479428,0.875135,-0.0470887,-0.693386,-0.708368,-0.491991,-0.388964,-0.663851,-0.780662	-0.549644,-0.359295,-0.30581,-0.286023,-0.012226,-0.250501,-0.0778997,-0.121611,0.694715,0.830903,-0.31734,-0.455805,-0.129992,-0.321252,-0.328118,-0.263558,-0.0561107,0.0157341,0.267658,0.746282
0.853616,0.837771,0.788011,0.351423,0.645065,0.891387,0.934754,0.717949,0.982741,0.898632,0.951097,0.93928,0.911742,0.992917,0.911107,0.923336,0.962879,0.921191,0.840595,0.737615	0.848084,0.804566,0.686283,0.351929,0.617074,0.883371,0.959043,0.661718,0.983812,0.906516,0.949216,0.967956,0.910125,0.993121,0.914278,0.916353,0.964583,0.694351,0.458866,0.737444	0.0200384,0.101869,0.221532,-0.000577332,0.0465013,0.037709,-0.234605,0.107123,-0.0322909,-0.042526,0.0193605,-0.315753,0.00950064,-0.0146329,-0.018988,0.0453754,-0.0239246,0.629466,0.621426,0.000374728
0.757125,0.652534,0.606786,0.223236,0.121052,0.689801,0.916179,0.0454331,0.565635,0.420701,0.738148,0.632312,0.698869,0.792636,0.717313,0.673861,0.764069,0.731622,0.757267,0.650097	0.782145,0.749591,0.687746,0.222436,0.248107,0.853519,0.929282,0.425117,0.749409,0.501677,0.724696,0.862976,0.773285,0.865843,0.73324,0.686639,0.794839,0.285199,-0.0110943,0.513716	-0.0613507,-0.189984,-0.138944,0.000841975,-0.130989,-0.398106,-0.088169,-0.387161,-0.318993,-0.102639,0.0289256,-0.507702,-0.161924,-0.233366,-0.0335986,-0.0237826,-0.0783558,0.564134,0.76196,0.204767
0.750041,0.616038,0.573317,0.237785,0.102901,0.63789,0.921014,-0.127514,0.44104,0.45278,0.802929,0.739456,0.767686,0.908038,0.847307,0.830129,0.90913,0.864866,0.754013,0.538247	0.835158,0.785086,0.762067,0.243032,0.233495,0.845234,0.936311,0.547242,0.672434,0.496,0.827179,0.921523,0.861623,0.941598,0.854994,0.853243,0.934856,0.474927,-0.0796402,0.422235	-0.227832,-0.327384,-0.335203,-0.00556797,-0.133809,-0.449932,-0.111135,-0.630742,-0.328951,-0.0557371,-0.0722082,-0.571505,-0.277472,-0.231463,-0.0278934,-0.0792403,-0.171398,0.661752,0.786428,0.150132
0.105532,-0.0350426,-0.137816,-0.303093,-0.130819,-0.081066,-0.0403162,-0.571236,-0.0948188,-0.425363,-0.312805,-0.245445,0.261869,-0.57297,-0.777709,-0.744932,-0.468575,0.21479,0.0757843,-0.194764	-0.221662,-0.227354,-0.186099,0.0171133,-0.11575,-0.172076,-0.177795,-0.0639258,0.348332,-0.0433944,0.0405761,0.589132,0.574026,-0.0831993,-0.557642,-0.284449,0.0193017,-0.211389,-0.721696,-0.621923	0.319716,0.193856,0.0495536,-0.318554,-0.0153005,0.0922979,0.138472,-0.526538,-0.428983,-0.389151,-0.348952,-0.729143,-0.367382,-0.514287,-0.388594,-0.584291,-0.483503,0.407669,0.756125,0.486031
0.652175,0.432995,0.410487,-0.134282,-0.014681,0.523026,0.886345,-0.479951,0.23644,0.0584275,-0.879657,-0.46187,0.380347,-0.581929,-0.832938,-0.720825,-0.488894,0.25906,0.273481,-0.161086	0.896912,0.723744,0.914995,0.476482,0.099545,0.818202,0.919825,0.390303,0.527673,-0.0576286,-0.766616,0.390449,0.603991,-0.0963035,-0.635989,-0.22785,0.0303382,-0.160242,-0.727288,-0.656547	-0.589648,-0.423449,-0.807981,-0.574035,-0.114059,-0.515988,-0.181251,-0.732953,-0.332748,0.115667,-0.347133,-0.722098,-0.290343,-0.514457,-0.418809,-0.589852,-0.511644,0.40259,0.83474,0.554059
0.749801,0.625729,0.511898,0.232383,0.10417,0.692924,0.945371,0.022259,0.564963,0.42061,0.734993,0.627921,0.699209,0.793667,0.709831,0.665786,0.754051,0.70546,0.528487,0.547613	0.780703,0.753578,0.706478,0.2311,0.250636,0.861709,0.929079,0.449419,0.746217,0.492735,0.723642,0.820598,0.775508,0.866894,0.722126,0.686821,0.783444,0.4968,0.101229,0.416219	-0.0745299,-0.241924,-0.304814,0.00135554,-0.150392,-0.418926,0.133896,-0.431477,-0.313364,-0.0909796,0.0242491,-0.397495,-0.166679,-0.23472,-0.0252258,-0.0387596,-0.071822,0.32125,0.451407,0.170184
0.74368,0.584638,0.470945,0.240825,0.0862634,0.645332,0.94866,-0.155167,0.441337,0.455229,0.8238,0.737028,0.765825,0.907935,0.8409,0.82441,0.900352,0.87836,0.654508,0.511208	0.834413,0.78518,0.772821,0.245461,0.235814,0.856824,0.933713,0.554164,0.669916,0.489727,0.849172,0.88429,0.861313,0.941386,0.84527,0.854642,0.925335,0.720645,0.14602,0.397909	-0.239107,-0.370718,-0.474615,-0.00492714,-0.152656,-0.473068,0.130859,-0.653166,-0.324529,-0.044395,-0.0844469,-0.42286,-0.280532,-0.230247,-0.0151095,-0.102333,-0.14971,0.429726,0.56222,0.14223
0.0946935,-0.056382,-0.220704,-0.305219,-0.132132,-0.0854602,-0.0190852,-0.599104,-0.0968041,-0.415715,-0.323444,-0.248116,0.265209,-0.576677,-0.775863,-0.734513,-0.466468,0.175209,-0.0269112,-0.16176	-0.224449,-0.220247,-0.185311,0.00702684,-0.0996768,-0.170057,-0.174743,-0.0791602,0.341757,-0.0348571,0.02937,0.533763,0.579702,-0.0901693,-0.558138,-0.260682,0.0224312,-0.0621256,-0.683514,-0.601134	0.312501,0.165926,-0.0369021,-0.311578,-0.0328884,0.085844,0.156178,-0.54583,-0.424516,-0.386458,-0.349494,-0.69044,-0.371628,-0.513193,-0.384021,-0.586043,-0.483837,0.234779,0.668907,0.486701
0.643668,0.409686,0.292747,-0.139816,-0.033456,0.515925,0.913014,-0.508423,0.235687,0.0705908,-0.875927,-0.462023,0.384352,-0.585737,-0.832076,-0.70751,-0.484134,0.247243,0.116199,-0.149385	0.893571,0.739782,0.905883,0.453427,0.0985689,0.817497,0.914412,0.369978,0.524275,-0.0542078,-0.758603,0.340776,0.610366,-0.1036,-0.637682,-0.198349,0.0379641,0.0259985,-0.678462,-0.645324	-0.588232,-0.473649,-0.83442,-0.557875,-0.131591,-0.521541,-0.00846577,-0.73933,-0.329275,0.124323,-0.34968,-0.693595,-0.295287,-0.513285,-0.414133,-0.592277,-0.512676,0.222676,0.73659,0.548849
0.742192,0.708118,0.606198,0.207862,0.238046,0.788509,0.930698,0.253848,0.664655,0.59866,0.657524,0.681212,0.63763,0.795597,0.685598,0.63406,0.74858,0.599674,0.471404,0.392548	0.801655,0.776906,0.715715,0.213709,0.24474,0.831182,0.932592,0.551561,0.714107,0.563666,0.694744,0.653996,0.672092,0.760901,0.677955,0.647593,0.74825,0.636536,0.368182,0.409427	-0.146816,-0.152909,-0.193446,-0.00611887,-0.00710874,-0.12383,-0.0143458,-0.346182,-0.0941304,0.052817,-0.0685218,0.049082,-0.060307,0.0879201,0.014282,-0.0229602,0.000748913,-0.0596205,0.1249,-0.0201111
0.130291,0.0425941,-0.0895812,-0.313036,-0.0331367,0.0270058,-0.0333513,-0.0097745,0.289075,-0.105346,-0.32133,-0.163011,0.235874,-0.593928,-0.749802,-0.742221,-0.470549,0.115614,0.0677651,-0.143547	-0.219004,-0.22642,-0.197137,-0.00916361,-0.115322,-0.170035,-0.179467,0.252299,0.591028,0.25882,0.0392388,0.48523,0.455786,-0.181385,-0.51631,-0.279691,0.00621877,0.0716007,-0.526771,-0.546612	0.339605,0.266445,0.109489,-0.304747,0.0825009,0.19614,0.146996,-0.261429,-0.364172,-0.3545,-0.356079,-0.600725,-0.246403,-0.462352,-0.380981,-0.583702,-0.475376,0.0443804,0.574044,0.437385
0.672935,0.573651,0.496059,-0.140489,0.148681,0.700958,0.896536,0.148147,0.652573,0.568574,-0.863877,-0.407566,0.357368,-0.603965,-0.797453,-0.73887,-0.48449,0.231682,0.207965,-0.124584	0.889596,0.756279,0.914596,0.439248,0.147313,0.83241,0.91581,0.765876,0.76948,0.381745,-0.732821,0.286668,0.488212,-0.19447,-0.571786,-0.270206,0.0316088,0.220774,-0.518292,-0.595181	-0.539817,-0.322574,-0.766121,-0.546041,0.00139913,-0.315599,-0.107706,-0.696788,-0.23482,0.238622,-0.357167,-0.621607,-0.158497,-0.463993,-0.414809,-0.585572,-0.508315,0.0114958,0.655592,0.508287
0.175147,0.103297,-0.010254,-0.31048,-0.022512,0.0519484,-0.0374108,0.288215,0.384782,-0.042774,-0.32251,-0.212743,0.224858,-0.571444,-0.763285,-0.741607,-0.452592,0.134434,-0.00346697,-0.180907	-0.218098,-0.223892,-0.199736,-0.0140036,-0.1096,-0.172673,-0.184392,0.250171,0.636301,0.380512,0.0155049,0.423209,0.400772,-0.108275,-0.533931,-0.286579,0.0237236,0.0547535,-0.520786,-0.569931	0.378776,0.319793,0.18987,-0.297771,0.0873034,0.222625,0.148002,0.0410001,-0.333066,-0.416506,-0.336333,-0.583424,-0.193337,-0.493716,-0.387123,-0.577834,-0.471255,0.0802715,0.518255,0.433746
0.749072,0.675579,0.601865,-0.136731,0.176832,0.74651,0.901691,0.470513,0.740319,0.663683,-0.849084,-0.438429,0.332686,-0.580368,-0.810364,-0.731691,-0.464379,0.227232,0.114544,-0.16036	0.902945,0.773762,0.913642,0.433405,0.168999,0.830801,0.9191,0.788994,0.808363,0.501981,-0.709771,0.239591,0.419532,-0.120068,-0.59169,-0.262715,0.0502861,0.177124,-0.501157,-0.613809	-0.475462,-0.205721,-0.692667,-0.53824,0.00807497,-0.221935,-0.101657,-0.506517,-0.169453,0.242489,-0.35061,-0.613568,-0.100934,-0.494778,-0.42011,-0.580579,-0.502921,0.0522086,0.582276,0.502955
-0.135679,-0.141509,-0.0844139,0.300098,-0.0187868,-0.0630408,-0.111745,0.434107,0.781294,0.917535,0.0888888,0.514144,0.8506,0.899595,0.363811,0.78257,0.866461,0.827053,0.765871,0.848811	0.435633,0.270008,0.346629,0.556635,0.0654791,0.229271,0.0495991,0.772281,0.601162,0.391249,0.365841,0.79731,0.747826,0.927713,0.553912,0.806785,0.946531,0.863083,0.685376,0.723716	-0.539429,-0.396371,-0.418789,-0.307984,-0.0841623,-0.288147,-0.160455,-0.508725,0.339669,0.82102,-0.286261,-0.479888,0.282424,-0.169968,-0.238079,-0.0656886,-0.445158,-0.125897,0.16943,0.32433
0.918649,0.901567,0.861789,0.421507,0.723108,0.936099,0.955831,0.758773,0.984111,0.903758,0.902464,0.952546,0.877153,0.980423,0.835241,0.910795,0.976702,0.901391,0.930121,0.694217	0.913036,0.879044,0.806678,0.426166,0.703383,0.927037,0.972556,0.70787,0.984463,0.913899,0.809282,0.945421,0.881048,0.975311,0.832389,0.901939,0.969108,0.956882,0.907841,0.653712	0.0348118,0.108552,0.180801,-0.00567925,0.040142,0.0685411,-0.237566,0.109968,-0.0112945,-0.0582642,0.345564,0.0716525,-0.0171484,0.116748,0.00935911,0.0496131,0.142007,-0.403641,0.14319,0.0741601
0.8964,0.874171,0.801623,0.336521,0.276222,0.889607,0.950747,0.460833,0.687012,0.46166,0.328571,0.425335,0.641847,0.227336,0.226788,0.513547,0.772873,0.745102,0.839559,0.636288	0.906356,0.870382,0.828932,0.317771,0.455596,0.916371,0.959863,0.486781,0.744293,0.518369,0.101206,0.71892,0.522752,0.258472,0.205625,0.53838,0.82833,0.601129,0.810263,0.359304	-0.0530909,0.0158455,-0.0813954,0.0209955,-0.205197,-0.144835,-0.104291,-0.0334529,-0.117222,-0.0745495,0.235186,-0.4229,0.179231,-0.0330807,0.0221976,-0.0343235,-0.154132,0.260775,0.091625,0.359077
0.903913,0.877267,0.792205,0.335551,0.283709,0.882099,0.952928,0.381811,0.601096,0.480581,0.72907,0.754757,0.836407,0.800624,0.660939,0.838593,0.935234,0.813596,0.800377,0.519011	0.90841,0.875528,0.867765,0.338615,0.437891,0.912622,0.965951,0.568949,0.668386,0.517535,0.440228,0.825573,0.728378,0.701929,0.633428,0.790311,0.933882,0.815043,0.766294,0.232508	-0.0251394,0.00749795,-0.241753,-0.00345711,-0.176053,-0.156548,-0.163783,-0.239072,-0.112481,-0.0491879,0.425366,-0.187896,0.276446,0.225322,0.0473225,0.143163,0.0106817,-0.0042955,0.0881442,0.325822
0.28704,0.112161,-0.00739606,-0.301122,-0.113026,0.0123543,-0.04992,-0.265531,0.0990358,-0.416239,-0.233134,-0.838225,-0.847929,-0.73934,-0.0347271,-0.0944443,-0.0346893,0.408907,0.345344,-0.224319	0.836511,0.68785,0.764392,0.296611,0.191853,0.823355,0.847156,0.311818,0.40914,0.0213879,-0.797719,-0.506631,-0.436887,-0.919008,-0.814342,-0.492,0.208164,0.223738,0.158678,-0.75959	-0.723095,-0.623817,-0.767449,-0.548723,-0.298409,-0.819335,-0.860678,-0.533202,-0.3232,-0.433765,0.693573,-0.576355,-0.652913,0.560515,0.802304,0.416929,-0.241112,0.203816,0.197488,0.645209
0.888647,0.837038,0.746988,0.0575842,0.17588,0.839204,0.926799,0.0632911,0.426512,0.079429,0.437186,-0.818834,-0.862665,-0.739824,-0.059022,-0.054497,-0.0692461,0.532573,0.457684,-0.149391	0.924392,0.856085,0.955307,0.577761,0.346261,0.908224,0.959383,0.48242,0.53446,-0.0229033,-0.840369,-0.664145,-0.335363,-0.922393,-0.817258,-0.463336,0.220668,0.272686,0.146086,-0.769914	-0.200202,-0.0672059,-0.727377,-0.538079,-0.18143,-0.290223,-0.29396,-0.432329,-0.13982,0.102147,0.934297,-0.339099,-0.741954,0.574853,0.796664,0.41943,-0.285551,0.304041,0.333924,0.70117
0.890655,0.85026,0.740594,0.342288,0.259726,0.885984,0.965755,0.418575,0.684944,0.462339,0.298243,0.411666,0.648693,0.223821,0.209665,0.506524,0.760486,0.790526,0.815685,0.490363	0.90672,0.870713,0.830289,0.319272,0.453315,0.92239,0.956135,0.505652,0.741362,0.507317,0.1826,0.702822,0.523815,0.260146,0.191227,0.541369,0.826679,0.606219,0.811715,0.266354	-0.0834873,-0.0787683,-0.232917,0.0258396,-0.219423,-0.199182,0.125578,-0.110455,-0.114623,-0.0587605,0.122304,-0.409691,0.189151,-0.03857,0.0192076,-0.04801,-0.178264,0.353915,0.0117482,0.257662
0.898438,0.851786,0.726751,0.336995,0.266794,0.880596,0.966849,0.326373,0.5996,0.483598,0.75578,0.740436,0.840266,0.795616,0.646478,0.832747,0.925453,0.888056,0.815078,0.475206	0.908984,0.874306,0.864999,0.335286,0.435583,0.920813,0.960811,0.573025,0.665915,0.509047,0.57432,0.815158,0.727471,0.701543,0.621909,0.79422,0.932214,0.840369,0.806174,0.23267	-0.0575198,-0.0882157,-0.372272,0.00192632,-0.190984,-0.212631,0.0849929,-0.303392,-0.110394,-0.0337594,0.320635,-0.188487,0.290162,0.212911,0.0410878,0.113779,-0.049246,0.187963,0.0259651,0.272686
0.279756,0.0954047,-0.0697372,-0.302554,-0.114835,0.00893899,-0.0388288,-0.320299,0.0965765,-0.407076,-0.260056,-0.832043,-0.840873,-0.747796,-0.0399617,-0.0890036,-0.0310583,0.411744,0.316733,-0.169412	0.834909,0.701898,0.749337,0.269457,0.201329,0.827115,0.83365,0.292177,0.403997,0.026108,-0.786902,-0.494547,-0.419124,-0.921463,-0.813998,-0.479421,0.222891,0.17798,0.149333,-0.72654	-0.724337,-0.650022,-0.778398,-0.528892,-0.309019,-0.824271,-0.845122,-0.560063,-0.319902,-0.428628,0.662398,-0.573469,-0.65128,0.558535,0.800062,0.407819,-0.252203,0.25225,0.175711,0.635327
0.882045,0.816538,0.669058,0.0505339,0.157135,0.83081,0.939506,0.000935212,0.4247,0.0916715,0.454997,-0.808747,-0.854468,-0.748978,-0.0671218,-0.0446626,-0.0632445,0.540082,0.436776,-0.130715	0.923983,0.863453,0.944011,0.548135,0.341701,0.909995,0.952443,0.469982,0.531601,-0.0215508,-0.826883,-0.646613,-0.30876,-0.924949,-0.818029,-0.447252,0.238085,0.240144,0.137474,-0.750542	-0.226684,-0.159058,-0.746338,-0.511777,-0.195038,-0.324572,-0.12301,-0.469253,-0.138074,0.112999,0.931444,-0.339866,-0.741275,0.572761,0.794533,0.410795,-0.296859,0.344636,0.318422,0.687251
0.904467,0.88529,0.804381,0.304272,0.400811,0.915837,0.959526,0.616468,0.752427,0.611892,0.213775,0.623964,0.536496,0.165609,0.0995482,0.530053,0.805941,0.618247,0.824189,0.315034	0.899093,0.887167,0.852903,0.325538,0.378423,0.91907,0.963362,0.755888,0.761295,0.593991,0.140047,0.422126,0.522364,0.049321,0.0962479,0.45451,0.746978,0.74662,0.818552,0.292259	0.0287671,-0.0087469,-0.15456,-0.0236039,0.0263912,-0.02043,-0.0507145,-0.261077,-0.0207597,0.0281234,0.0760032,0.27401,0.019634,0.117245,0.00333227,0.0995184,0.148156,-0.238433,0.0173236,0.0250845
0.301667,0.155903,0.0254468,-0.303812,-0.0346105,0.0762838,-0.0463908,0.283149,0.423004,-0.102185,-0.205186,-0.776012,-0.828203,-0.613498,0.0445697,-0.0663511,-0.0152417,0.347102,0.393051,-0.131341	0.839477,0.722673,0.760556,0.281508,0.0996148,0.835034,0.845807,0.780257,0.700279,0.33807,-0.724143,-0.431036,-0.33085,-0.865785,-0.759132,-0.466676,0.167071,0.301097,0.212481,-0.640759	-0.720194,-0.638735,-0.749617,-0.539204,-0.133764,-0.81037,-0.858511,-0.638077,-0.39398,-0.425554,0.609522,-0.518363,-0.685071,0.538106,0.777399,0.413117,-0.181849,0.0513741,0.197025,0.556229
0.89796,0.85021,0.779296,0.0460783,0.308741,0.877139,0.933636,0.533173,0.744387,0.566181,0.383627,-0.751686,-0.843031,-0.602969,0.0512692,-0.0612598,-0.0450213,0.50075,0.522454,-0.090395	0.923395,0.871734,0.952999,0.556422,0.304433,0.91524,0.956774,0.85652,0.794676,0.416946,-0.771444,-0.611095,-0.195152,-0.865779,-0.756262,-0.461989,0.186542,0.395572,0.196392,-0.673906	-0.148892,-0.0831554,-0.675014,-0.523773,0.0047554,-0.193203,-0.216807,-0.595124,-0.12312,0.195351,0.891295,-0.26004,-0.775456,0.549855,0.777389,0.412401,-0.229634,0.131158,0.363343,0.621363
0.317663,0.187823,0.0770783,-0.305459,-0.0252364,0.0896057,-0.0485562,0.499238,0.488141,-0.0422815,-0.182569,-0.784545,-0.832017,-0.605818,0.0227962,-0.0546624,-0.0061482,0.380797,0.357445,-0.175683	0.854369,0.739922,0.764573,0.247333,0.129036,0.832082,0.838275,0.857129,0.753229,0.440309,-0.698476,-0.392608,-0.347464,-0.860888,-0.782244,-0.432475,0.244584,0.199523,0.18209,-0.652591	-0.736628,-0.641211,-0.730547,-0.513962,-0.153771,-0.802294,-0.852146,-0.625586,-0.419231,-0.47377,0.591312,-0.566398,-0.6816,0.533108,0.790936,0.386961,-0.250356,0.19618,0.187562,0.538666
0.903142,0.865591,0.830636,0.0498259,0.322602,0.878925,0.937689,0.734725,0.794127,0.661686,0.497469,-0.745236,-0.866944,-0.599003,0.0277529,-0.0405045,-0.0337721,0.519712,0.488154,-0.134244	0.933212,0.884057,0.953205,0.528472,0.339846,0.912627,0.956999,0.923065,0.83464,0.524147,-0.738937,-0.557403,-0.306895,-0.863278,-0.777937,-0.420738,0.266292,0.277463,0.167983,-0.683984	-0.19131,-0.0786589,-0.588615,-0.491591,-0.0193673,-0.170325,-0.188152,-0.585269,-0.120148,0.210569,0.904071,-0.321299,-0.763073,0.547274,0.788663,0.386825,-0.29739,0.283067,0.348771,0.605321
0.952324,0.789263,0.812052,0.660252,0.187608,0.878078,0.864524,0.861608,0.891374,0.940695,0.967608,0.84003,0.00668516,0.952675,0.839118,0.918263,0.899645,0.92679,0.959414,0.862557	0.440705,0.280192,0.283664,0.391357,0.0487892,0.192473,-0.00174179,0.751881,0.665632,0.388408,0.326731,0.390458,0.340542,0.920696,0.817842,0.918131,0.973405,0.877234,0.80019,0.731832	0.881636,0.653614,0.68653,0.362585,0.140101,0.825042,0.864964,0.311573,0.555094,0.870255,0.937157,0.669003,-0.334619,0.260254,0.0678148,0.000839252,-0.593488,0.265026,0.685467,0.354505
-0.0161195,-0.0248766,-0.176851,0.0186478,-0.0333091,0.144831,0.263985,-0.0561544,0.0673743,-0.026161,0.0404551,-0.0199898,0.0123629,-0.123362,-0.0591476,-0.00833785,-0.350041,0.4281,-0.244975,-0.31485	-0.520752,-0.284505,-0.481576,-0.153062,-0.520253,-0.557816,-0.668665,-0.598243,-0.948074,-0.84499,-0.793794,-0.88251,-0.772682,-0.97825,-0.771126,-0.802194,-0.899386,-0.492353,-0.676789,-0.610739	0.508904,0.261479,0.333093,0.171221,0.495531,0.650124,0.79272,0.560933,0.95448,0.837339,0.808292,0.878009,0.777616,0.972214,0.746004,0.799202,0.801755,0.760217,0.517637,0.366331
-0.00920204,-0.0609145,-0.193339,0.0101512,-0.0335484,0.159092,0.202583,-0.0837228,0.0783832,-0.0146476,0.516187,0.190226,-0.013163,-0.293086,-0.0577379,0.0174675,-0.508439,0.695829,0.155034,-0.0621173	-0.469012,-0.29384,-0.46397,-0.141214,-0.519602,-0.562606,-0.690172,-0.597266,-0.958047,-0.8518,-0.468433,-0.704831,-0.533838,-0.951472,-0.537267,-0.553806,-0.750511,0.0376489,-0.500553,-0.550571	0.461803,0.23717,0.2973,0.151149,0.494677,0.662408,0.783244,0.540575,0.964036,0.847729,0.792898,0.789238,0.524359,0.912984,0.49488,0.5658,0.391443,0.675886,0.608376,0.50575
-0.0384404,-0.0714007,-0.216153,-0.00757864,-0.0119379,-0.0307503,0.212302,-0.131713,-0.0742027,0.0809801,-0.158785,-0.0835927,0.0311387,-0.17584,-0.0132439,0.00815023,0.0435216,-0.0278012,-0.239006,0.090168	-0.881308,-0.860017,-0.810999,-0.356138,-0.650789,-0.904524,-0.932889,-0.745861,-0.982453,-0.908213,-0.952296,-0.96361,-0.874044,-0.991543,-0.941967,-0.896156,-0.961747,-0.85997,-0.920938,-0.877064	0.872423,0.84021,0.721287,0.349503,0.643854,0.898772,0.955876,0.681055,0.979669,0.921425,0.934873,0.957114,0.881199,0.987957,0.940455,0.897749,0.964882,0.852552,0.874395,0.896347
-0.0305965,-0.0879106,-0.268672,-0.00889786,-0.045768,-0.016759,0.198889,-0.133069,-0.00566672,0.0734634,0.139166,0.00439379,0.0372321,-0.177518,-0.0196082,0.0220476,0.0744376,0.116654,-0.21791,0.0230667	-0.581213,-0.675238,-0.551942,-0.169155,-0.600963,-0.738047,-0.796134,-0.707504,-0.97521,-0.911782,-0.965112,-0.965333,-0.866826,-0.991253,-0.940468,-0.885476,-0.962456,-0.830455,-0.912712,-0.903479	0.560586,0.624391,0.332591,0.160499,0.570897,0.730322,0.859006,0.634137,0.974931,0.923394,0.973524,0.965631,0.875793,0.987501,0.938161,0.890146,0.967573,0.863461,0.867298,0.907631
-0.0615707,0.189231,-0.0290238,-0.0295787,0.154204,0.440258,-0.176706,0.366732,0.316857,0.192851,-0.493837,-0.484272,-0.612525,-0.809175,-0.645316,-0.605473,-0.77262,-0.189619,-0.0424738,-0.218599	0.0383872,0.221228,0.0205515,-0.00796057,0.140282,0.363765,-0.253292,0.364493,0.0614238,0.21276,-0.151898,-0.0123937,-0.182128,-0.43452,-0.252673,-0.119947,-0.323285,0.237432,-0.146617,-0.36071	-0.0997222,-0.0333946,-0.0495458,-0.0216232,0.0142305,0.0910794,0.0801738,0.00258474,0.260503,-0.0207613,-0.369669,-0.474728,-0.48444,-0.577817,-0.469137,-0.523549,-0.598935,-0.408652,0.104795,0.154275
0.0700279,0.169333,0.105526,-0.0211145,0.111298,0.376113,0.0644161,0.543674,0.717271,0.358669,-0.0374773,0.477368,-0.108114,0.00753713,0.0819599,0.028168,0.0557083,-0.0747371,0.018476,0.066173	-0.808999,-0.729832,-0.674568,-0.234922,-0.21484,-0.745684,-0.920481,0.0888254,-0.251088,-0.218022,-0.746904,-0.52248,-0.643732,-0.840132,-0.794456,-0.682546,-0.756667,-0.554491,-0.76096,-0.797254	0.831898,0.800264,0.728253,0.214873,0.318521,0.876088,0.929768,0.477929,0.820575,0.534866,0.729856,0.800253,0.575683,0.842336,0.822838,0.697307,0.779516,0.500495,0.76863,0.820159
0.0651751,0.301614,0.168974,-0.0114243,0.191241,0.550883,0.0101012,0.636588,0.810535,0.636637,0.0991255,0.460361,-0.098942,0.0077229,0.110932,-0.012892,0.0739931,0.0652053,0.0327591,0.0452193	-0.0260833,-0.13062,0.142106,0.0235945,0.026518,0.119883,-0.536081,0.36513,0.112217,0.0414396,-0.827092,-0.623235,-0.620904,-0.84149,-0.786996,-0.684564,-0.752265,-0.459363,-0.751254,-0.832063	0.0911036,0.415851,0.0275291,-0.0350093,0.165562,0.461477,0.54324,0.353663,0.76819,0.611325,0.856035,0.842012,0.556127,0.843729,0.825831,0.677653,0.782692,0.509313,0.765182,0.845471
0.217754,0.296981,0.290066,-0.0190731,0.120859,0.417567,0.0356314,0.752523,0.74095,0.428845,-0.0285638,0.32857,-0.189541,0.129406,0.084172,0.0607332,0.173654,-0.0675067,-0.0853148,-0.015938	-0.803242,-0.70205,-0.650608,-0.253244,-0.194872,-0.70981,-0.931314,0.247375,-0.0315444,-0.179194,-0.822126,-0.760069,-0.819632,-0.921554,-0.88384,-0.812434,-0.903041,-0.724745,-0.753624,-0.775109	0.869,0.826674,0.791334,0.235308,0.308466,0.869626,0.935889,0.620693,0.754852,0.564648,0.812645,0.871095,0.745982,0.938982,0.900984,0.832109,0.930739,0.691048,0.714231,0.768667
0.356937,0.505468,0.378917,-0.00722897,0.217093,0.597225,0.0351146,0.84751,0.823483,0.753472,0.303873,0.369241,-0.237223,0.134444,0.122603,0.0188505,0.221506,0.0778785,-0.0677266,-0.0355112	0.0932629,-0.00820002,0.270745,0.00189066,0.0660663,0.267431,-0.508755,0.555684,0.402324,0.123615,-0.848838,-0.790372,-0.826557,-0.921202,-0.875363,-0.810746,-0.900314,-0.663693,-0.732609,-0.812325	0.272754,0.511548,0.120537,-0.00911951,0.153224,0.392479,0.534324,0.551601,0.629824,0.694547,0.916349,0.897646,0.733074,0.939312,0.901243,0.817109,0.935298,0.705125,0.699594,0.799888
-0.640042,-0.482075,-0.40747,0.346103,-0.00554861,-0.49854,-0.814315,0.643079,0.396082,0.684237,0.91563,0.948114,0.743094,0.979524,0.850413,0.867725,0.944777,0.780709,0.691944,0.856675	0.80398,0.518381,0.826132,0.838126,0.203968,0.688779,0.512324,0.883011,0.843903,0.648871,0.370109,0.737359,0.811798,0.968646,0.819203,0.891193,0.953263,0.859832,0.702844,0.764977	-0.953413,-0.80043,-0.922924,-0.693066,-0.20928,-0.883827,-0.936103,-0.555199,-0.672661,0.0636064,0.82515,0.700416,-0.173164,0.212514,0.102888,-0.103526,-0.0853887,-0.2407,-0.0212196,0.266051
-0.0552337,0.224513,0.118934,-0.0381291,0.166349,0.368053,-0.313671,0.391312,0.310136,0.195463,-0.600993,-0.483874,-0.61332,-0.800739,-0.622169,-0.601812,-0.667866,-0.518121,-0.118586,-0.15121	0.0478683,0.22934,0.148406,-0.0243301,0.151982,0.307523,-0.398996,0.371411,0.0577112,0.218012,-0.191336,-0.00713705,-0.188487,-0.418379,-0.214427,-0.114222,-0.137908,-0.000119036,-0.0366115,-0.185818	-0.10283,-0.00508872,-0.0300012,-0.0138117,0.0147397,0.0682551,0.0975324,0.0232855,0.257025,-0.0235527,-0.462885,-0.478389,-0.480364,-0.574989,-0.470513,-0.523581,-0.583721,-0.518034,-0.0823319,0.0356085
0.0977678,0.206221,0.274635,-0.013974,0.113449,0.393517,-0.139408,0.5852,0.717807,0.343446,0.00453032,0.466362,-0.12327,0.0222832,0.0857431,0.0238511,0.0464796,-0.0683239,0.13749,0.00663136	-0.800852,-0.708921,-0.587772,-0.243789,-0.19841,-0.747721,-0.942916,0.103857,-0.251926,-0.217023,-0.734023,-0.510797,-0.650358,-0.838974,-0.790115,-0.677333,-0.750001,-0.616234,-0.715353,-0.760096	0.833369,0.798418,0.742543,0.2306,0.304994,0.881782,0.925115,0.512491,0.821227,0.521592,0.736105,0.789167,0.573027,0.845452,0.820286,0.690037,0.769651,0.571994,0.776474,0.762882
0.0832318,0.336255,0.35681,-0.00330641,0.208448,0.557349,-0.180583,0.671623,0.807972,0.627391,0.0672727,0.434781,-0.116965,0.0233053,0.117149,-0.0227289,0.0588081,0.0224312,0.144493,0.0249361	-0.0156182,-0.109703,0.247537,0.00350576,0.0400335,0.060419,-0.678716,0.368291,0.108816,0.0448072,-0.829698,-0.613792,-0.628435,-0.840336,-0.782686,-0.680284,-0.745963,-0.539909,-0.703965,-0.793047	0.0987217,0.430092,0.119859,-0.00681208,0.169832,0.514246,0.567715,0.40302,0.766551,0.599435,0.849552,0.827691,0.552049,0.847053,0.824258,0.667882,0.77095,0.555611,0.770123,0.802121
0.244949,0.324795,0.435249,-0.0117313,0.122716,0.436742,-0.201407,0.773637,0.741954,0.415412,0.0272902,0.322561,-0.209136,0.156539,0.0894919,0.054145,0.150358,-0.068731,0.0292536,-0.0617948	-0.795793,-0.677259,-0.556656,-0.255584,-0.178602,-0.714802,-0.952114,0.266021,-0.0342069,-0.179533,-0.836875,-0.750045,-0.82345,-0.919187,-0.879818,-0.809694,-0.897959,-0.82136,-0.75335,-0.768488	0.870966,0.821376,0.798453,0.244586,0.294856,0.877578,0.92882,0.639157,0.75695,0.553653,0.844869,0.863657,0.742117,0.940411,0.89856,0.827558,0.923614,0.797659,0.765728,0.741926
0.374889,0.530432,0.53906,0.00109237,0.233221,0.606339,-0.172104,0.861607,0.822086,0.746617,0.286232,0.338932,-0.261614,0.16306,0.131098,0.00433547,0.182979,0.0205704,0.0369486,-0.0445065	0.0973005,0.0319038,0.372314,-0.00884461,0.0789221,0.194551,-0.654553,0.560211,0.397167,0.12627,-0.865134,-0.782961,-0.83141,-0.918842,-0.871356,-0.809077,-0.895498,-0.786227,-0.735098,-0.79878	0.288097,0.50711,0.208615,0.00993689,0.157193,0.46686,0.543697,0.582613,0.630916,0.684918,0.922843,0.886612,0.728182,0.940927,0.899681,0.810569,0.926641,0.793956,0.751632,0.782077
-0.631959,-0.464827,-0.31026,0.350028,0.0116434,-0.49293,-0.832873,0.657663,0.39477,0.682277,0.909488,0.944913,0.739154,0.979663,0.852437,0.860327,0.943681,0.762144,0.71975,0.85734	0.811169,0.546709,0.841506,0.833987,0.202977,0.686738,0.40973,0.888271,0.84442,0.645477,0.378096,0.739407,0.810012,0.968551,0.820025,0.887122,0.955899,0.881756,0.731778,0.751919	-0.954055,-0.806567,-0.913313,-0.68348,-0.191787,-0.881327,-0.926449,-0.554592,-0.674493,0.0657591,0.809892,0.682007,-0.176583,0.217253,0.107687,-0.113165,-0.12475,-0.364698,-0.0254142,0.29667
0.131734,0.140208,0.180552,0.00243718,0.0123208,0.0970647,-0.0405016,0.320316,0.221588,0.0932212,0.0118092,-0.218616,-0.0305697,0.0486425,-0.0235217,0.0139306,0.021764,0.02825,-0.110656,-0.0594028	-0.800333,-0.769717,-0.673399,-0.219891,-0.311247,-0.831024,-0.937065,-0.0848726,-0.330637,-0.386223,-0.675265,-0.668358,-0.564549,-0.790194,-0.777503,-0.651798,-0.732667,-0.576877,-0.769084,-0.727879	0.843171,0.821291,0.76138,0.222209,0.322331,0.858814,0.931932,0.394464,0.514528,0.462782,0.681638,0.5267,0.543357,0.807787,0.768027,0.659739,0.74259,0.595423,0.719675,0.698686
0.25507,0.250871,0.20323,0.00434326,0.0345713,0.167365,0.0241883,0.356422,0.229335,0.178561,0.109692,-0.166713,-0.0667996,0.0510936,-0.0250241,0.0244299,0.0236105,-0.0101798,-0.10883,-0.0593373	0.169511,-0.226086,0.400998,0.0368723,-0.0781089,-0.19179,-0.410739,0.44173,0.393998,-0.00699752,-0.772784,-0.719916,-0.562926,-0.791362,-0.773451,-0.643105,-0.729207,-0.536861,-0.760787,-0.765055	0.0894251,0.451357,-0.215316,-0.0325343,0.112377,0.347985,0.430649,-0.101248,-0.18102,0.185327,0.813516,0.628654,0.515511,0.809716,0.763199,0.65721,0.740076,0.529576,0.71081,0.739278
-0.659303,-0.584475,-0.469442,0.345257,-0.14849,-0.637358,-0.821037,0.243107,-0.101973,0.265996,0.886285,0.933761,0.747659,0.976667,0.832248,0.895855,0.939024,0.743744,0.689292,0.851642	0.775829,0.459052,0.816031,0.834799,0.109955,0.590881,0.482974,0.833421,0.747691,0.638434,0.376595,0.69584,0.818722,0.965874,0.814588,0.898879,0.959485,0.92956,0.708609,0.752082	-0.949471,-0.822774,-0.929428,-0.687772,-0.254294,-0.892225,-0.933744,-0.740308,-0.789472,-0.448624,0.765037,0.679285,-0.183212,0.190475,0.0548316,-0.0155314,-0.206638,-0.602036,-0.0377607,0.276943
-0.711768,-0.655521,-0.547284,0.341529,-0.174373,-0.669459,-0.823381,-0.0100902,-0.269256,0.165472,0.869253,0.928725,0.762491,0.977978,0.83684,0.887158,0.94046,0.749743,0.72743,0.852408	0.762748,0.386197,0.77359,0.834355,0.101185,0.55659,0.527323,0.813925,0.686865,0.655171,0.382417,0.72177,0.807194,0.968037,0.818004,0.896335,0.962542,0.905214,0.746168,0.756851	-0.955679,-0.831273,-0.927988,-0.689225,-0.27078,-0.893222,-0.94179,-0.817303,-0.806893,-0.549245,0.729251,0.627755,-0.116257,0.186584,0.0597108,-0.0448086,-0.233011,-0.483848,-0.0409831,0.269284
