0.101093,-0.0445404,-0.00857889,0.169951,0.10531,0.123998,0.291183,0.217121,0.0940614,0.0648056,0.0654281,0.076867,0.130204,-0.034592,0.125322,0.130047,0.099864,0.239801,0.182615,0.174352	-0.432,-0.527475,-0.390335,0.0316279,-0.228812,-0.235858,0.00837846,-0.0190999,-0.077773,-0.0532587,-0.184507,-0.104404,-0.102169,-0.145267,0.000608092,-0.0516408,-0.243002,-0.274871,-0.183323,-0.368527	0.510785,0.494554,0.383038,0.139071,0.32626,0.349631,0.283496,0.235245,0.170586,0.117658,0.246954,0.179828,0.229322,0.111234,0.124724,0.180475,0.334743,0.482846,0.354084,0.510103
0.092433,-0.00989089,-0.0159271,0.0329802,0.121168,0.120936,0.275784,0.218189,0.115624,0.109185,0.00740532,0.085101,0.127445,0.194062,0.176206,0.141475,0.139189,0.26032,0.19909,0.178453	-0.357299,-0.520732,-0.396368,-0.259864,-0.199861,-0.132035,-0.0181384,-0.000533196,-0.0484059,-0.0549912,-0.228716,-0.131349,-0.0935447,0.0238002,0.0799689,-0.0343941,-0.181829,-0.227107,-0.15502,-0.360096	0.435354,0.513485,0.382858,0.290356,0.313438,0.248995,0.29246,0.218697,0.163117,0.163196,0.235722,0.214057,0.218386,0.171051,0.0976125,0.175017,0.313094,0.460219,0.343508,0.506031
0.0291248,-0.1191,-0.0131301,0.0617828,-0.0595635,-0.079997,-0.0846282,-0.0674935,-0.080683,-0.0539564,-0.0950336,-0.0147176,-0.0237829,0.211784,-0.0440442,-0.0335858,-0.100805,-0.0110459,0.072922,0.0497436	-0.646937,-0.73208,-0.574874,-0.149912,-0.643623,-0.540089,-0.51302,-0.469232,-0.385961,-0.431543,-0.384803,-0.310247,-0.49067,-0.202814,-0.508423,-0.511569,-0.561137,-0.581,-0.433781,-0.564174	0.663559,0.671531,0.566016,0.209752,0.607343,0.480868,0.447835,0.414878,0.31509,0.386588,0.300768,0.296885,0.472399,0.397523,0.475015,0.486339,0.487932,0.573636,0.491166,0.597159
0.016891,-0.0957829,-0.0223403,0.0675076,-0.0612344,-0.0861828,-0.0798641,-0.0566948,-0.0846374,-0.055321,-0.100406,-0.00194456,-0.0219958,0.213275,-0.0332451,-0.0328863,-0.0982005,-0.00689325,0.0751358,0.0540366	-0.652018,-0.723149,-0.567722,-0.143169,-0.647441,-0.544402,-0.514621,-0.460513,-0.403769,-0.419376,-0.398578,-0.305153,-0.497309,-0.187728,-0.504875,-0.508643,-0.551659,-0.578758,-0.429089,-0.55984	0.661623,0.674055,0.552387,0.20866,0.610406,0.480777,0.453391,0.414644,0.330423,0.372702,0.310602,0.303389,0.48057,0.385566,0.479682,0.48385,0.479431,0.574155,0.488477,0.595851
0.0659276,-0.137605,-0.00550635,0.023449,-0.0416389,-0.0874257,-0.0696361,-0.0315635,-0.0612912,-0.05823,-0.104032,-0.00205045,-0.0126415,0.166524,-0.0494043,-0.023773,-0.0656671,0.0313808,0.0776868,0.0553941	-0.607754,-0.735261,-0.554085,-0.200422,-0.624748,-0.560336,-0.504679,-0.433541,-0.384105,-0.415879,-0.409383,-0.321169,-0.456812,-0.212165,-0.517752,-0.48054,-0.536622,-0.548487,-0.395222,-0.555513	0.647728,0.664931,0.550258,0.222824,0.598683,0.49727,0.450888,0.407555,0.330597,0.366525,0.318935,0.319329,0.44675,0.365766,0.480642,0.462045,0.488156,0.570056,0.458821,0.592669
0.0412242,-0.143025,-0.0328666,0.0626459,-0.0614236,-0.0913858,-0.0721603,-0.0498876,-0.0824253,-0.0646087,-0.0927458,-0.0101046,-0.0162808,0.184586,-0.0654025,-0.0319698,-0.100055,0.00290421,0.0743254,0.0452976	-0.610385,-0.730018,-0.576366,-0.152191,-0.643474,-0.556725,-0.501105,-0.443366,-0.406242,-0.418106,-0.403134,-0.31363,-0.467124,-0.198352,-0.514604,-0.494786,-0.57028,-0.566111,-0.414466,-0.56271	0.635615,0.655426,0.553994,0.212808,0.606002,0.490283,0.445037,0.402378,0.335035,0.363312,0.322444,0.304491,0.454298,0.369413,0.464846,0.470255,0.498679,0.568081,0.474184,0.592895
0.0815739,0.045465,0.058582,0.222371,0.0575149,0.0340528,0.0817274,0.107516,0.0323332,0.00205229,-0.00308321,0.0714789,0.108322,0.320844,0.0647171,0.086675,0.0692017,0.160944,0.133684,0.104559	-0.459114,-0.571471,-0.321698,0.193228,-0.359365,-0.31642,-0.279176,-0.210966,-0.199728,-0.173441,-0.371512,-0.136263,-0.162822,0.111704,-0.14755,-0.170358,-0.3219,-0.313978,-0.149765,-0.403963	0.521169,0.601313,0.373246,0.0304511,0.408438,0.346736,0.352853,0.311418,0.230572,0.17543,0.368851,0.205738,0.266444,0.216914,0.21026,0.253293,0.382579,0.452077,0.277886,0.487914
0.0724598,0.0473029,0.0504244,0.231896,0.0728509,0.0348082,0.0919478,0.089847,0.0241723,0.00445602,-0.0148891,0.0645916,0.107204,0.313667,0.0887158,0.0879309,0.074163,0.149063,0.132288,0.107312	-0.461432,-0.545748,-0.3193,0.228802,-0.353024,-0.271981,-0.262792,-0.231213,-0.215108,-0.17012,-0.37472,-0.136274,-0.15671,0.0640183,-0.152148,-0.159524,-0.325721,-0.321152,-0.163829,-0.401056	0.516619,0.578127,0.363866,0.0032674,0.415196,0.303912,0.346371,0.314526,0.238042,0.174444,0.36185,0.199113,0.259554,0.254764,0.237656,0.244032,0.390452,0.448733,0.289836,0.487392
0.340688,0.617117,0.667596,0.299252,0.66703,0.478894,0.687666,0.574112,0.467755,0.488793,0.490378,0.623641,0.503279,0.372892,0.546019,0.785707,0.603036,0.672982,0.679673,0.753209	0.509017,0.60119,0.675729,0.0754061,0.701467,0.657205,0.671182,0.598685,0.48088,0.429336,0.502008,0.5775,0.521961,0.305913,0.592599,0.796666,0.65368,0.746907,0.704849,0.7581	-0.203643,0.0253215,-0.0148166,0.229013,-0.0647188,-0.260206,0.0306144,-0.0374435,-0.0169342,0.0752484,-0.0154284,0.0721117,-0.0253368,0.0756035,-0.0688624,-0.0292978,-0.0835981,-0.14864,-0.0483275,-0.0114018
-0.0552126,-0.0335483,-0.0667564,-0.00942423,-0.0949823,-0.0634046,-0.0205491,-0.0982379,-0.0883307,0.00184838,-0.178703,-0.00571886,0.0242794,-0.0534973,0.00562063,-0.0878882,-0.0449838,-0.0535883,0.125039,-0.1004	-0.382793,-0.406794,-0.335623,-0.100927,-0.495209,-0.302431,-0.322679,-0.34993,-0.274147,-0.32161,-0.266491,-0.153522,-0.314535,-0.355506,-0.411854,-0.453682,-0.307907,-0.289019,-0.111871,-0.280586	0.334653,0.37841,0.275029,0.0915904,0.419981,0.243699,0.304147,0.260653,0.190428,0.323266,0.0921782,0.147933,0.336246,0.307864,0.41651,0.380985,0.266616,0.239135,0.233642,0.185409
-0.0536595,-0.0316028,-0.052356,0.00146852,-0.0862957,-0.0685575,-0.0224202,-0.0753917,-0.0730302,0.0208151,-0.191541,-0.0283362,0.0173214,-0.0618135,-0.00120209,-0.0693016,-0.052362,-0.0549287,0.111928,-0.0974189	-0.382727,-0.39869,-0.308911,-0.0899106,-0.494789,-0.306101,-0.328016,-0.329663,-0.280352,-0.29301,-0.289967,-0.178284,-0.330341,-0.346898,-0.418506,-0.437781,-0.300753,-0.28921,-0.117073,-0.275848	0.335967,0.371771,0.260772,0.0913671,0.426714,0.242636,0.30786,0.260752,0.211655,0.311923,0.104214,0.15071,0.345685,0.291331,0.417514,0.380009,0.252365,0.238063,0.226039,0.183357
0.00694353,-0.0296639,-0.0688565,-0.0574497,-0.0308749,-0.0757205,-0.0231218,-0.0390765,-0.0616201,0.0343495,-0.18443,-0.00509545,0.0436183,-0.0577072,-0.0178291,-0.0390927,-0.0280714,0.00945271,0.10282,-0.0655104	-0.28358,-0.39808,-0.307935,-0.166814,-0.442533,-0.334868,-0.32268,-0.288052,-0.263725,-0.277158,-0.291203,-0.174992,-0.265823,-0.328022,-0.43338,-0.386998,-0.283052,-0.218575,-0.0795175,-0.2436	0.289952,0.372818,0.244258,0.110423,0.417361,0.265889,0.30181,0.25181,0.205444,0.30857,0.112833,0.170048,0.305895,0.275531,0.418787,0.353249,0.257022,0.227558,0.180858,0.180977
0.00103092,-0.0107639,-0.0627523,0.00592229,-0.0647322,-0.104585,-0.0119952,-0.0492702,-0.0805974,0.0212866,-0.183038,-0.00116174,0.0271615,-0.0666712,-0.0437757,-0.0450328,-0.0301361,-0.0536879,0.100607,-0.086473	-0.274014,-0.370315,-0.321999,-0.0905497,-0.476966,-0.350474,-0.307691,-0.294066,-0.290007,-0.28359,-0.293439,-0.157867,-0.288667,-0.336798,-0.436471,-0.404825,-0.308957,-0.276642,-0.10798,-0.265374	0.274968,0.36099,0.264593,0.0964203,0.425367,0.255245,0.296791,0.248395,0.214421,0.303047,0.116667,0.156734,0.313372,0.276331,0.400345,0.366473,0.281442,0.226316,0.206345,0.183103
-0.00382844,0.0538238,0.0516067,0.291211,0.153555,-0.0135216,0.144869,0.0659846,0.114768,-0.0688439,-0.0116331,0.15227,0.0669847,-0.0318201,0.0588094,0.170148,0.114901,0.171453,0.048644,0.190717	-0.0409644,-0.11529,0.108872,0.429505,0.00780949,-0.0276426,-0.00827091,-0.0484244,0.0279731,-0.136018,-0.177492,0.114144,0.0178672,-0.119019,-0.0408534,0.0772291,0.0427598,0.195497,0.151471,0.212056	0.0371418,0.168071,-0.0575888,-0.158064,0.14592,0.0141263,0.152956,0.114045,0.087074,0.0678094,0.166202,0.0388005,0.0491764,0.0875301,0.0994239,0.0941562,0.0724971,-0.0248776,-0.103591,-0.0222391
-0.0107315,0.000337698,0.0340727,0.293346,0.169394,-0.0479177,0.15263,0.0493108,0.0552604,-0.106521,-0.0162657,0.144162,0.0874905,0.00153139,0.0688054,0.175625,0.105894,0.134831,0.0804593,0.186771	-0.0476137,-0.101812,0.104913,0.465833,0.015478,-0.00796732,0.0114183,-0.0731385,-0.037473,-0.169834,-0.176367,0.112553,0.0462498,-0.130942,-0.0597054,0.094377,0.0268948,0.158878,0.166179,0.213078	0.0369011,0.102146,-0.0710945,-0.199788,0.154321,-0.0399656,0.141458,0.122009,0.0925417,0.0644789,0.160561,0.0321303,0.0414083,0.132447,0.127985,0.0826176,0.0792248,-0.0245727,-0.0868818,-0.0273975
-0.0252527,-0.00898002,-0.0148431,-0.143364,-0.134571,-0.169209,-0.0658248,-0.0694148,-0.206427,-0.0152241,-0.190527,-0.0685914,-0.00135643,0.133843,-0.0497798,-0.1015,-0.0345552,-0.0805045,0.132707,-0.117611	-0.437608,-0.386958,-0.301879,-0.0351937,-0.534954,-0.468648,-0.349468,-0.34189,-0.37744,-0.300029,-0.284767,-0.178087,-0.343821,-0.139722,-0.466835,-0.46786,-0.325512,-0.347911,-0.123374,-0.297883	0.416963,0.379296,0.288328,-0.108719,0.431442,0.32523,0.290322,0.279099,0.185463,0.286112,0.0996469,0.110849,0.342624,0.268543,0.426977,0.384625,0.294267,0.275112,0.251955,0.186817
-0.0223805,-0.000476887,-0.0122366,-0.140916,-0.124499,-0.17743,-0.0571558,-0.0595378,-0.158644,0.015295,-0.215499,-0.0788516,-0.00320945,0.142837,-0.0444649,-0.0687838,-0.0440612,-0.081959,0.114394,-0.116452	-0.437376,-0.374093,-0.284478,-0.0340611,-0.534503,-0.473208,-0.347538,-0.33474,-0.356425,-0.262849,-0.318749,-0.192289,-0.356065,-0.117269,-0.467803,-0.44199,-0.321485,-0.34782,-0.132339,-0.294792	0.419097,0.373682,0.273193,-0.10737,0.439233,0.322888,0.296267,0.280798,0.209635,0.27703,0.110866,0.115184,0.35326,0.255821,0.432331,0.384908,0.28141,0.273662,0.243053,0.18468
0.0398374,-0.0265145,-0.0241359,-0.116814,-0.0506905,-0.158982,-0.0606305,-0.0332751,-0.157748,0.023569,-0.192429,-0.0493223,0.00294416,0.108246,-0.0555142,-0.0454542,-0.0256762,0.00845178,0.109253,-0.0763236	-0.348142,-0.391904,-0.280303,-0.0346818,-0.471304,-0.479014,-0.342786,-0.298018,-0.348256,-0.250065,-0.306542,-0.18231,-0.307407,-0.131429,-0.478816,-0.39593,-0.309167,-0.26235,-0.0922623,-0.254869	0.382672,0.369226,0.257912,-0.0824664,0.430908,0.346413,0.288144,0.267395,0.201582,0.272031,0.121267,0.134195,0.310071,0.236313,0.434861,0.356899,0.285759,0.270203,0.199505,0.182088
0.0613249,-0.00108427,-0.013033,-0.134488,-0.10773,-0.201592,-0.0526422,-0.0325066,-0.166676,-0.00456697,-0.190027,-0.0395528,0.00366289,0.111012,-0.0897304,-0.0498719,-0.0287414,-0.0731466,0.108467,-0.102443	-0.319198,-0.358152,-0.290702,-0.0318889,-0.51811,-0.50111,-0.329338,-0.297395,-0.365592,-0.267862,-0.308042,-0.160576,-0.316238,-0.131063,-0.487573,-0.412572,-0.334161,-0.33138,-0.119102,-0.281096	0.373217,0.357207,0.278725,-0.103041,0.43464,0.333176,0.281577,0.267474,0.211824,0.263618,0.125352,0.121796,0.319531,0.238604,0.416045,0.37032,0.308382,0.264648,0.224667,0.183949
-0.0486398,-0.0278657,0.0114782,-0.206996,0.170361,0.135356,0.158997,0.116251,0.129977,-0.0617595,-0.0105635,0.165567,0.137036,0.22875,0.086926,0.222695,0.132844,0.269343,0.0692123,0.193077	-0.202613,-0.1789,0.0615313,0.0861723,-0.00283209,-0.0204352,0.0145371,-0.0217103,0.0318482,-0.0878885,-0.186846,0.165484,0.0711345,0.188668,-0.0522612,0.117843,0.0223731,0.232043,0.153126,0.210387	0.155505,0.151791,-0.0500884,-0.288031,0.17311,0.155362,0.144795,0.137614,0.0985363,0.0262716,0.176631,8.46782e-05,0.0665507,0.0418907,0.138558,0.107677,0.1108,0.039787,-0.0848124,-0.0180425
-0.0540347,-0.099773,0.00215115,-0.255648,0.187194,0.133247,0.173651,0.108476,0.0665235,-0.0999569,-0.0224455,0.145893,0.160918,0.248579,0.125247,0.239611,0.130523,0.218002,0.105212,0.199937	-0.206083,-0.183703,0.0654989,0.052776,0.00585545,0.0368038,0.0415815,-0.0382952,-0.0367371,-0.123482,-0.191722,0.152124,0.102427,0.160911,-0.0459461,0.146247,0.0123768,0.182648,0.171609,0.222216	0.153761,0.0854968,-0.0633567,-0.304319,0.181538,0.0969185,0.13303,0.146164,0.103009,0.0238194,0.170008,-0.00637255,0.0594711,0.0913202,0.170214,0.096755,0.118338,0.0368191,-0.0676176,-0.023315
0.707757,0.756899,0.663964,0.561676,0.728133,0.70729,0.758125,0.668706,0.668522,0.656569,0.705893,0.549325,0.68033,0.7137,0.579116,0.774359,0.744558,0.800907,0.872348,0.749785	0.706359,0.764964,0.691828,0.561576,0.716727,0.70409,0.7576,0.671205,0.639106,0.683208,0.687436,0.543371,0.65649,0.733169,0.586701,0.783351,0.765576,0.805028,0.878465,0.753827	0.00279567,-0.0191558,-0.0515378,0.00014578,0.0238552,0.00637359,0.00123448,-0.00453284,0.0513614,-0.0483107,0.0358563,0.00848771,0.0430814,-0.0408389,-0.0114891,-0.0228566,-0.0488813,-0.0115995,-0.0261806,-0.00929625
0.32766,0.491915,0.349836,0.419239,0.365931,0.451907,0.407274,0.338863,0.311628,0.356371,0.410357,0.391861,0.276221,0.471124,0.38474,0.384995,0.298881,0.394383,0.395763,0.305548	0.428774,0.496866,0.40006,0.387083,0.394587,0.408611,0.419351,0.35981,0.295399,0.395626,0.379762,0.366158,0.322296,0.516978,0.378007,0.449163,0.314743,0.426829,0.464754,0.322447	-0.117642,-0.00655326,-0.0583966,0.0383852,-0.0334925,0.0531019,-0.0145644,-0.0238554,0.017875,-0.045698,0.0362425,0.0300093,-0.0505784,-0.0606181,0.0078786,-0.0775852,-0.01751,-0.0390139,-0.0845409,-0.0187464
0.346228,0.491759,0.485799,0.49754,0.501359,0.52672,0.499961,0.480229,0.475197,0.487922,0.529574,0.434102,0.385246,0.507647,0.364235,0.515338,0.522532,0.58721,0.601394,0.450131	0.46424,0.52071,0.504998,0.491527,0.502761,0.491052,0.522156,0.505182,0.43877,0.53103,0.493062,0.423041,0.422622,0.545329,0.38466,0.555829,0.501919,0.610001,0.634484,0.461315	-0.140614,-0.038916,-0.0254397,0.00795998,-0.00187364,0.0481122,-0.0300371,-0.0329448,0.0460229,-0.058184,0.0494161,0.0135487,-0.0446446,-0.0521064,-0.0237519,-0.0567448,0.0279415,-0.0355101,-0.0535073,-0.0141153
-0.391622,-0.319743,-0.456318,-0.150803,-0.336007,-0.34707,-0.27676,-0.321539,-0.19315,-0.353834,-0.287378,-0.226858,-0.363136,0.0262662,-0.403793,-0.337047,-0.354108,-0.318728,-0.246647,-0.238744	-0.0950621,-0.0830716,-0.173891,0.0436464,0.0212577,-0.138171,-0.0837539,-0.162806,-0.0732926,-0.113852,-0.338684,-0.127563,-0.0906944,0.264447,-0.0818492,0.00260362,-0.163829,-0.077652,0.0672366,-0.0362716	-0.308027,-0.243129,-0.306769,-0.193178,-0.354731,-0.219422,-0.197587,-0.167501,-0.121579,-0.250056,0.0568378,-0.102255,-0.28172,-0.239846,-0.332948,-0.339353,-0.201998,-0.247194,-0.308763,-0.204241
-0.407931,-0.3499,-0.463182,-0.150864,-0.34347,-0.363798,-0.280027,-0.281707,-0.144209,-0.376223,-0.294429,-0.24648,-0.35472,0.0459994,-0.370015,-0.329219,-0.357862,-0.312372,-0.234604,-0.240538	-0.118841,-0.0592947,-0.169513,0.0708436,0.00577812,-0.114338,-0.0756151,-0.126188,-0.0280117,-0.141104,-0.342597,-0.145051,-0.0717725,0.241451,-0.0692205,0.0193287,-0.171715,-0.0698344,0.0645213,-0.0325357	-0.303819,-0.296763,-0.318691,-0.219363,-0.348557,-0.260287,-0.208834,-0.161251,-0.116669,-0.2483,0.0535719,-0.105189,-0.290339,-0.197647,-0.308701,-0.346343,-0.198334,-0.247947,-0.294665,-0.209643
0.331118,0.468672,0.36051,0.407103,0.332967,0.470929,0.403225,0.317628,0.293111,0.37646,0.411796,0.361496,0.265783,0.503102,0.343015,0.374263,0.301807,0.384699,0.402627,0.323326	0.434108,0.465285,0.383475,0.375488,0.372354,0.430041,0.41583,0.336127,0.305259,0.39018,0.399763,0.341867,0.334248,0.529376,0.32897,0.429995,0.297986,0.413099,0.465613,0.336414	-0.120279,0.00433153,-0.0266489,0.0373208,-0.0449618,0.0512714,-0.0151445,-0.0207097,-0.0133409,-0.0160823,0.0144034,0.0223974,-0.0751401,-0.0358115,0.0158308,-0.0664217,0.00419853,-0.0337666,-0.0775179,-0.0146861
0.365012,0.483911,0.496861,0.501856,0.525425,0.587225,0.497556,0.545225,0.500986,0.493129,0.495244,0.427035,0.348716,0.531749,0.343432,0.513479,0.525997,0.604465,0.605699,0.446289	0.484475,0.504524,0.48823,0.495997,0.538108,0.554597,0.520357,0.567704,0.493591,0.510177,0.477414,0.421916,0.408838,0.550142,0.356569,0.545201,0.484724,0.623228,0.632581,0.453491	-0.145128,-0.0272718,0.0113956,0.00780145,-0.0176822,0.0483853,-0.0307657,-0.0325562,0.00982418,-0.0227793,0.0233503,0.00624427,-0.0701193,-0.0259986,-0.0149693,-0.0440552,0.0553972,-0.0301035,-0.0435787,-0.00902925
-0.396549,-0.324354,-0.439775,-0.137407,-0.336893,-0.353065,-0.28713,-0.324728,-0.212762,-0.34653,-0.278995,-0.225879,-0.368779,0.0422394,-0.405838,-0.346032,-0.354771,-0.319485,-0.244024,-0.227321	-0.103635,-0.0937109,-0.171131,0.057379,0.0298887,-0.145598,-0.0932136,-0.16777,-0.0730553,-0.124194,-0.320462,-0.120655,-0.0834614,0.263391,-0.0828023,-0.016453,-0.177601,-0.0808867,0.0639271,-0.0260434	-0.305467,-0.237873,-0.290508,-0.193263,-0.363125,-0.21871,-0.199249,-0.166001,-0.141912,-0.232334,0.0455391,-0.108172,-0.294378,-0.223639,-0.334268,-0.331466,-0.189084,-0.244928,-0.303221,-0.202476
-0.414199,-0.354703,-0.458923,-0.138802,-0.3514,-0.35825,-0.285919,-0.283123,-0.166063,-0.373297,-0.283697,-0.245288,-0.365839,0.0643361,-0.360047,-0.342368,-0.363161,-0.318723,-0.232831,-0.230148	-0.130466,-0.0710028,-0.182466,0.0830801,0.00499078,-0.105018,-0.0800641,-0.128868,-0.0313438,-0.155806,-0.322091,-0.137983,-0.0724969,0.243978,-0.0531028,-0.00459789,-0.190857,-0.0808678,0.0598122,-0.0231513	-0.299941,-0.291029,-0.301722,-0.219352,-0.355766,-0.263131,-0.210677,-0.160097,-0.135424,-0.230922,0.042256,-0.111064,-0.301334,-0.182507,-0.312927,-0.338303,-0.185136,-0.244148,-0.288624,-0.208106
0.390746,0.519275,0.392159,0.356062,0.359564,0.455548,0.364292,0.303465,0.337239,0.371972,0.387785,0.329064,0.265207,0.47236,0.305029,0.421426,0.344103,0.38734,0.41489,0.298849	0.406835,0.54324,0.360271,0.381442,0.332468,0.463735,0.373893,0.306718,0.317706,0.374948,0.382057,0.343398,0.255418,0.465015,0.331841,0.396974,0.30811,0.377057,0.379016,0.292948	-0.0191312,-0.0333816,0.0371346,-0.0293683,0.0307753,-0.0103799,-0.0111151,-0.00358683,0.021877,-0.00345755,0.00672431,-0.01616,0.0105003,0.00941209,-0.0298324,0.0293646,0.0402621,0.0120417,0.042568,0.00646794
-0.317755,-0.291104,-0.408956,-0.262519,-0.330514,-0.363557,-0.267947,-0.309263,-0.207527,-0.325229,-0.252151,-0.215077,-0.310256,-0.0129581,-0.408496,-0.325371,-0.317727,-0.243642,-0.201278,-0.210945	-0.0714416,-0.0523871,-0.146796,-0.0682694,0.0100825,-0.128265,-0.0813843,-0.167546,-0.0756635,-0.103214,-0.28798,-0.093541,-0.0634207,0.187394,-0.0770067,-0.0333382,-0.130819,-0.0059264,0.0633503,-0.010791	-0.252035,-0.242414,-0.278904,-0.197795,-0.339465,-0.246801,-0.190722,-0.149461,-0.133967,-0.229727,0.0386347,-0.124031,-0.25179,-0.199866,-0.342255,-0.295235,-0.195013,-0.238059,-0.261296,-0.200611
-0.330821,-0.311743,-0.420925,-0.270442,-0.336802,-0.361376,-0.273236,-0.286474,-0.179607,-0.33882,-0.234068,-0.231019,-0.311215,0.0177331,-0.371228,-0.313978,-0.323322,-0.242266,-0.190034,-0.214922	-0.0922823,-0.0130148,-0.147581,-0.0535391,-0.00256861,-0.075753,-0.0753575,-0.15167,-0.0536331,-0.116988,-0.267375,-0.107251,-0.0593174,0.177728,-0.0599022,-0.0118496,-0.140388,-0.00468088,0.0593114,-0.0109116	-0.24605,-0.299945,-0.291449,-0.22009,-0.334522,-0.293662,-0.202038,-0.140928,-0.127199,-0.230988,0.0355302,-0.126913,-0.256635,-0.160501,-0.318406,-0.303257,-0.191633,-0.237855,-0.246567,-0.20449
-0.313095,-0.282332,-0.435172,-0.140799,-0.347975,-0.356223,-0.2814,-0.317299,-0.218387,-0.320011,-0.253231,-0.199022,-0.326825,0.0166741,-0.414477,-0.362653,-0.369947,-0.307597,-0.236285,-0.237361	-0.0807917,-0.0623051,-0.15988,0.0592866,0.00692537,-0.126956,-0.104824,-0.177737,-0.0738583,-0.0995937,-0.285685,-0.0881513,-0.0734261,0.22291,-0.106247,-0.0652691,-0.167839,-0.0796214,0.0496087,-0.0383821	-0.238332,-0.223967,-0.295877,-0.19843,-0.354047,-0.240128,-0.181943,-0.147903,-0.146898,-0.227674,0.0349844,-0.11285,-0.259629,-0.207005,-0.322428,-0.304593,-0.215488,-0.2337,-0.282581,-0.200809
-0.325014,-0.30436,-0.448331,-0.142565,-0.358083,-0.357424,-0.283266,-0.288816,-0.181893,-0.34784,-0.247793,-0.214974,-0.333858,0.0453573,-0.374948,-0.344845,-0.377287,-0.306929,-0.222308,-0.2385	-0.0986494,-0.0252214,-0.163307,0.0844447,-0.0109069,-0.0789659,-0.0949855,-0.155266,-0.0419991,-0.132286,-0.277288,-0.101599,-0.076641,0.211275,-0.085628,-0.0341813,-0.180588,-0.0790844,0.0499547,-0.0348285	-0.233863,-0.281298,-0.30754,-0.224309,-0.348537,-0.286546,-0.193486,-0.13982,-0.140971,-0.225951,0.0316711,-0.115906,-0.263971,-0.167523,-0.298917,-0.314369,-0.211081,-0.233513,-0.269272,-0.205377
0.848342,0.720876,0.750057,0.743246,0.800693,0.745943,0.788142,0.769106,0.624866,0.610922,0.880864,0.840737,0.783146,0.860639,0.798375,0.813304,0.815263,0.834701,0.798133,0.869441	0.847883,0.814268,0.76799,0.776798,0.790392,0.818619,0.807305,0.754291,0.612002,0.613648,0.886938,0.848185,0.794672,0.810404,0.753683,0.827471,0.806296,0.835493,0.774727,0.875503	0.00163608,-0.226123,-0.0422986,-0.0793831,0.0280574,-0.186657,-0.0526858,0.035286,0.0208283,-0.00436056,-0.0277669,-0.0259608,-0.0305188,0.166048,0.112213,-0.0433213,0.0261699,-0.0026174,0.0613272,-0.0253854
0.306343,0.619081,0.670201,0.304682,0.622007,0.424971,0.59512,0.464243,0.398989,0.411933,0.508867,0.59476,0.435582,0.159859,0.438572,0.739154,0.536008,0.593811,0.605233,0.711118	0.474711,0.631557,0.671149,-0.0536162,0.676448,0.612277,0.545802,0.493414,0.441376,0.406338,0.453416,0.554116,0.450839,0.357348,0.556006,0.768324,0.637953,0.700295,0.653249,0.722848	-0.197019,-0.0204858,-0.00172348,0.352539,-0.0939865,-0.253184,0.0730437,-0.0378377,-0.0514467,0.00672034,0.0720814,0.0606236,-0.018985,-0.209454,-0.155306,-0.0675091,-0.154919,-0.182286,-0.0794147,-0.0241382
-0.0767873,0.036062,-0.0566955,-0.0781744,-0.0566487,-0.00213628,0.0620788,-0.0472196,-0.0160743,0.0548258,-0.107283,0.00769407,0.0484388,-0.242126,0.0513149,-0.0623768,0.0331014,-0.0525554,0.0796764,-0.142965	-0.426939,-0.38122,-0.327219,-0.260248,-0.536554,-0.367659,-0.473041,-0.473804,-0.32736,-0.354486,-0.298707,-0.2141,-0.389163,-0.337549,-0.477289,-0.515849,-0.34763,-0.410709,-0.233299,-0.377513	0.36202,0.411623,0.275637,0.185855,0.494949,0.36581,0.519854,0.436347,0.312933,0.401509,0.197761,0.22143,0.429505,0.103915,0.515967,0.468549,0.3764,0.366055,0.307264,0.247929
-0.0673255,0.0235448,-0.0359565,-0.0718193,-0.045609,-0.00346069,0.0547895,-0.0316172,0.00415476,0.076209,-0.116147,-0.0282739,0.0391564,-0.250499,0.0329803,-0.0431008,0.0229817,-0.0571302,0.0633368,-0.142271	-0.425462,-0.375087,-0.299627,-0.248584,-0.534835,-0.370368,-0.479703,-0.457851,-0.333194,-0.326973,-0.320297,-0.239648,-0.402959,-0.330525,-0.488403,-0.502212,-0.340638,-0.41207,-0.238243,-0.372932	0.368698,0.395142,0.266542,0.179978,0.501459,0.367378,0.520804,0.432494,0.336882,0.39338,0.212039,0.212816,0.435247,0.0872499,0.513118,0.469268,0.360796,0.363498,0.297097,0.243584
-0.0352302,0.0504199,-0.0641483,-0.0910417,-0.000371145,-0.0105665,0.0437107,-0.0142667,-0.00694001,0.0940702,-0.106612,-0.00354016,0.0588408,-0.203396,0.0306512,-0.0194908,0.0221512,-0.0131105,0.0504262,-0.109658	-0.336143,-0.371629,-0.300563,-0.312138,-0.48535,-0.394212,-0.479689,-0.42521,-0.321471,-0.312794,-0.32172,-0.238859,-0.345026,-0.304822,-0.496664,-0.458034,-0.328596,-0.353063,-0.205088,-0.344626	0.304519,0.414286,0.241063,0.227563,0.485066,0.38525,0.51265,0.413452,0.315235,0.395235,0.222748,0.235518,0.395831,0.10813,0.519408,0.442493,0.348212,0.341534,0.252899,0.244197
-0.0253147,0.0724721,-0.038659,-0.0614189,-0.0216811,-0.0388001,0.0599755,-0.00792153,-0.00671745,0.0863098,-0.113844,0.00828124,0.0445832,-0.227495,0.0183223,-0.017716,0.0473839,-0.0634383,0.0506421,-0.126087	-0.324768,-0.343703,-0.310219,-0.248526,-0.517552,-0.408198,-0.46555,-0.428463,-0.341381,-0.317829,-0.324743,-0.219417,-0.366841,-0.316255,-0.497118,-0.472539,-0.347743,-0.404206,-0.230869,-0.365021	0.301935,0.406061,0.274857,0.190007,0.501498,0.375342,0.511251,0.421973,0.335433,0.393348,0.218995,0.227285,0.404803,0.0956409,0.510788,0.458662,0.388722,0.349735,0.278258,0.250462
-0.0568898,0.0279697,0.00989835,0.0984525,0.118793,-0.0417814,0.0952263,-0.0311122,0.0895068,-0.0742029,-0.0094315,0.0950895,-0.0271896,-0.322268,0.000503699,0.103811,0.0660944,0.0738944,-0.0536444,0.137958	-0.104229,-0.0959783,0.118192,0.32645,-0.0626421,-0.122854,-0.236959,-0.235062,-0.0522589,-0.192478,-0.219902,0.0535799,-0.0940473,-0.102366,-0.151711,-0.0362206,-0.0309855,0.0339036,0.00185269,0.106564	0.0476214,0.123616,-0.10842,-0.235568,0.180095,0.0814908,0.324855,0.205452,0.141106,0.119989,0.210908,0.0417222,0.0670291,-0.227404,0.152203,0.139507,0.0968815,0.0400912,-0.0554916,0.0318626
-0.0579989,-0.0255629,-0.00186889,0.0905016,0.123064,-0.0783961,0.0943748,-0.0325706,0.0351566,-0.115848,-0.00447303,0.0932306,-0.00451406,-0.288729,-0.0114326,0.109475,0.0529016,0.0411801,-0.0168178,0.132528	-0.109668,-0.081072,0.113533,0.373466,-0.054264,-0.104309,-0.221294,-0.254495,-0.116436,-0.226341,-0.216893,0.0520279,-0.0655538,-0.114503,-0.16882,-0.0181051,-0.0478007,-0.00568255,0.0217049,0.10779	0.0519999,0.0556243,-0.115377,-0.292863,0.176151,0.0261266,0.309211,0.223779,0.150975,0.113469,0.212627,0.0414036,0.0610578,-0.180183,0.157692,0.127327,0.100448,0.0468517,-0.0385087,0.0250968
-0.0467114,0.06169,-0.0053165,-0.197584,-0.0991596,-0.113394,0.0056187,-0.0124347,-0.147781,0.0357652,-0.113259,-0.0598355,0.0210849,-0.0678682,-0.00968982,-0.0776948,0.0471481,-0.0840819,0.0884922,-0.163019	-0.476277,-0.373264,-0.288493,-0.0681804,-0.580527,-0.526812,-0.488554,-0.465554,-0.445919,-0.362254,-0.275717,-0.244848,-0.416316,-0.302168,-0.558433,-0.535954,-0.385625,-0.474167,-0.25638,-0.398899	0.43934,0.425164,0.283611,-0.131171,0.51077,0.439683,0.49282,0.455758,0.319171,0.392928,0.167695,0.187763,0.433594,0.239205,0.551729,0.478171,0.425045,0.406283,0.337221,0.252285
-0.0353041,0.0553565,0.00385896,-0.199711,-0.0860094,-0.118061,0.0116294,-0.0111964,-0.0907211,0.0708323,-0.133961,-0.0822816,0.0173397,-0.0590988,-0.015242,-0.042865,0.0351031,-0.089042,0.0659837,-0.164009	-0.474794,-0.362277,-0.270451,-0.0668439,-0.578406,-0.530514,-0.488983,-0.463278,-0.425826,-0.327735,-0.3076,-0.260123,-0.426502,-0.279568,-0.564637,-0.5131,-0.382948,-0.475327,-0.264874,-0.3955	0.446982,0.409423,0.274024,-0.134665,0.518175,0.440012,0.497782,0.454439,0.348571,0.389525,0.181102,0.181731,0.440584,0.224173,0.554165,0.48081,0.412506,0.403357,0.325175,0.247549
-0.00391885,0.0546232,-0.0197761,-0.139123,-0.0208848,-0.0954197,-0.00351209,-0.00696883,-0.113447,0.0831895,-0.10785,-0.0515161,0.0151156,-0.0484274,-0.0099324,-0.0266519,0.0270254,-0.0156204,0.0570414,-0.121903	-0.396033,-0.377304,-0.268419,-0.0645166,-0.519018,-0.531944,-0.488409,-0.434254,-0.421462,-0.3165,-0.29616,-0.253421,-0.383704,-0.288096,-0.566374,-0.473807,-0.375276,-0.404558,-0.229665,-0.358946	0.392724,0.423205,0.24997,-0.0752822,0.503592,0.459866,0.48573,0.428582,0.323481,0.389436,0.194523,0.204575,0.39652,0.243059,0.55959,0.452874,0.398262,0.391411,0.282999,0.24789
0.0363313,0.0832641,0.0104974,-0.189214,-0.0676136,-0.139438,0.00836412,0.0131455,-0.101872,0.0583189,-0.11391,-0.0331775,0.0193327,-0.0640647,-0.0318487,-0.0231243,0.0523237,-0.0871929,0.0590942,-0.144242	-0.364695,-0.344192,-0.274882,-0.0642614,-0.562699,-0.551876,-0.474636,-0.432572,-0.431922,-0.332271,-0.298616,-0.229154,-0.391418,-0.289092,-0.572345,-0.486855,-0.392199,-0.464686,-0.253632,-0.383949	0.395782,0.415547,0.284559,-0.12649,0.514667,0.446822,0.48109,0.443197,0.34524,0.383165,0.19121,0.197478,0.407666,0.229274,0.550531,0.469011,0.435584,0.393434,0.308108,0.25376
-0.109484,-0.054442,-0.0301102,-0.384567,0.136825,0.116257,0.111356,0.0255707,0.108641,-0.068926,-0.0079264,0.110692,0.047338,-0.0742969,0.0282578,0.163155,0.0862725,0.184835,-0.0335134,0.141087	-0.264464,-0.179824,0.0752767,0.0655574,-0.0846859,-0.112808,-0.201742,-0.210256,-0.0681288,-0.183577,-0.189139,0.100413,-0.0345438,0.0331179,-0.20675,-0.00422215,-0.0813972,0.0604799,-0.0122439,0.101148	0.159601,0.126621,-0.105149,-0.439055,0.218974,0.2261,0.306219,0.234566,0.175471,0.11612,0.181484,0.0103941,0.0817481,-0.107151,0.233643,0.167262,0.1665,0.125761,-0.0212782,0.0405167
-0.108185,-0.1267,-0.0334428,-0.442045,0.141934,0.11181,0.119285,0.0348631,0.0485229,-0.112014,-0.0100616,0.0965351,0.0731892,-0.0486579,0.0470354,0.182162,0.0795506,0.134609,0.00886081,0.147658	-0.265696,-0.184556,0.0790541,0.0227845,-0.0751613,-0.0562602,-0.17682,-0.22228,-0.136127,-0.218726,-0.192506,0.0864463,-0.00333304,0.00329199,-0.196676,0.0261497,-0.0925389,0.00689611,0.012579,0.114301	0.162173,0.0592413,-0.1122,-0.460194,0.214804,0.16702,0.289989,0.255166,0.183438,0.109392,0.182798,0.0101737,0.0765036,-0.0519416,0.241477,0.156759,0.170832,0.127832,-0.00371865,0.0339291
0.711359,0.765452,0.671664,0.536734,0.739096,0.727023,0.768573,0.680022,0.692801,0.670665,0.733072,0.552485,0.685297,0.664085,0.588183,0.781465,0.756768,0.799655,0.865032,0.742394	0.703222,0.783701,0.692844,0.543833,0.726894,0.719522,0.772705,0.690808,0.661107,0.695258,0.711016,0.558587,0.662958,0.689453,0.604854,0.790983,0.778374,0.806597,0.87335,0.749563	0.0162816,-0.0456115,-0.0396156,-0.0100257,0.0263691,0.0157282,-0.0101748,-0.0203421,0.0584771,-0.0460785,0.0460695,-0.00882491,0.0409381,-0.0467914,-0.025877,-0.0249251,-0.0525757,-0.0195539,-0.0340141,-0.0161633
0.304701,0.525809,0.350946,0.419516,0.379266,0.484164,0.431099,0.348776,0.341361,0.384122,0.460326,0.395687,0.281706,0.407354,0.409266,0.393376,0.321785,0.376809,0.361684,0.284277	0.426416,0.521641,0.406263,0.346712,0.417987,0.436512,0.455429,0.396985,0.342602,0.419393,0.42392,0.381664,0.335906,0.407011,0.399003,0.464651,0.361593,0.437441,0.436707,0.304994	-0.13989,0.00574346,-0.0645162,0.085195,-0.0460166,0.0604215,-0.0302733,-0.055957,-0.00140584,-0.0420448,0.0452321,0.0165173,-0.0598643,0.000411078,0.0122659,-0.0872169,-0.0450503,-0.0725978,-0.0890953,-0.0226839
0.330434,0.526544,0.500098,0.473227,0.519735,0.557853,0.521363,0.496332,0.510506,0.51438,0.562493,0.443465,0.390624,0.439995,0.397642,0.526551,0.551117,0.582436,0.578469,0.438987	0.454446,0.54296,0.505344,0.468341,0.519944,0.51434,0.553612,0.534146,0.473574,0.547654,0.529883,0.436636,0.433425,0.453567,0.40195,0.567982,0.532463,0.614562,0.614397,0.447427	-0.145924,-0.0229872,-0.00701937,0.00627739,-0.000286711,0.0610215,-0.0453335,-0.0514565,0.0487075,-0.046324,0.0464566,0.0084694,-0.0515247,-0.016955,-0.00512768,-0.0591089,0.0264011,-0.0500355,-0.0557378,-0.0105021
-0.433754,-0.327794,-0.485866,-0.355853,-0.357347,-0.358723,-0.316468,-0.374228,-0.205986,-0.349363,-0.266066,-0.283712,-0.420183,-0.232136,-0.439823,-0.380423,-0.374373,-0.399428,-0.337965,-0.294909	-0.11932,-0.0256247,-0.17091,-0.0246494,0.0627667,-0.0820358,-0.0180225,-0.114464,-0.00557675,-0.0682492,-0.269305,-0.123081,-0.0749425,0.130037,-0.048237,0.0327974,-0.0937952,-0.0770824,0.00809039,-0.0691143	-0.331595,-0.304729,-0.343478,-0.334135,-0.410897,-0.285076,-0.300157,-0.27139,-0.200639,-0.28798,0.00348875,-0.166443,-0.356466,-0.35156,-0.400073,-0.408128,-0.290789,-0.332586,-0.345112,-0.230493
-0.446005,-0.357642,-0.487785,-0.363661,-0.370849,-0.374906,-0.325863,-0.325237,-0.154032,-0.373583,-0.263823,-0.298818,-0.409623,-0.202785,-0.421045,-0.372953,-0.380215,-0.386533,-0.324185,-0.298508	-0.143429,0.0029984,-0.164947,0.00666317,0.0469251,-0.0554736,-0.00873926,-0.0755903,0.039693,-0.0962632,-0.270285,-0.141764,-0.0544871,0.104453,-0.0367308,0.0502041,-0.101609,-0.0679227,0.00618939,-0.0657902	-0.323254,-0.360254,-0.351085,-0.369429,-0.410628,-0.326217,-0.318029,-0.255939,-0.192548,-0.287665,0.00695758,-0.164002,-0.363243,-0.300865,-0.390351,-0.41538,-0.289802,-0.3272,-0.329712,-0.23738
0.306829,0.507497,0.359548,0.408815,0.346754,0.501127,0.428851,0.330211,0.323746,0.40329,0.459271,0.366697,0.271607,0.443395,0.3706,0.382991,0.326259,0.367668,0.368802,0.303323	0.437121,0.484208,0.39388,0.330219,0.397083,0.460207,0.449065,0.367917,0.356368,0.414675,0.445464,0.346741,0.346949,0.418868,0.34407,0.445317,0.34533,0.421439,0.435735,0.317342	-0.150473,0.0308767,-0.0399958,0.0908622,-0.0583655,0.0531858,-0.025036,-0.0429203,-0.0368764,-0.0136706,0.0173584,0.0228633,-0.0831811,0.0301218,0.0304078,-0.075141,-0.0214926,-0.06363,-0.0797492,-0.015513
0.34803,0.522617,0.509891,0.480734,0.541694,0.612748,0.520934,0.562323,0.533165,0.518679,0.529362,0.438716,0.355674,0.467711,0.380494,0.524631,0.556156,0.600969,0.583406,0.435494	0.48009,0.520227,0.49406,0.468922,0.554036,0.576741,0.549075,0.589437,0.527932,0.527729,0.519118,0.425874,0.420003,0.457126,0.368435,0.556702,0.515802,0.626325,0.61101,0.436961	-0.158551,0.00328262,0.0211618,0.0152503,-0.0176349,0.0556872,-0.0394157,-0.0405566,0.00728325,-0.0124614,0.0141266,0.0157931,-0.0756263,0.0134632,0.0140252,-0.0453016,0.0565871,-0.0406607,-0.0428942,-0.00181265
-0.437218,-0.335328,-0.468125,-0.342117,-0.357237,-0.363456,-0.328368,-0.378666,-0.224497,-0.341779,-0.257706,-0.285725,-0.424841,-0.215941,-0.445279,-0.389689,-0.377046,-0.400552,-0.335011,-0.28331	-0.12054,-0.0483099,-0.160565,-0.0148852,0.0728416,-0.0855976,-0.0324202,-0.127979,-0.00217353,-0.07773,-0.247142,-0.127169,-0.0688506,0.128964,-0.0591834,0.0119775,-0.109917,-0.0834358,0.0027229,-0.0609377	-0.334296,-0.291744,-0.332557,-0.328906,-0.419171,-0.28678,-0.299132,-0.263454,-0.222432,-0.271256,-0.0112826,-0.164534,-0.366717,-0.33556,-0.396546,-0.399801,-0.278679,-0.328081,-0.337426,-0.226279
-0.450271,-0.365501,-0.481917,-0.351373,-0.377557,-0.368623,-0.333925,-0.327722,-0.174104,-0.369794,-0.253385,-0.300512,-0.418727,-0.18378,-0.414626,-0.38669,-0.38769,-0.393115,-0.322071,-0.288038	-0.147618,-0.0216871,-0.170597,0.0143733,0.0473874,-0.0409154,-0.0180959,-0.0864171,0.038262,-0.109852,-0.246115,-0.145555,-0.0566574,0.106999,-0.0286217,0.0244242,-0.123412,-0.0827173,-0.000544921,-0.058585	-0.324203,-0.346561,-0.339208,-0.363908,-0.417475,-0.332726,-0.317749,-0.248338,-0.210961,-0.270948,-0.00775342,-0.162045,-0.370868,-0.285172,-0.39064,-0.407268,-0.277558,-0.32083,-0.321583,-0.233391
0.379712,0.550284,0.408982,0.315261,0.384587,0.487062,0.394966,0.331389,0.384632,0.402977,0.428556,0.340773,0.274167,0.375183,0.339951,0.435968,0.389324,0.390343,0.381966,0.283086	0.382228,0.570712,0.358359,0.38126,0.346297,0.491656,0.402286,0.320385,0.346673,0.400511,0.43203,0.347795,0.261767,0.388627,0.354384,0.405361,0.330783,0.361139,0.342901,0.270734	-0.00294371,-0.0297821,0.0593169,-0.0750159,0.0441723,-0.00604036,-0.0087027,0.0123112,0.0438001,0.00294006,-0.00426255,-0.00796628,0.0133587,-0.0157384,-0.0164097,0.037177,0.0671944,0.0339961,0.0449526,0.013377
-0.366559,-0.298858,-0.439552,-0.448155,-0.353493,-0.374824,-0.310577,-0.371328,-0.221982,-0.319368,-0.234016,-0.276422,-0.371347,-0.275938,-0.442794,-0.372247,-0.344753,-0.334256,-0.294969,-0.270943	-0.117038,0.0153141,-0.147855,-0.113614,0.0393918,-0.0664667,-0.0290447,-0.150974,-0.0248288,-0.0530309,-0.213974,-0.0991017,-0.0556594,0.0693588,-0.0377734,-0.0141661,-0.0858968,-0.0293075,0.000190828,-0.0473142	-0.260706,-0.312741,-0.311972,-0.352489,-0.387489,-0.316236,-0.284096,-0.233441,-0.198246,-0.270926,-0.0210988,-0.182315,-0.32235,-0.338813,-0.41191,-0.35998,-0.266756,-0.307965,-0.295143,-0.226533
-0.374403,-0.319664,-0.44665,-0.463043,-0.366777,-0.373688,-0.322289,-0.337614,-0.189526,-0.334158,-0.208328,-0.287442,-0.369588,-0.237305,-0.420005,-0.361351,-0.352875,-0.326346,-0.281991,-0.276565	-0.137055,0.0612851,-0.147622,-0.0980194,0.0266269,-0.00861396,-0.0222278,-0.13272,-0.00290768,-0.066591,-0.191464,-0.113617,-0.0510441,0.0610319,-0.0214627,0.0083631,-0.0955048,-0.0276561,-0.00304743,-0.0477739	-0.250185,-0.37363,-0.320137,-0.382378,-0.389599,-0.366253,-0.302226,-0.214505,-0.186722,-0.273656,-0.0175648,-0.179693,-0.324669,-0.294077,-0.402168,-0.3686,-0.266346,-0.301411,-0.279183,-0.231855
-0.359964,-0.289994,-0.45902,-0.345143,-0.368525,-0.367105,-0.323422,-0.376399,-0.229557,-0.313934,-0.236186,-0.258193,-0.388416,-0.243365,-0.446917,-0.406534,-0.390173,-0.392332,-0.327485,-0.297756	-0.11157,0.0076027,-0.139386,-0.0062915,0.0496358,-0.0619668,-0.0515607,-0.14621,-0.00498316,-0.0439458,-0.21836,-0.085777,-0.063427,0.0984835,-0.0547617,-0.0405304,-0.0987921,-0.0894094,-0.0121176,-0.0702626	-0.258788,-0.296942,-0.341482,-0.339589,-0.410649,-0.312241,-0.276472,-0.243596,-0.224831,-0.273765,-0.0187961,-0.176321,-0.333197,-0.333847,-0.401994,-0.372135,-0.303063,-0.313935,-0.316624,-0.232354
-0.366866,-0.312053,-0.467046,-0.354728,-0.385178,-0.368985,-0.331771,-0.337618,-0.189071,-0.342895,-0.222336,-0.269117,-0.391876,-0.205955,-0.422563,-0.38934,-0.39953,-0.385275,-0.311714,-0.300766	-0.129058,0.0514107,-0.141267,0.0229149,0.0315858,-0.00858867,-0.0408784,-0.12139,0.0263328,-0.0770551,-0.207869,-0.100025,-0.0662204,0.086949,-0.0353559,-0.00779625,-0.111929,-0.0881535,-0.0106773,-0.0669641	-0.249628,-0.357725,-0.348791,-0.374598,-0.411754,-0.361542,-0.294891,-0.225469,-0.214337,-0.273054,-0.0151681,-0.173769,-0.334332,-0.287751,-0.39308,-0.382705,-0.301064,-0.307568,-0.302042,-0.238608
0.846121,0.71393,0.74614,0.67042,0.782658,0.738541,0.76634,0.757384,0.615682,0.611486,0.888259,0.836073,0.753917,0.805747,0.765771,0.798294,0.7995,0.819634,0.767502,0.855	0.838786,0.809819,0.755769,0.726538,0.787448,0.814256,0.798646,0.721958,0.593656,0.617028,0.881811,0.836172,0.764935,0.730702,0.749048,0.815567,0.794488,0.808029,0.740823,0.863448	0.0252692,-0.227308,-0.022082,-0.10941,-0.0124818,-0.189934,-0.0832696,0.0781685,0.0347149,-0.00890025,0.0297528,-0.000326741,-0.0260287,0.182485,0.0392189,-0.049503,0.01374,0.0343615,0.0618396,-0.0322735
0.0529388,0.0524336,0.132355,-0.166522,-0.0934166,-0.178832,-0.119929,0.0571027,-0.194653,-0.0277015,-0.0138306,-0.12241,-0.0445594,0.228464,-0.110333,-0.0501771,0.0233287,-0.0621372,0.0131436,-0.0524355	-0.65217,-0.74773,-0.756457,-0.321253,-0.855287,-0.771456,-0.809644,-0.708514,-0.69967,-0.6312,-0.628344,-0.702159,-0.692361,-0.375387,-0.788987,-0.898436,-0.727116,-0.802732,-0.725701,-0.830017	0.681578,0.769976,0.807922,0.163477,0.828028,0.687467,0.763889,0.735846,0.584641,0.614239,0.6199,0.634266,0.668423,0.556153,0.743365,0.888305,0.737927,0.779474,0.731864,0.812964
0.0543359,0.0663487,0.10345,-0.173742,-0.088448,-0.179352,-0.0926344,0.0341246,-0.143415,-0.00781516,-0.0348302,-0.0998874,-0.0360789,0.248957,-0.0843433,0.0035801,0.0202588,-0.0631971,0.00121535,-0.0591395	-0.649582,-0.740055,-0.756336,-0.31815,-0.853546,-0.767653,-0.808244,-0.709022,-0.688145,-0.612321,-0.645664,-0.70488,-0.697657,-0.355675,-0.784625,-0.890238,-0.727083,-0.80443,-0.728299,-0.833	0.67992,0.768661,0.797396,0.152858,0.827575,0.68223,0.773525,0.725591,0.604376,0.607413,0.624887,0.650816,0.67866,0.555449,0.749909,0.890979,0.736493,0.780933,0.728869,0.813959
0.0504345,0.00707361,0.111636,-0.0847817,-0.0502396,-0.133413,-0.100768,0.0120948,-0.158872,-0.0159316,-0.00445114,-0.085448,-0.0721019,0.206015,-0.0706401,-0.0237814,0.00702965,-0.00370102,0.0107837,-0.0352245	-0.60852,-0.758382,-0.745651,-0.304377,-0.838413,-0.764371,-0.808285,-0.69864,-0.683645,-0.613813,-0.631581,-0.699603,-0.681932,-0.379422,-0.78144,-0.880441,-0.732113,-0.777118,-0.712457,-0.823769	0.639333,0.761372,0.791409,0.225412,0.822832,0.702608,0.770254,0.704779,0.588714,0.603786,0.628898,0.653204,0.641365,0.542993,0.752329,0.87498,0.735358,0.775648,0.717726,0.81211
0.091653,0.0206287,0.123878,-0.170688,-0.10625,-0.154073,-0.108048,0.0338782,-0.141665,-0.041271,-0.00234943,-0.0748845,-0.0420118,0.21806,-0.0831415,-0.0179175,0.00467377,-0.0439219,0.0146333,-0.0511036	-0.576602,-0.740544,-0.74906,-0.316253,-0.853185,-0.77434,-0.803372,-0.695448,-0.685942,-0.622132,-0.636248,-0.688532,-0.6845,-0.37342,-0.781678,-0.883835,-0.740556,-0.799421,-0.72059,-0.830772	0.634713,0.749719,0.798814,0.153871,0.821396,0.704292,0.761417,0.712538,0.602859,0.596168,0.634848,0.647007,0.661511,0.546943,0.74709,0.87985,0.742659,0.782991,0.727551,0.814237
-0.061629,-0.182121,-0.0980049,-0.509152,0.0319466,0.269895,0.0370367,0.095055,0.0244244,0.00732969,0.00249659,0.0316679,0.128492,0.344383,0.046744,0.196547,0.0349039,0.251762,0.050308,0.00869477	-0.508772,-0.72174,-0.662295,-0.30428,-0.67981,-0.483591,-0.669759,-0.5716,-0.45227,-0.522627,-0.590457,-0.522853,-0.443319,-0.118276,-0.575278,-0.729544,-0.600568,-0.55301,-0.624389,-0.66044	0.461617,0.621283,0.60346,-0.242431,0.696627,0.666496,0.689687,0.6323,0.471486,0.527934,0.592081,0.545489,0.540994,0.444551,0.605733,0.809952,0.622424,0.706419,0.654149,0.665314
-0.0579382,-0.221965,-0.0782809,-0.563406,0.0351984,0.337107,0.0565943,0.115771,0.0186502,0.00408634,-0.0100168,0.00648997,0.130622,0.333376,0.10237,0.23979,0.0499938,0.212371,0.0607321,0.0453425	-0.505203,-0.727138,-0.660514,-0.359932,-0.679471,-0.436039,-0.650488,-0.579401,-0.496903,-0.540914,-0.591008,-0.537348,-0.41974,-0.140958,-0.55898,-0.709983,-0.608161,-0.581424,-0.610751,-0.648771	0.460751,0.602401,0.613979,-0.255232,0.697976,0.674064,0.681976,0.651472,0.510819,0.543798,0.584451,0.541948,0.521756,0.453044,0.625554,0.811601,0.638735,0.706552,0.647467,0.674278
0.718568,0.764826,0.673564,0.578032,0.739178,0.734183,0.770079,0.683475,0.68571,0.647933,0.767453,0.575069,0.68793,0.731552,0.585091,0.779648,0.757073,0.805067,0.87055,0.769682	0.718577,0.774034,0.714036,0.590568,0.73508,0.725471,0.768162,0.705975,0.671963,0.693088,0.739291,0.544984,0.656805,0.743285,0.586736,0.803149,0.77006,0.80815,0.862825,0.776523	-1.777e-05,-0.0225694,-0.0779727,-0.0190327,0.00897285,0.0186408,0.0046919,-0.0434809,0.025494,-0.081962,0.065094,0.0438177,0.0567789,-0.0257154,-0.00250574,-0.0628665,-0.0311439,-0.00882296,0.0310418,-0.0170054
0.315256,0.50182,0.389008,0.478789,0.363015,0.499717,0.422094,0.350538,0.348051,0.337826,0.511275,0.399637,0.251149,0.497485,0.400848,0.39416,0.312357,0.37872,0.339274,0.335752	0.470334,0.509414,0.436403,0.391697,0.439983,0.44386,0.43232,0.423377,0.357515,0.407876,0.478637,0.374392,0.317499,0.538907,0.374259,0.496722,0.343348,0.473863,0.387398,0.387962	-0.182075,-0.0102013,-0.0570856,0.107195,-0.0915976,0.0717778,-0.0125088,-0.085532,-0.0108084,-0.0812443,0.0432125,0.0296869,-0.0720983,-0.0565942,0.0312815,-0.127531,-0.0347141,-0.115952,-0.0554055,-0.0600294
0.338457,0.491253,0.514837,0.508504,0.510749,0.591247,0.509138,0.490904,0.516137,0.479535,0.607387,0.437498,0.375536,0.53694,0.394614,0.523319,0.529722,0.608494,0.574581,0.487917	0.506623,0.537765,0.537491,0.519852,0.535704,0.515824,0.540044,0.558831,0.487215,0.541716,0.571438,0.43121,0.416819,0.56225,0.373608,0.598051,0.523715,0.630966,0.582535,0.514689	-0.202969,-0.0632099,-0.0313206,-0.0154258,-0.0343553,0.10852,-0.0426264,-0.0936059,0.038639,-0.0840022,0.0550587,0.00775014,-0.0489437,-0.0362558,0.0246381,-0.108776,0.00831366,-0.0364756,-0.0119561,-0.0357489
-0.378208,-0.348243,-0.462067,-0.413906,-0.410973,-0.33214,-0.374024,-0.352516,-0.279646,-0.319894,-0.250231,-0.36476,-0.425393,0.0463454,-0.450111,-0.430167,-0.435766,-0.442287,-0.311011,-0.375859	-0.0401269,-0.0571287,-0.100905,0.074895,0.119263,-0.0785742,-0.0708342,-0.0752835,0.00953935,-0.116449,-0.189392,-0.140232,-0.123779,0.302456,-0.0936127,0.0971111,-0.135799,-0.0292829,-0.0749813,0.0767545	-0.343291,-0.297024,-0.378825,-0.474104,-0.505461,-0.260361,-0.311441,-0.28479,-0.288416,-0.211317,-0.0638655,-0.236632,-0.318379,-0.259752,-0.372181,-0.506135,-0.318835,-0.418423,-0.241665,-0.439922
-0.390329,-0.338309,-0.461686,-0.415605,-0.425753,-0.324007,-0.382614,-0.30165,-0.186858,-0.318028,-0.253084,-0.375647,-0.434696,0.0447414,-0.424248,-0.425509,-0.433356,-0.406615,-0.32589,-0.374274	-0.0638716,-0.0286116,-0.0952858,0.114945,0.102588,-0.0514097,-0.0621991,-0.03719,0.058104,-0.141047,-0.192337,-0.158665,-0.106354,0.28342,-0.0804477,0.115747,-0.143498,-0.0192989,-0.077232,0.0821686	-0.334805,-0.312725,-0.38326,-0.50636,-0.50623,-0.277215,-0.328226,-0.267461,-0.242331,-0.185293,-0.0638544,-0.230735,-0.344258,-0.241744,-0.355948,-0.51585,-0.309078,-0.39038,-0.255078,-0.442824
0.31927,0.480073,0.403259,0.470061,0.333956,0.51455,0.418499,0.333823,0.330922,0.363102,0.506355,0.365427,0.239462,0.525344,0.356847,0.3869,0.312622,0.368705,0.343127,0.354472	0.475342,0.478151,0.410393,0.371976,0.414458,0.466875,0.430664,0.384458,0.354004,0.389589,0.503011,0.370367,0.334653,0.554689,0.328816,0.466313,0.331104,0.460375,0.398515,0.400334	-0.183996,0.00249525,-0.00854894,0.11887,-0.0934344,0.062749,-0.0148394,-0.0580901,-0.0261452,-0.0308505,0.00448809,-0.00571348,-0.103483,-0.0414119,0.0317568,-0.096895,-0.0206156,-0.110412,-0.0641615,-0.0534463
0.358532,0.484452,0.52705,0.517699,0.535586,0.64262,0.507817,0.559411,0.541135,0.492494,0.574639,0.424588,0.336978,0.557001,0.374087,0.524253,0.533156,0.624512,0.573506,0.486515	0.527555,0.521449,0.508774,0.516648,0.564475,0.576542,0.540912,0.604955,0.526271,0.510432,0.567367,0.448074,0.407775,0.570522,0.351298,0.575193,0.514147,0.643883,0.589023,0.506409	-0.208451,-0.0495024,0.0249724,0.00143518,-0.0414066,0.104969,-0.045629,-0.06884,0.0207833,-0.0239616,0.0107896,-0.0290046,-0.0820741,-0.0198185,0.0262363,-0.0729318,0.0261875,-0.0323985,-0.0234333,-0.026398
-0.38343,-0.349962,-0.452124,-0.402553,-0.412986,-0.33511,-0.388188,-0.357736,-0.301877,-0.315331,-0.243126,-0.358972,-0.425094,0.0616652,-0.453245,-0.441073,-0.429736,-0.444085,-0.304296,-0.364812	-0.050824,-0.068439,-0.114937,0.0774408,0.120486,-0.0802648,-0.0805933,-0.101021,-0.00653035,-0.144451,-0.160555,-0.107727,-0.10743,0.305181,-0.0886285,0.0549635,-0.139756,-0.0320464,-0.0630787,0.0845369	-0.339217,-0.288431,-0.355669,-0.465483,-0.508185,-0.26189,-0.317529,-0.26634,-0.29593,-0.179035,-0.0859248,-0.261351,-0.332865,-0.248187,-0.379876,-0.484296,-0.308508,-0.417987,-0.245938,-0.435905
-0.397026,-0.339444,-0.461891,-0.405691,-0.433422,-0.311981,-0.393339,-0.304591,-0.208095,-0.317094,-0.243435,-0.369875,-0.438758,0.0623022,-0.4149,-0.441153,-0.431243,-0.412842,-0.320454,-0.363397	-0.0778432,-0.0406418,-0.124621,0.114823,0.0930756,-0.0352967,-0.0665537,-0.0599692,0.0374355,-0.172568,-0.160919,-0.126618,-0.0981968,0.289564,-0.0567746,0.0685363,-0.152746,-0.0308822,-0.0667692,0.0886492	-0.329362,-0.302982,-0.35787,-0.497346,-0.506082,-0.279765,-0.33557,-0.249173,-0.243632,-0.152893,-0.0858798,-0.255209,-0.355895,-0.231437,-0.366765,-0.494731,-0.298135,-0.386893,-0.259232,-0.437938
0.394551,0.518904,0.42453,0.349742,0.38839,0.513178,0.371322,0.33317,0.389163,0.370138,0.483582,0.332636,0.255126,0.504517,0.333244,0.44477,0.359679,0.434642,0.353601,0.358155	0.405442,0.557718,0.399137,0.445319,0.3362,0.494485,0.391095,0.32719,0.351272,0.361192,0.479617,0.351171,0.22924,0.489202,0.338604,0.415631,0.322629,0.361941,0.313914,0.331923	-0.0129648,-0.0546212,0.0305729,-0.113209,0.0600287,0.0250494,-0.0231329,0.00671159,0.0438914,0.0103259,0.0051628,-0.0209859,0.0274938,0.0203341,-0.00604192,0.0357481,0.0419134,0.0862734,0.0446428,0.0297712
-0.318705,-0.322326,-0.417208,-0.494587,-0.417738,-0.342595,-0.371463,-0.352414,-0.297053,-0.293367,-0.21602,-0.354072,-0.374616,0.00846299,-0.450532,-0.427785,-0.399073,-0.388551,-0.261167,-0.355839	-0.0788631,-0.0286943,-0.072472,-0.00806687,0.0425389,-0.0543307,-0.0673681,-0.13821,-0.0208955,-0.135615,-0.129324,-0.102477,-0.113067,0.229415,-0.0654091,0.00374555,-0.113881,-0.0182406,-0.0520899,0.0647189	-0.246025,-0.296373,-0.355484,-0.488469,-0.452241,-0.293731,-0.3119,-0.225172,-0.277883,-0.164289,-0.0891868,-0.261067,-0.273118,-0.221382,-0.396816,-0.43084,-0.29877,-0.372954,-0.21196,-0.41109
-0.328645,-0.303713,-0.4189,-0.503057,-0.432835,-0.314365,-0.381619,-0.317301,-0.22285,-0.279054,-0.19629,-0.361279,-0.393,0.0164964,-0.421206,-0.419935,-0.398485,-0.356303,-0.278124,-0.356956	-0.0999951,0.0134639,-0.0709461,0.0153729,0.0288714,0.00158144,-0.0607358,-0.120273,0.00332724,-0.145946,-0.108321,-0.117009,-0.11126,0.222859,-0.0479671,0.0277035,-0.123395,-0.0160259,-0.0556827,0.064821	-0.23642,-0.315885,-0.358612,-0.514451,-0.456008,-0.31579,-0.328497,-0.204846,-0.226009,-0.13876,-0.0898799,-0.255052,-0.294622,-0.207124,-0.380935,-0.442491,-0.289316,-0.342231,-0.22594,-0.412239
-0.310199,-0.317703,-0.443447,-0.406194,-0.422082,-0.331506,-0.387572,-0.35649,-0.302883,-0.284489,-0.216038,-0.339006,-0.389137,0.03703,-0.453354,-0.462823,-0.44903,-0.436261,-0.294698,-0.379014	-0.0814918,-0.055812,-0.0920965,0.0732428,0.0716317,-0.024863,-0.105201,-0.137551,0.00102192,-0.11936,-0.126226,-0.100324,-0.107331,0.270396,-0.0717759,-0.0264375,-0.15336,-0.0322224,-0.0637129,0.0573704	-0.234639,-0.266619,-0.36631,-0.465585,-0.479225,-0.309192,-0.294374,-0.230228,-0.303811,-0.170934,-0.0923294,-0.247086,-0.294089,-0.235726,-0.394412,-0.441791,-0.317537,-0.409799,-0.235405,-0.427098
-0.317262,-0.299933,-0.447256,-0.409371,-0.438188,-0.305975,-0.393823,-0.315481,-0.221561,-0.286362,-0.207688,-0.346636,-0.414126,0.0435603,-0.421482,-0.449439,-0.450397,-0.406025,-0.307512,-0.37794	-0.0988762,-0.0153278,-0.0936324,0.109432,0.0525826,0.0272076,-0.0944407,-0.112762,0.0344703,-0.148722,-0.117296,-0.114713,-0.113839,0.26239,-0.0512643,0.00879393,-0.166492,-0.0304417,-0.0630451,0.0623153	-0.225458,-0.28592,-0.369079,-0.496558,-0.479718,-0.330431,-0.310947,-0.210196,-0.254091,-0.143763,-0.0926492,-0.241527,-0.315144,-0.22136,-0.378394,-0.456429,-0.30692,-0.380284,-0.2493,-0.430125
0.860308,0.743136,0.740389,0.63267,0.749587,0.781293,0.759045,0.758992,0.636344,0.672193,0.879611,0.818073,0.755891,0.850728,0.781888,0.765006,0.796525,0.834562,0.749491,0.827115	0.850951,0.77086,0.731694,0.675872,0.762519,0.806987,0.793135,0.722838,0.545854,0.630792,0.879351,0.816095,0.798007,0.833668,0.750401,0.792455,0.771481,0.774859,0.778584,0.828468	0.0349248,-0.0649047,0.0189741,-0.0754768,-0.030184,-0.0695365,-0.0856587,0.0800968,0.13865,0.071879,0.0011448,0.00595134,-0.106142,0.0586714,0.076192,-0.0697073,0.0649662,0.168971,-0.0698584,-0.00429905
0.705928,0.758256,0.665338,0.639438,0.745677,0.752718,0.771331,0.684126,0.70027,0.64916,0.781973,0.59135,0.69736,0.672066,0.596432,0.774799,0.748783,0.806026,0.872652,0.770284	0.706897,0.772939,0.695479,0.640149,0.742742,0.741559,0.779827,0.69598,0.716579,0.706704,0.742222,0.575388,0.671019,0.704383,0.609616,0.808838,0.760188,0.808947,0.859338,0.77528	-0.00193604,-0.0354739,-0.0560995,-0.00120363,0.00657865,0.025257,-0.0213194,-0.0226276,-0.0327363,-0.10632,0.0947343,0.0241938,0.0495061,-0.0613695,-0.020716,-0.0911812,-0.0264736,-0.00839409,0.0532344,-0.0124024
0.296808,0.508837,0.368023,0.493805,0.370755,0.521439,0.436836,0.352051,0.393627,0.342789,0.518677,0.421106,0.278658,0.426063,0.413685,0.395179,0.310234,0.373848,0.336072,0.338871	0.448812,0.499454,0.40986,0.492722,0.460121,0.484974,0.454603,0.404366,0.422723,0.420263,0.490858,0.417811,0.329684,0.444921,0.403369,0.502309,0.333791,0.490084,0.383187,0.396115	-0.175364,0.0125806,-0.0492686,0.0014324,-0.107747,0.0488078,-0.0221686,-0.0609984,-0.034904,-0.0905134,0.0373208,0.00399891,-0.056188,-0.0232695,0.0123816,-0.133662,-0.0262784,-0.14231,-0.0540787,-0.066119
0.302883,0.494726,0.495391,0.578124,0.527184,0.614614,0.523421,0.48874,0.542943,0.493681,0.612946,0.452641,0.387848,0.466784,0.412145,0.522069,0.527496,0.608552,0.57115,0.491538	0.492582,0.530245,0.516563,0.581106,0.548021,0.550623,0.558279,0.54683,0.543874,0.547862,0.582997,0.472968,0.430608,0.482735,0.401647,0.602744,0.512987,0.63783,0.579909,0.518842	-0.222964,-0.0481498,-0.0284533,-0.00449165,-0.0293025,0.096725,-0.0492493,-0.0792772,-0.00132094,-0.074269,0.0466021,-0.0258636,-0.0513336,-0.020591,0.012581,-0.117718,0.0198921,-0.0478514,-0.0130971,-0.0366512
-0.356847,-0.304192,-0.453808,0.0735977,-0.413913,-0.411056,-0.378833,-0.396066,-0.275595,-0.315721,-0.252737,-0.369619,-0.469373,-0.165843,-0.463913,-0.459745,-0.440889,-0.497306,-0.336185,-0.372654	-0.0692745,-0.0753705,-0.155812,0.186169,0.157092,0.00886142,-0.0241813,-0.109443,0.136382,-0.0984804,-0.18507,-0.074426,-0.102939,0.188599,-0.0429756,0.116283,-0.145217,-0.00153124,-0.0848348,0.0960089	-0.294861,-0.234191,-0.32067,-0.114135,-0.536144,-0.418393,-0.357931,-0.29961,-0.397053,-0.224211,-0.0709882,-0.303543,-0.385038,-0.343692,-0.4295,-0.546797,-0.315897,-0.496153,-0.258729,-0.452474
-0.371504,-0.281182,-0.458585,0.122387,-0.428277,-0.426995,-0.390768,-0.352757,-0.185686,-0.315414,-0.250219,-0.372347,-0.477322,-0.158623,-0.452826,-0.460059,-0.4454,-0.454936,-0.35609,-0.37855	-0.0926541,-0.047283,-0.152329,0.205438,0.139915,0.0408913,-0.0143587,-0.0693566,0.181213,-0.124393,-0.18735,-0.0945027,-0.0830269,0.166474,-0.0310344,0.136058,-0.15486,0.00778297,-0.088066,0.101983	-0.288791,-0.23705,-0.329257,-0.0851923,-0.536069,-0.459857,-0.378533,-0.290508,-0.354955,-0.198822,-0.065961,-0.287977,-0.410566,-0.316733,-0.427803,-0.561001,-0.312065,-0.461086,-0.276702,-0.462671
0.300178,0.489118,0.379984,0.481459,0.342971,0.535382,0.437023,0.3332,0.384885,0.370668,0.510323,0.391082,0.268122,0.460402,0.374823,0.389952,0.3113,0.364178,0.338239,0.356877	0.451679,0.464437,0.391927,0.479692,0.435021,0.50993,0.446336,0.373864,0.397267,0.392682,0.524194,0.404034,0.34379,0.447793,0.351661,0.463127,0.323916,0.47709,0.397702,0.40958	-0.175265,0.0319356,-0.0140331,0.00229837,-0.108192,0.0350103,-0.0115695,-0.0464508,-0.014617,-0.0257644,-0.018937,-0.0153817,-0.0833511,0.0158837,0.0266783,-0.0893032,-0.0140298,-0.136656,-0.068705,-0.0617248
0.323099,0.489875,0.505879,0.579824,0.551794,0.661912,0.527204,0.555698,0.576066,0.510026,0.5759,0.443126,0.351706,0.493994,0.397321,0.526201,0.531684,0.625582,0.567418,0.489918	0.512659,0.510283,0.496481,0.582065,0.575449,0.609861,0.553669,0.602029,0.560436,0.507928,0.58673,0.47932,0.419572,0.478731,0.373668,0.572365,0.505622,0.651998,0.589159,0.512194	-0.227192,-0.0272102,0.0125498,-0.00338362,-0.0346609,0.087286,-0.0373749,-0.0696231,0.023082,0.00283205,-0.0163572,-0.0459554,-0.0796144,0.0199906,0.0277762,-0.0660603,0.0356438,-0.0446128,-0.0326577,-0.0297382
-0.361801,-0.306423,-0.441354,0.0832945,-0.416411,-0.412472,-0.395112,-0.402872,-0.305241,-0.314847,-0.244597,-0.366101,-0.46936,-0.149441,-0.470314,-0.472667,-0.438031,-0.500982,-0.327254,-0.361078	-0.0801735,-0.0915918,-0.157668,0.194168,0.157143,0.00884707,-0.0453287,-0.125684,0.0863,-0.138745,-0.145965,-0.0536357,-0.0915155,0.177764,-0.0503077,0.0565613,-0.149133,-0.00424732,-0.0664423,0.105451	-0.290041,-0.221035,-0.304903,-0.112696,-0.538328,-0.419787,-0.356162,-0.291972,-0.381492,-0.184147,-0.102284,-0.318724,-0.394803,-0.318739,-0.430185,-0.515448,-0.309089,-0.497794,-0.266608,-0.449417
-0.37773,-0.28271,-0.456754,0.130307,-0.436925,-0.414062,-0.404294,-0.357889,-0.211964,-0.317531,-0.239866,-0.368491,-0.482823,-0.140077,-0.44726,-0.478279,-0.447449,-0.462135,-0.348572,-0.3676	-0.106496,-0.0638508,-0.169138,0.211796,0.129263,0.0605867,-0.0301616,-0.0826645,0.125293,-0.168064,-0.145994,-0.073795,-0.0810081,0.160076,-0.0179362,0.0711176,-0.164777,-0.00454824,-0.0710348,0.11033	-0.282602,-0.222883,-0.311696,-0.0838011,-0.53592,-0.463033,-0.378751,-0.283615,-0.328531,-0.157893,-0.0972796,-0.302933,-0.41817,-0.29357,-0.432795,-0.531324,-0.305172,-0.458551,-0.284583,-0.459302
0.354068,0.517267,0.399566,0.456049,0.413005,0.547001,0.391864,0.322035,0.432099,0.387257,0.490123,0.357106,0.267868,0.411946,0.358365,0.446037,0.35939,0.445699,0.347966,0.365537	0.389572,0.56177,0.378177,0.460002,0.344335,0.519993,0.408079,0.326265,0.403983,0.363298,0.487316,0.380616,0.258454,0.409237,0.358118,0.418324,0.321216,0.358812,0.310114,0.334899	-0.0411854,-0.0627315,0.0251965,-0.00500235,0.0800545,0.037744,-0.0193017,-0.00472706,0.0340625,0.0278813,0.00368747,-0.0272091,0.0101141,0.00325811,0.000283074,0.0340703,0.0431561,0.103428,0.0424305,0.0349116
-0.289888,-0.274548,-0.404726,-0.0367336,-0.425234,-0.420932,-0.375786,-0.389146,-0.294605,-0.29235,-0.21813,-0.363447,-0.417817,-0.211477,-0.467958,-0.459941,-0.409013,-0.458318,-0.284883,-0.356787	-0.103631,-0.0303487,-0.119518,0.0673915,0.0627172,0.0121098,-0.0283206,-0.149401,0.0811792,-0.125436,-0.12815,-0.0564605,-0.0753605,0.113122,-0.0317587,0.0107637,-0.117845,-0.0183607,-0.0594512,0.0781756	-0.192025,-0.246251,-0.299706,-0.103868,-0.475276,-0.430845,-0.351204,-0.254543,-0.367007,-0.173268,-0.0925676,-0.313418,-0.35359,-0.317015,-0.44278,-0.468386,-0.305913,-0.443691,-0.229315,-0.42316
-0.300434,-0.241674,-0.411697,0.0037103,-0.440259,-0.417643,-0.388896,-0.361841,-0.22168,-0.278243,-0.192133,-0.362473,-0.436255,-0.194286,-0.454624,-0.458054,-0.415151,-0.417237,-0.305997,-0.366617	-0.123179,0.00995734,-0.11959,0.0806292,0.0488361,0.0771029,-0.020768,-0.131753,0.100767,-0.136556,-0.106119,-0.0722286,-0.0725855,0.105947,-0.0147189,0.0360408,-0.129023,-0.0157433,-0.0635778,0.0790104	-0.184066,-0.251027,-0.307234,-0.0769419,-0.4788,-0.479311,-0.371125,-0.241606,-0.315402,-0.147283,-0.0878049,-0.298047,-0.375562,-0.294177,-0.442869,-0.48607,-0.302321,-0.404148,-0.247229,-0.433083
-0.285916,-0.266785,-0.434813,0.0803988,-0.425125,-0.40755,-0.390887,-0.399078,-0.304153,-0.2808,-0.218547,-0.350593,-0.435381,-0.177104,-0.469116,-0.493902,-0.455894,-0.497441,-0.318453,-0.378452	-0.130446,-0.0610247,-0.144776,0.189204,0.113586,0.0557675,-0.0631661,-0.161973,0.0936587,-0.0943724,-0.126237,-0.0608029,-0.0879376,0.155479,-0.0310358,-0.0225459,-0.155202,-0.0141767,-0.0733364,0.0768336	-0.161493,-0.209166,-0.309522,-0.110486,-0.513896,-0.453021,-0.336017,-0.25349,-0.386793,-0.191503,-0.0949291,-0.296102,-0.361276,-0.32367,-0.444553,-0.476664,-0.323588,-0.486697,-0.250978,-0.442421
-0.294605,-0.234864,-0.443841,0.1269,-0.44083,-0.405907,-0.398988,-0.36558,-0.22323,-0.283272,-0.204496,-0.349751,-0.460734,-0.16149,-0.454677,-0.48625,-0.464144,-0.460231,-0.335706,-0.386052	-0.146552,-0.0222309,-0.148079,0.20614,0.0940509,0.117145,-0.0511564,-0.136656,0.122768,-0.124936,-0.116637,-0.0762461,-0.0943996,0.145833,-0.0111131,0.0144176,-0.170564,-0.0130295,-0.0732316,0.0827139	-0.154733,-0.213749,-0.316568,-0.0813686,-0.513588,-0.49931,-0.355079,-0.240962,-0.336768,-0.164145,-0.0900059,-0.280999,-0.382992,-0.300253,-0.445817,-0.497182,-0.31882,-0.449899,-0.26909,-0.454261
0.859991,0.783463,0.746852,0.814723,0.744636,0.70237,0.751402,0.737201,0.639413,0.670904,0.888994,0.827833,0.738007,0.809017,0.747851,0.739876,0.78397,0.836195,0.741779,0.812776	0.852943,0.786655,0.751158,0.775796,0.75904,0.784433,0.798673,0.71217,0.542287,0.627198,0.879745,0.807401,0.787122,0.772193,0.75276,0.78801,0.767833,0.74761,0.778676,0.834573	0.0264473,-0.00831935,-0.00981024,0.105796,-0.0331281,-0.182752,-0.118213,0.0526977,0.148679,0.0754581,0.0424462,0.061615,-0.117192,0.0981252,-0.0112312,-0.115438,0.0405423,0.23632,-0.0873512,-0.0677609
0.00678312,-0.0774948,0.0196763,-0.015344,-0.078897,0.0372128,-0.0139048,-0.0490442,-0.0288531,0.0410601,0.0177895,-0.0517818,-0.0144944,0.0769359,-0.086847,-0.0515111,-0.00238855,-0.0377862,0.0327322,0.0502532	-0.485382,-0.543499,-0.453589,-0.268176,-0.558586,-0.429749,-0.579851,-0.478899,-0.499003,-0.430142,-0.464048,-0.304678,-0.493544,-0.375881,-0.366955,-0.608676,-0.619869,-0.648913,-0.769774,-0.59197	0.49055,0.486495,0.469079,0.253876,0.501804,0.459612,0.570546,0.440193,0.477018,0.463024,0.477892,0.25695,0.482501,0.44009,0.289328,0.575199,0.618396,0.626489,0.782783,0.62367
0.0510315,-0.0260875,0.0219275,0.0165116,0.0886144,0.163811,-0.0119937,0.158834,0.085103,-0.00152416,-0.07207,-0.00840029,-0.0719456,0.0598408,-0.0484978,-0.0265883,-0.00708702,0.0645786,0.0198962,-0.00970001	-0.43583,-0.494636,-0.341509,-0.106601,-0.363946,-0.254118,-0.499733,-0.186139,-0.289384,-0.303177,-0.407342,-0.200116,-0.450024,-0.339881,-0.340829,-0.503741,-0.48156,-0.438605,-0.668642,-0.520479	0.476269,0.474674,0.360735,0.122897,0.438421,0.401228,0.490681,0.335067,0.365486,0.301793,0.345412,0.192038,0.39073,0.391754,0.297245,0.483631,0.476097,0.489324,0.679498,0.513371
-0.0196712,-0.00258395,0.0548077,0.0227543,-0.00760287,-0.0249483,-0.0206928,-0.00344756,-0.0497861,0.0292047,0.0196977,0.00592375,-0.0332026,0.0466486,0.0128874,-0.0201377,0.0192694,0.00280222,0.0149174,0.0352222	-0.733264,-0.777228,-0.704518,-0.550795,-0.722905,-0.750807,-0.785076,-0.720449,-0.681631,-0.700815,-0.789555,-0.599524,-0.707531,-0.625892,-0.60194,-0.779063,-0.784727,-0.812798,-0.872417,-0.753874	0.724036,0.776203,0.731096,0.56645,0.719255,0.739714,0.777006,0.718787,0.65404,0.715378,0.79686,0.603305,0.69055,0.653462,0.610095,0.771022,0.79202,0.813747,0.875935,0.768685
-0.0264505,-0.00420206,0.0327775,0.0205427,-0.026305,0.0113196,-0.00952444,0.000924644,-0.0565926,0.0219434,0.0251762,0.00669781,-0.0478037,0.0522228,0.0373013,-0.0316457,0.00796278,-0.0204748,0.00886338,0.0326253	-0.738851,-0.77641,-0.720704,-0.546524,-0.734385,-0.734035,-0.780453,-0.711322,-0.670265,-0.71021,-0.788906,-0.605133,-0.708675,-0.625421,-0.587534,-0.780072,-0.788493,-0.816965,-0.873531,-0.751862	0.726601,0.774735,0.736093,0.560771,0.722028,0.739213,0.776702,0.711779,0.637868,0.720919,0.798228,0.609361,0.684045,0.656212,0.611435,0.76737,0.791486,0.81004,0.875615,0.765705
0.0270188,0.0481187,-0.160436,-0.193506,-0.222212,-0.0942598,-0.217506,-0.244419,-0.187765,-0.192463,-0.203712,-0.147196,-0.166373,-0.0885142,-0.084073,-0.177373,-0.252279,-0.331933,-0.345634,-0.21065	0.0719342,0.0881072,0.00793192,-0.0478591,-0.0579635,0.0362459,-0.0709747,-0.0535599,0.0198168,0.0194864,-0.0288763,-0.066759,-0.0368132,-0.019663,-0.0837224,0.00184965,0.0177841,-0.045502,-0.0470247,-0.0194885	-0.0450029,-0.0401588,-0.168154,-0.147008,-0.166392,-0.130061,-0.148829,-0.193391,-0.206812,-0.211158,-0.175871,-0.0812348,-0.130358,-0.0689713,-0.000353115,-0.179164,-0.268857,-0.290824,-0.303543,-0.191949
0.145535,0.0442532,0.0858386,-0.177866,0.0217371,-0.044392,0.0186477,0.0139059,-0.0202069,0.0606067,0.0528232,0.0176328,0.0788327,-0.0692364,-0.000826593,0.037835,0.052633,0.125217,0.0812123,0.0474971	-0.359918,-0.502496,-0.416558,-0.494131,-0.364907,-0.512825,-0.453059,-0.433643,-0.358131,-0.409491,-0.545476,-0.434358,-0.314844,-0.386053,-0.419403,-0.405047,-0.364019,-0.380912,-0.364545,-0.302685	0.480295,0.534856,0.485053,0.34674,0.383602,0.479345,0.467755,0.444866,0.340387,0.458713,0.581543,0.448555,0.384142,0.325518,0.418722,0.436198,0.408819,0.483087,0.43294,0.345219
0.146627,0.0615661,0.0837757,-0.190446,0.0252017,-0.00974343,0.0161798,-0.0102896,-0.0473963,0.0780829,0.0873093,0.0232479,0.0633347,-0.0524013,0.00399927,0.0426747,0.0512048,0.118047,0.0800134,0.0429847	-0.36793,-0.486419,-0.424061,-0.493366,-0.372738,-0.483909,-0.451603,-0.430177,-0.352014,-0.414816,-0.52887,-0.440161,-0.316924,-0.382868,-0.411236,-0.39403,-0.368373,-0.38244,-0.36795,-0.304591	0.488218,0.532052,0.490414,0.334334,0.394236,0.476412,0.46439,0.421754,0.309786,0.477435,0.588982,0.458715,0.372776,0.337233,0.414553,0.429483,0.41181,0.478868,0.435152,0.343083
0.158203,0.0629846,0.0404082,0.0142667,-0.0160285,-0.0380565,0.00274618,0.0101548,-0.0476825,0.080166,0.0624359,0.0420024,0.0651569,-0.0191975,-0.000275941,-0.029441,-0.0320852,0.0329269,0.0272039,0.0122642	-0.382778,-0.507951,-0.543143,-0.480217,-0.507019,-0.581035,-0.55799,-0.56481,-0.511009,-0.527525,-0.634975,-0.469713,-0.423899,-0.401343,-0.418235,-0.551824,-0.590031,-0.617511,-0.591631,-0.462645	0.510091,0.553236,0.571018,0.491119,0.495013,0.555256,0.559878,0.571686,0.474898,0.583035,0.670816,0.501815,0.475911,0.385112,0.418007,0.53101,0.568712,0.637476,0.609033,0.47223
0.163363,0.0790361,0.0328567,0.0113072,-0.0187671,-0.00420922,0.00540851,-0.0101916,-0.0657926,0.0744354,0.0824573,0.047773,0.0387455,-0.00430909,0.00715191,-0.0119089,-0.0392035,0.021053,0.0319243,0.0116378	-0.389418,-0.492529,-0.554001,-0.473814,-0.517029,-0.557269,-0.55692,-0.56091,-0.501213,-0.542808,-0.628313,-0.473942,-0.431034,-0.400487,-0.408523,-0.537798,-0.595785,-0.620023,-0.593657,-0.459804	0.519718,0.550149,0.576367,0.482536,0.503144,0.55436,0.56064,0.553885,0.450268,0.593273,0.67576,0.510164,0.462063,0.396863,0.414464,0.529279,0.569892,0.632815,0.613946,0.468932
0.907034,0.826809,0.857783,0.773939,0.888912,0.854645,0.851223,0.821733,0.659612,0.762627,0.912613,0.895358,0.863339,0.837841,0.87446,0.875177,0.879319,0.87529,0.845406,0.905982	0.88724,0.854742,0.864464,0.804146,0.873982,0.879645,0.860696,0.855585,0.709016,0.737312,0.910183,0.876867,0.880503,0.817752,0.882887,0.890466,0.873106,0.882542,0.843712,0.910401	0.10138,-0.0952382,-0.0258492,-0.0799902,0.066921,-0.100719,-0.0354308,-0.114004,-0.0928076,0.0578354,0.0143484,0.0860478,-0.0715677,0.0638028,-0.036968,-0.0692786,0.0267507,-0.0318759,0.005907,-0.025221
-0.00241081,0.0602056,-0.171867,-0.202425,-0.259668,-0.199682,-0.210179,-0.331986,-0.231581,-0.194455,-0.162147,-0.13636,-0.12321,-0.129433,-0.0456984,-0.164548,-0.249412,-0.350917,-0.353294,-0.209287	0.0694846,0.129815,-0.00603948,-0.0341435,-0.00723163,0.0117562,-0.0625738,-0.0194484,0.0418987,-0.010403,-0.0400564,-0.0224609,-0.0261031,-0.0727148,-0.0171217,0.0309537,0.0191714,-0.0245918,-0.0593819,-0.0466427	-0.0718834,-0.0701573,-0.166,-0.169453,-0.252912,-0.210943,-0.149572,-0.314568,-0.270851,-0.184425,-0.122889,-0.114249,-0.0974197,-0.057257,-0.0285991,-0.194511,-0.267305,-0.329166,-0.300211,-0.164247
0.157631,0.0445118,0.0512922,-0.191363,0.0250788,-0.0303238,0.0291511,0.0155773,0.0112571,0.0432219,0.041692,0.0125438,0.0965057,-0.100465,-0.0102507,0.0473803,0.0440756,0.122315,0.0775821,0.0323816	-0.36042,-0.479609,-0.426113,-0.487189,-0.334141,-0.522854,-0.447983,-0.413348,-0.33931,-0.425661,-0.552456,-0.409833,-0.303744,-0.424633,-0.382331,-0.39068,-0.364708,-0.370956,-0.370813,-0.32228	0.490201,0.513166,0.467194,0.326241,0.356235,0.500465,0.470984,0.426181,0.349233,0.460412,0.580771,0.420217,0.388851,0.338613,0.373545,0.430099,0.402316,0.471861,0.435857,0.350999
0.162296,0.0621894,0.0632291,-0.202235,0.0381771,-0.0169493,0.0209727,-0.0106151,-0.0108602,0.0651096,0.0729997,0.017392,0.0894905,-0.0871994,-0.0235477,0.0578472,0.0477925,0.124624,0.077964,0.0287091	-0.367192,-0.462436,-0.431095,-0.486243,-0.3402,-0.501859,-0.446794,-0.410892,-0.329994,-0.429657,-0.535588,-0.416107,-0.303938,-0.422328,-0.377748,-0.379231,-0.368925,-0.370464,-0.373697,-0.323817	0.499708,0.50996,0.481207,0.314982,0.373525,0.489069,0.463424,0.40203,0.320282,0.481302,0.585689,0.430385,0.383011,0.347942,0.35738,0.427696,0.409497,0.473239,0.438874,0.349279
0.173144,0.0636656,0.000971445,-0.00593364,-0.0115964,-0.0233172,0.0149695,0.0138772,-0.0111463,0.0589719,0.0472729,0.036696,0.0833123,-0.0501289,-0.00988592,-0.0181487,-0.0424966,0.0323538,0.0217883,-0.0059029	-0.397926,-0.499455,-0.551682,-0.492093,-0.534036,-0.627041,-0.553369,-0.6199,-0.534348,-0.530458,-0.618029,-0.465724,-0.38988,-0.430379,-0.400577,-0.545452,-0.587271,-0.632558,-0.595163,-0.464016	0.534261,0.545766,0.552357,0.487583,0.525696,0.612682,0.563669,0.628372,0.526337,0.571551,0.646417,0.493978,0.458306,0.388635,0.392244,0.532575,0.558718,0.651577,0.609053,0.459372
0.181393,0.0803119,0.00946719,-0.00687589,-0.00216003,-0.0128567,0.0110409,-0.0120268,-0.0244363,0.0581828,0.0628537,0.0418789,0.0669536,-0.0392674,-0.0207756,0.00585817,-0.0430492,0.033655,0.0287752,-0.00527816	-0.402144,-0.483357,-0.558883,-0.486095,-0.540086,-0.613589,-0.55172,-0.620033,-0.52302,-0.544048,-0.611441,-0.47068,-0.394912,-0.430766,-0.394155,-0.530538,-0.591377,-0.632559,-0.597194,-0.461576	0.543865,0.542606,0.565359,0.480826,0.538554,0.605509,0.559354,0.612574,0.505038,0.583753,0.64934,0.502651,0.449968,0.398235,0.376462,0.534734,0.562652,0.652327,0.615394,0.457412
0.907804,0.828091,0.858074,0.771533,0.892271,0.840617,0.85253,0.820518,0.658319,0.760075,0.91204,0.89489,0.865749,0.836208,0.864923,0.882034,0.880961,0.879787,0.843075,0.904813	0.885041,0.855318,0.853087,0.800055,0.868533,0.881761,0.866934,0.856541,0.701278,0.730931,0.9119,0.876819,0.875566,0.819307,0.888409,0.892698,0.87026,0.879325,0.839886,0.908304	0.11581,-0.0933339,0.0186062,-0.074522,0.105489,-0.158997,-0.0552075,-0.12121,-0.0798006,0.0655751,0.000832064,0.0839183,-0.0405721,0.0536706,-0.101408,-0.0501593,0.0458648,0.00204218,0.0109243,-0.0195962
0.00809273,0.0193343,-0.0512926,0.179539,-0.0342748,0.01063,-0.0155344,-0.00520566,-0.0207952,0.00724654,-1.41965e-05,0.0212031,-0.0197739,0.047725,0.000520937,-0.0630284,-0.0792905,-0.0987265,-0.0583771,-0.0364602	-0.433731,-0.544634,-0.46893,-0.306725,-0.35912,-0.51197,-0.428622,-0.406115,-0.379992,-0.425026,-0.544455,-0.382642,-0.313778,-0.313318,-0.366349,-0.45191,-0.438764,-0.447597,-0.393188,-0.325213	0.440278,0.558092,0.427931,0.460884,0.328893,0.519771,0.415857,0.401759,0.362057,0.430945,0.544445,0.400595,0.295839,0.355724,0.3668,0.400283,0.372431,0.365,0.342677,0.292217
0.0114752,0.0180752,-0.0557123,0.188812,-0.0399282,0.00615073,-0.0110645,0.00177988,-0.00913226,-0.0150182,-0.0176319,0.0212415,-0.0269724,0.0457451,0.00301199,-0.0527765,-0.0834678,-0.099303,-0.053834,-0.0322603	-0.438369,-0.533831,-0.477666,-0.295225,-0.37177,-0.497135,-0.424237,-0.393476,-0.359715,-0.446355,-0.543181,-0.390017,-0.316189,-0.318341,-0.356727,-0.436044,-0.445432,-0.446214,-0.392556,-0.32214	0.447593,0.546631,0.433489,0.45848,0.336842,0.501751,0.415121,0.39498,0.351738,0.434248,0.530631,0.40788,0.291704,0.358861,0.359352,0.392295,0.375941,0.362995,0.346035,0.292924
0.900844,0.813063,0.85037,0.798741,0.880952,0.838163,0.853408,0.825427,0.676948,0.747458,0.891423,0.889602,0.853876,0.841423,0.87067,0.86864,0.873966,0.871774,0.832682,0.900585	0.880733,0.855625,0.853292,0.816502,0.868829,0.888905,0.860789,0.838579,0.699802,0.735109,0.915295,0.875267,0.857493,0.836233,0.88292,0.888545,0.86617,0.873053,0.829261,0.900512	0.0973434,-0.139856,-0.0106503,-0.0510626,0.0516783,-0.199025,-0.0278116,-0.0427281,-0.0434276,0.0274098,-0.129678,0.0647603,-0.013506,0.017511,-0.0529688,-0.0872341,0.0320829,-0.00535258,0.0110554,0.00038147
0.895678,0.808889,0.854779,0.772946,0.887392,0.839874,0.853394,0.825486,0.671347,0.756382,0.902413,0.887817,0.86062,0.831863,0.869242,0.870018,0.883906,0.87844,0.838274,0.904301	0.878408,0.850532,0.855491,0.800656,0.870771,0.887476,0.864901,0.844892,0.704293,0.725205,0.912679,0.873343,0.857518,0.824508,0.883599,0.897637,0.873108,0.878694,0.83947,0.90828	0.0809919,-0.133464,-0.0026507,-0.0727043,0.0731286,-0.186944,-0.043937,-0.0641416,-0.0624958,0.0690578,-0.058205,0.0644349,0.0118387,0.0234144,-0.0619,-0.126092,0.0473094,-0.00111645,-0.00403824,-0.0222724
