0.257441,0.204144,0.25291,0.157911,0.150681,0.116241,0.197936,0.203511,0.168402,0.103943,0.235343,0.331911,0.299922,0.293478,0.249809,0.252035,0.226744,0.206503,0.0815271,0.235739	0.143496,-0.088222,0.0479989,0.0774551,-0.0391742,-0.0459126,0.0743368,0.0304664,-0.0212235,-0.125543,-0.0252345,0.155646,0.196232,0.148396,0.0278954,-0.0297069,-0.198322,-0.0100085,-0.119387,-0.227559	0.118316,0.287193,0.207429,0.0814523,0.188741,0.161293,0.125445,0.174125,0.18895,0.226529,0.259039,0.185866,0.110175,0.151688,0.223471,0.279648,0.406774,0.216065,0.198977,0.43971
0.303451,0.204938,0.24293,0.14911,0.154748,0.0791375,0.209249,0.254223,0.176346,0.109032,0.299382,0.401719,0.320653,0.301394,0.262816,0.229134,0.272745,0.224911,0.139225,0.256065	0.259041,-0.119889,0.0107718,0.0700319,-0.0204467,-0.081322,0.119448,0.0773422,0.00942543,-0.107975,0.00405406,0.22191,0.19932,0.173993,0.0709317,-0.0501205,-0.209113,0.00706647,-0.0395481,-0.217169	0.0481985,0.317038,0.232767,0.0799122,0.174642,0.159434,0.0921029,0.180429,0.167198,0.214482,0.295687,0.197407,0.129618,0.134452,0.195529,0.276083,0.455858,0.218191,0.177794,0.448305
-0.333876,-0.0910792,-0.0555613,-0.0515193,-0.0683141,-0.127666,-0.068796,-0.0527482,-0.0890788,-0.00984618,-0.103734,-0.115067,-0.0602417,-0.0265211,0.0260685,-0.00488456,-0.059755,-0.0369391,-0.0224854,-0.0869013	-0.412665,-0.526994,-0.445746,-0.369581,-0.43995,-0.336822,-0.453842,-0.379982,-0.429967,-0.480766,-0.542002,-0.449488,-0.486495,-0.46475,-0.403698,-0.473053,-0.56188,-0.409607,-0.304348,-0.595397	0.0913791,0.457893,0.400093,0.324236,0.383151,0.218555,0.397456,0.333926,0.354464,0.47316,0.464377,0.352661,0.439122,0.443698,0.425291,0.469253,0.51957,0.378393,0.283804,0.536242
-0.345889,-0.0951639,-0.0582249,-0.0517932,-0.0694958,-0.112764,-0.0629033,-0.0547672,-0.0786076,-0.00828894,-0.108691,-0.11587,-0.0624974,-0.0201697,0.0317849,-0.0211727,-0.0605014,-0.0348502,-0.0186324,-0.0757757	-0.419129,-0.527299,-0.438569,-0.364756,-0.429591,-0.334721,-0.436944,-0.378005,-0.416686,-0.489726,-0.549889,-0.450801,-0.492111,-0.460601,-0.407415,-0.483976,-0.56794,-0.40943,-0.329362,-0.58579	0.0856577,0.454965,0.39031,0.318989,0.371176,0.230663,0.384612,0.330071,0.349527,0.4834,0.469244,0.35339,0.443245,0.444561,0.433585,0.467595,0.525495,0.380002,0.312648,0.533705
-0.302514,-0.0831013,-0.0571783,-0.0407586,-0.0657294,-0.0904634,-0.0498125,-0.0483406,-0.0694199,-0.0123373,-0.0957256,-0.0993552,-0.0596528,-0.0159061,0.00328313,-0.0034926,-0.0427949,-0.0258279,-0.0288352,-0.0474828	-0.424674,-0.508478,-0.44254,-0.364017,-0.436333,-0.336436,-0.437825,-0.379524,-0.389419,-0.476415,-0.550968,-0.44884,-0.484117,-0.460067,-0.416889,-0.478313,-0.572864,-0.402544,-0.331288,-0.570569	0.140168,0.444144,0.395366,0.328127,0.381546,0.253694,0.396664,0.337373,0.32889,0.466822,0.480589,0.365798,0.437087,0.447435,0.419598,0.475615,0.543391,0.380674,0.30537,0.537652
-0.305026,-0.0993552,-0.0717566,-0.0456087,-0.0712206,-0.116928,-0.0634789,-0.0549641,-0.0724684,-0.024433,-0.109303,-0.102606,-0.0730815,-0.0213724,-0.00103258,-0.00907131,-0.0431597,-0.0373361,-0.0302438,-0.0704707	-0.414421,-0.520179,-0.452693,-0.362894,-0.439294,-0.345017,-0.456031,-0.372703,-0.409111,-0.485943,-0.552036,-0.448839,-0.496959,-0.473758,-0.411402,-0.487087,-0.559319,-0.404229,-0.336973,-0.588123	0.125224,0.443759,0.393726,0.322625,0.379961,0.237677,0.404255,0.324384,0.346928,0.467056,0.471163,0.362949,0.439853,0.457013,0.410544,0.480137,0.528928,0.372515,0.309887,0.540034
0.36726,0.195314,0.145338,0.061227,0.0768293,0.140341,0.170147,0.105612,0.128064,-0.00196998,0.0706366,0.101389,0.126221,0.103125,0.0869437,0.0925395,0.120931,0.081419,0.0109502,0.129786	-0.0340259,-0.0779619,0.00407265,-0.138441,-0.13636,-0.0869789,-0.0282753,-0.0499824,-0.0647122,-0.232359,-0.106491,-0.0535135,0.00283284,-0.118643,-0.209812,-0.183704,-0.258912,-0.193689,-0.226774,-0.363098	0.396333,0.269178,0.141349,0.19799,0.210979,0.224579,0.197472,0.154778,0.191191,0.230494,0.175805,0.154067,0.123432,0.219087,0.291439,0.271626,0.368311,0.270837,0.237136,0.470702
0.369163,0.200815,0.146541,0.0610479,0.0755861,0.144082,0.162687,0.104159,0.111748,-0.00239005,0.0690965,0.104159,0.118235,0.0978147,0.0927165,0.0973198,0.13105,0.0467366,-0.00566575,0.125807	-0.0353874,-0.0695516,0.0241049,-0.155161,-0.142915,-0.0947262,-0.0319915,-0.0470409,-0.102157,-0.232128,-0.133253,-0.0606889,-0.0390549,-0.116124,-0.200571,-0.18285,-0.260389,-0.203816,-0.222266,-0.363205	0.399334,0.266643,0.12287,0.21418,0.216166,0.235593,0.193671,0.150463,0.21149,0.229865,0.200503,0.163812,0.156567,0.211536,0.287933,0.275271,0.378523,0.248188,0.216873,0.467644
0.649546,0.634773,0.633925,0.578599,0.525215,0.305433,0.539807,0.642598,0.610179,0.565684,0.577392,0.629514,0.639461,0.571224,0.622721,0.62727,0.676956,0.584203,0.347361,0.744523	0.737325,0.586955,0.595958,0.579452,0.54315,0.30169,0.582485,0.646981,0.639012,0.588878,0.540113,0.631724,0.618308,0.59229,0.665645,0.626601,0.600391,0.583872,0.389885,0.733187	-0.168458,0.0762146,0.0610197,-0.00128389,-0.0250931,0.00412369,-0.0622526,-0.00750177,-0.0472606,-0.0347794,0.0541739,-0.00366812,0.0349865,-0.0318374,-0.073314,0.00110282,0.128993,0.000503068,-0.0491854,0.0249619
-0.0518747,-0.071143,-0.0206163,-0.07854,-0.0143016,-0.0366915,-0.0586852,-0.0442242,-0.103652,-0.0204899,-0.0568006,-0.167957,-0.102249,-0.0247774,-0.00536038,-0.00189362,-0.0245778,-0.00458149,-0.0177564,-0.0929117	-0.0780099,-0.343654,-0.295377,-0.336604,-0.277788,-0.141811,-0.378281,-0.263584,-0.327263,-0.335413,-0.373976,-0.393011,-0.458709,-0.384023,-0.277611,-0.285103,-0.273374,-0.236291,-0.134031,-0.331472	0.0262414,0.27934,0.276444,0.265072,0.264537,0.10567,0.326851,0.221947,0.231463,0.317103,0.324059,0.24096,0.374001,0.362697,0.272656,0.283362,0.250479,0.231961,0.116552,0.246141
-0.0472228,-0.0632822,-0.0157969,-0.0897244,-0.0301671,-0.0253992,-0.0655289,-0.0464556,-0.0976075,-0.00852565,-0.0523584,-0.155559,-0.0859549,-0.0329198,-0.00359391,-0.0157388,-0.0308437,-0.00355085,-0.0191944,-0.0778227	-0.0676438,-0.334863,-0.281423,-0.339473,-0.276976,-0.141882,-0.369348,-0.260785,-0.315363,-0.34159,-0.378735,-0.385256,-0.453153,-0.389198,-0.284249,-0.29999,-0.286866,-0.23794,-0.167097,-0.311839	0.0204864,0.27746,0.266812,0.257594,0.248889,0.116904,0.311355,0.216957,0.224672,0.334037,0.332979,0.24434,0.38208,0.360902,0.280942,0.2856,0.258307,0.234587,0.148379,0.239836
-0.0214845,-0.0541118,-0.0367217,-0.0621113,-0.0137067,-0.0189809,-0.0437368,-0.0298738,-0.0870974,-0.0241925,-0.0354226,-0.142974,-0.0752505,-0.0286647,-0.0413528,-0.000433255,-0.000923986,0.000996137,-0.0188865,-0.05106	-0.107563,-0.311424,-0.304694,-0.325862,-0.274592,-0.160299,-0.3635,-0.252123,-0.283369,-0.332373,-0.376558,-0.384216,-0.438857,-0.389276,-0.304456,-0.292369,-0.28739,-0.232675,-0.160149,-0.289349	0.0862781,0.261723,0.271004,0.269199,0.261871,0.14175,0.324929,0.223936,0.201239,0.310678,0.345747,0.255265,0.376024,0.364681,0.266458,0.291973,0.286542,0.233617,0.141691,0.241863
-0.0109335,-0.0673426,-0.0447259,-0.0785103,-0.0139112,-0.0281073,-0.0520919,-0.0541687,-0.0839448,-0.0183759,-0.0515686,-0.137449,-0.0933246,-0.0347866,-0.0610438,-0.006635,-0.00512727,-0.0166987,-0.0298407,-0.065192	-0.0789273,-0.325282,-0.310741,-0.333915,-0.274562,-0.154058,-0.380286,-0.258061,-0.300571,-0.331419,-0.379741,-0.37805,-0.456512,-0.404818,-0.311652,-0.305794,-0.26817,-0.239508,-0.175274,-0.311186	0.0680525,0.263716,0.269765,0.26228,0.26165,0.126499,0.334827,0.206783,0.222233,0.314961,0.334727,0.253789,0.379349,0.375317,0.255468,0.299768,0.263405,0.223705,0.146198,0.251087
0.34026,0.26168,0.154337,0.0297727,0.09979,0.0129536,0.178827,0.111583,0.154453,0.133463,0.0944004,0.101838,0.204552,0.1431,0.195706,0.222141,0.0621327,0.073628,0.0130849,0.178908	0.0482987,0.287279,0.213077,-0.0956082,0.0636235,-0.0498152,0.0947459,0.119633,0.141827,0.109969,0.166527,0.104305,0.174629,0.0380217,0.077688,0.203143,0.100241,-0.00935296,-0.0414764,0.089398	0.296839,-0.0276802,-0.0607375,0.125025,0.0363976,0.0627283,0.0855305,-0.00815878,0.0129096,0.0238439,-0.0732782,-0.0024931,0.0310322,0.105653,0.11984,0.0198953,-0.0383471,0.0829239,0.0545317,0.0909654
0.340014,0.264271,0.156347,0.00853075,0.0935356,0.0127566,0.150498,0.0977792,0.148709,0.108698,0.0913218,0.130945,0.20914,0.116892,0.213745,0.213526,0.0663138,0.0413518,-0.00136067,0.163243	0.0449131,0.294217,0.235628,-0.131161,0.0511289,-0.0606549,0.0724373,0.110944,0.111617,0.08636,0.132366,0.121367,0.139344,0.0222131,0.101575,0.192169,0.0939592,-0.0243001,-0.0355912,0.081064	0.299678,-0.0324704,-0.0823133,0.139535,0.0426105,0.0733547,0.0789213,-0.0133095,0.0377177,0.0225497,-0.041546,0.00973265,0.0718913,0.0949249,0.114659,0.0222712,-0.0278188,0.065586,0.0342322,0.0832814
-0.0544384,-0.0994539,-0.0348994,-0.124883,0.00585141,0.0747313,-0.048252,-0.152444,-0.131383,-0.0672395,-0.0825867,-0.190353,-0.11748,-0.0221171,-0.00590574,0.0200554,-0.0435524,-0.0168959,-0.0205375,-0.10972	-0.13529,-0.341949,-0.284562,-0.371261,-0.273583,-0.0379497,-0.391684,-0.352245,-0.361403,-0.382001,-0.371968,-0.412191,-0.458268,-0.394282,-0.3036,-0.267766,-0.240407,-0.243194,-0.169598,-0.337189	0.0814515,0.251032,0.252167,0.258357,0.278988,0.112362,0.350048,0.211138,0.241487,0.323059,0.298552,0.240726,0.36018,0.375439,0.298229,0.286284,0.198938,0.227232,0.149581,0.236208
-0.0349591,-0.0807998,-0.0364945,-0.134807,-0.0275437,0.0789923,-0.073261,-0.157407,-0.11581,-0.0516095,-0.0715029,-0.190017,-0.115976,-0.0335443,-0.00257146,0.0125261,-0.0398031,0.0037891,-0.0191625,-0.0881648	-0.110673,-0.324645,-0.27569,-0.373362,-0.286227,-0.0450069,-0.394936,-0.351948,-0.343009,-0.38349,-0.372058,-0.413089,-0.46123,-0.400927,-0.309737,-0.27815,-0.246766,-0.229156,-0.200598,-0.312324	0.0760075,0.250414,0.241627,0.251198,0.260739,0.12356,0.331259,0.205951,0.236597,0.338582,0.308769,0.242073,0.364766,0.372391,0.30741,0.289667,0.209016,0.232743,0.182136,0.230506
-0.0352668,-0.0854165,-0.0552329,-0.0962443,-0.0130198,0.0781922,-0.0317018,-0.109633,-0.0858932,-0.058536,-0.0526851,-0.160085,-0.0850669,-0.0322319,-0.0421212,0.00620733,-0.00995702,0.00424676,-0.0271849,-0.0580055	-0.172873,-0.31017,-0.29747,-0.35124,-0.284227,-0.0726064,-0.375176,-0.318781,-0.295796,-0.370174,-0.368194,-0.398582,-0.433804,-0.402026,-0.329638,-0.286374,-0.247808,-0.227858,-0.200046,-0.286597	0.138451,0.23087,0.246284,0.263917,0.272215,0.149947,0.347608,0.216722,0.215375,0.318541,0.32175,0.254752,0.3621,0.374649,0.291566,0.292062,0.238439,0.231881,0.173807,0.232456
-0.0228336,-0.0903657,-0.0564334,-0.118512,-0.00046316,0.078112,-0.04776,-0.13461,-0.090878,-0.0631131,-0.0850782,-0.157002,-0.119968,-0.0382723,-0.0718353,0.00171629,-0.0195885,-0.0163488,-0.0305345,-0.0757272	-0.144445,-0.317951,-0.298607,-0.364069,-0.275183,-0.0569267,-0.396724,-0.325876,-0.319805,-0.377223,-0.382866,-0.394063,-0.462666,-0.417472,-0.343932,-0.299498,-0.232197,-0.237246,-0.208296,-0.311191	0.122014,0.234317,0.246325,0.25663,0.274755,0.134441,0.355703,0.200041,0.23578,0.32177,0.307815,0.252695,0.362837,0.385357,0.278989,0.301059,0.21358,0.221757,0.1789,0.241146
0.376473,0.217178,0.152054,0.0829851,0.153272,-0.0513472,0.214915,0.0997677,0.243468,0.203374,0.0584335,0.108783,0.2136,0.219569,0.211816,0.207307,0.0614443,0.135583,0.10718,0.187686	0.00581463,0.284964,0.243684,-0.0472681,0.100978,-0.107482,0.0941142,0.104336,0.206023,0.159715,0.158806,0.109459,0.201725,0.0921593,0.057894,0.189032,0.164745,0.0492756,0.0132446,0.106826	0.371472,-0.0722584,-0.0951565,0.129744,0.053116,0.0564467,0.123295,-0.00461618,0.039422,0.0451252,-0.101313,-0.000684312,0.0124092,0.130041,0.155833,0.0190203,-0.104357,0.0868881,0.0940692,0.0825138
0.377667,0.210412,0.146835,0.0857196,0.131683,-0.0373294,0.184905,0.0966137,0.246662,0.173296,0.0798195,0.118782,0.227302,0.195162,0.229689,0.202441,0.0608073,0.0928162,0.120234,0.169964	0.00421623,0.282238,0.258786,-0.0619526,0.0736346,-0.10419,0.070039,0.106373,0.183256,0.131162,0.150999,0.107494,0.17531,0.0790122,0.0804956,0.181803,0.152469,0.0251106,0.0463147,0.0963748	0.374046,-0.0763607,-0.116373,0.146892,0.0586165,0.0671216,0.116373,-0.00986056,0.0664074,0.0431142,-0.0720482,0.0114332,0.05415,0.117969,0.152004,0.0214261,-0.092519,0.0678638,0.0743333,0.0748144
0.774367,0.717616,0.762058,0.741418,0.664368,0.747814,0.70572,0.85411,0.720971,0.684901,0.691167,0.689779,0.685347,0.623518,0.796588,0.608833,0.732054,0.644252,0.567316,0.711185	0.782144,0.723385,0.777503,0.75361,0.684341,0.734676,0.728209,0.8619,0.732392,0.654618,0.676473,0.685744,0.677457,0.623709,0.786018,0.599552,0.717998,0.637928,0.525387,0.723878	-0.0197216,-0.0119949,-0.0379001,-0.0276302,-0.0366236,0.0291573,-0.0462647,-0.0295255,-0.0241978,0.0548945,0.0275963,0.00765707,0.0147291,-0.000313452,0.0282714,0.0146166,0.0296299,0.0107362,0.0597339,-0.0261615
0.650977,0.358853,0.356975,0.536983,0.44686,0.489054,0.375074,0.358205,0.427041,0.356498,0.44447,0.329206,0.372518,0.365764,0.364003,0.285159,0.430804,0.305751,0.30541,0.314192	0.568578,0.391802,0.352935,0.534314,0.451161,0.440978,0.380317,0.363619,0.468818,0.358789,0.412405,0.3117,0.379204,0.358067,0.359512,0.27139,0.375514,0.302174,0.274179,0.327632	0.130819,-0.0383401,0.00462299,0.00374391,-0.00538705,0.0612956,-0.00611492,-0.00622421,-0.0522352,-0.00262664,0.0392623,0.0195077,-0.00778616,0.00885715,0.0051663,0.0149242,0.0659601,0.0039422,0.0340857,-0.0149821
0.668752,0.483489,0.494008,0.627634,0.514444,0.65123,0.453621,0.452725,0.561554,0.444169,0.534517,0.369601,0.443096,0.459631,0.370738,0.377061,0.452592,0.424248,0.404767,0.453249	0.612049,0.510664,0.494634,0.631609,0.517992,0.622787,0.441427,0.477274,0.575717,0.443542,0.516745,0.356272,0.434318,0.433397,0.3775,0.347327,0.431447,0.431666,0.365637,0.449721	0.0959932,-0.0360841,-0.000827897,-0.00658529,-0.00483682,0.0478501,0.0152466,-0.0313156,-0.0209302,0.000781261,0.024555,0.0153495,0.01087,0.0327597,-0.00786283,0.0342143,0.0262752,-0.00908134,0.0459274,0.00443243
-0.270625,-0.38526,-0.376466,-0.326949,-0.334327,-0.253035,-0.375469,-0.314618,-0.372043,-0.362813,-0.443774,-0.406246,-0.451213,-0.338117,-0.257782,-0.369609,-0.340973,-0.218726,-0.145366,-0.316195	-0.416673,-0.112575,-0.0883673,-0.177083,-0.119969,-0.213228,-0.123653,-0.106362,-0.177656,-0.0865461,-0.0998275,-0.183502,-0.115331,-0.0512531,-0.0869595,-0.127416,-0.0766824,-0.0614067,-0.0821965,-0.15119	0.16461,-0.285048,-0.298013,-0.159077,-0.223315,-0.0420771,-0.264076,-0.215466,-0.208144,-0.285223,-0.35989,-0.240687,-0.35432,-0.291922,-0.174739,-0.254163,-0.271386,-0.159461,-0.0639337,-0.173289
-0.264485,-0.391107,-0.393727,-0.33291,-0.34314,-0.256647,-0.375738,-0.334082,-0.406103,-0.364247,-0.417426,-0.394097,-0.409605,-0.332008,-0.255094,-0.385376,-0.348956,-0.231692,-0.166833,-0.323417	-0.413565,-0.118133,-0.0965021,-0.200243,-0.136298,-0.225568,-0.116788,-0.127251,-0.235131,-0.0879871,-0.0854955,-0.178622,-0.0782568,-0.0337361,-0.0749797,-0.148293,-0.0963494,-0.0668229,-0.0864952,-0.15382	0.16739,-0.286197,-0.308964,-0.142143,-0.21699,-0.0329887,-0.270835,-0.216015,-0.189021,-0.285407,-0.344215,-0.231792,-0.342321,-0.301651,-0.183626,-0.251453,-0.261395,-0.167462,-0.0815137,-0.178475
0.673901,0.362775,0.365579,0.560114,0.457274,0.472673,0.397664,0.368407,0.441711,0.35238,0.444562,0.334965,0.373153,0.411162,0.355409,0.301544,0.420331,0.297155,0.257578,0.320439	0.583943,0.390331,0.346336,0.54507,0.441604,0.437462,0.380941,0.366224,0.472222,0.384257,0.427066,0.321403,0.387594,0.403185,0.361326,0.296595,0.378611,0.299637,0.266175,0.322205	0.148328,-0.0321016,0.0220328,0.0216554,0.0196355,0.0443893,0.0197085,0.00252271,-0.0385523,-0.0368697,0.0215955,0.0151978,-0.016883,0.00956142,-0.00678869,0.00543502,0.0496159,-0.00272423,-0.00922991,-0.00196959
0.712397,0.47826,0.488959,0.622726,0.520299,0.598306,0.504772,0.460741,0.534158,0.418204,0.534947,0.367646,0.427877,0.46017,0.369705,0.378163,0.442941,0.406599,0.350309,0.463569	0.648015,0.49977,0.473925,0.614312,0.503795,0.583216,0.470154,0.477585,0.536872,0.447567,0.531837,0.358288,0.426896,0.433767,0.386933,0.35767,0.435341,0.420188,0.351856,0.447911	0.119589,-0.0282655,0.0195691,0.0136267,0.0223674,0.0231766,0.0453913,-0.0215961,-0.0038052,-0.0361249,0.00434682,0.0107773,0.00119934,0.0329876,-0.020103,0.023699,0.00941516,-0.01639,-0.0017642,0.0197614
-0.309936,-0.389813,-0.373137,-0.326733,-0.311142,-0.250521,-0.353617,-0.303367,-0.332158,-0.360482,-0.454365,-0.394847,-0.461149,-0.359851,-0.26852,-0.373652,-0.357117,-0.223825,-0.187909,-0.297384	-0.451716,-0.120485,-0.0961758,-0.183828,-0.106724,-0.201972,-0.113824,-0.0974119,-0.135444,-0.0612558,-0.104137,-0.165824,-0.122989,-0.08177,-0.090648,-0.127435,-0.0874969,-0.0631352,-0.0944124,-0.138281	0.164861,-0.282602,-0.287271,-0.152038,-0.211439,-0.0511366,-0.24985,-0.212227,-0.205981,-0.305983,-0.367623,-0.245069,-0.358492,-0.286511,-0.18231,-0.258527,-0.278317,-0.162993,-0.0951855,-0.165926
-0.304681,-0.397301,-0.392399,-0.335805,-0.338349,-0.24992,-0.346432,-0.321074,-0.359769,-0.365004,-0.428166,-0.386856,-0.419224,-0.356268,-0.260409,-0.392126,-0.360872,-0.237155,-0.196815,-0.304228	-0.449301,-0.127799,-0.107331,-0.210156,-0.145045,-0.210185,-0.0972368,-0.116164,-0.185241,-0.0671475,-0.0890889,-0.167084,-0.0839288,-0.0686762,-0.071673,-0.152696,-0.100169,-0.0691109,-0.0857433,-0.140839	0.167558,-0.283918,-0.297602,-0.135189,-0.20328,-0.041938,-0.257882,-0.212849,-0.186989,-0.30534,-0.352524,-0.234959,-0.347523,-0.294805,-0.192325,-0.254679,-0.270481,-0.170844,-0.112979,-0.170704
0.607421,0.406894,0.327843,0.495125,0.41903,0.445082,0.368812,0.297008,0.442899,0.328542,0.433968,0.314711,0.377028,0.371288,0.340676,0.315354,0.31802,0.307704,0.306126,0.287136	0.634041,0.400267,0.332438,0.50171,0.418266,0.465777,0.351686,0.315456,0.415568,0.325682,0.448411,0.319099,0.361795,0.353263,0.351738,0.300235,0.351186,0.31852,0.298926,0.270637	-0.0432933,0.0079161,-0.00515729,-0.00876136,0.000925894,-0.0261063,0.0196776,-0.0203544,0.0334965,0.00320238,-0.0179331,-0.00487743,0.017639,0.0207463,-0.0125677,0.0167006,-0.0373365,-0.011992,0.00792594,0.0178889
-0.285637,-0.355372,-0.382196,-0.286274,-0.314525,-0.27132,-0.341785,-0.295437,-0.280843,-0.353068,-0.444322,-0.39049,-0.463239,-0.335658,-0.301918,-0.350266,-0.345589,-0.227408,-0.179647,-0.268574	-0.390097,-0.0947298,-0.099674,-0.126669,-0.0976732,-0.200962,-0.0816933,-0.0806829,-0.100342,-0.0754486,-0.0759873,-0.148446,-0.137914,-0.0431802,-0.137858,-0.0905578,-0.041057,-0.0700548,-0.0926031,-0.103706	0.11756,-0.269722,-0.293711,-0.16561,-0.223724,-0.0744155,-0.267562,-0.219998,-0.185736,-0.285217,-0.381205,-0.256938,-0.347528,-0.29678,-0.171185,-0.268216,-0.308915,-0.1599,-0.0885167,-0.169592
-0.28083,-0.357918,-0.399228,-0.288017,-0.315828,-0.264494,-0.343199,-0.320337,-0.295428,-0.353851,-0.431018,-0.384514,-0.425891,-0.337172,-0.305404,-0.366418,-0.353537,-0.215664,-0.192922,-0.274725	-0.387993,-0.0957088,-0.108608,-0.145236,-0.105005,-0.202239,-0.0757401,-0.107854,-0.134361,-0.0753536,-0.0808138,-0.152153,-0.108816,-0.0373759,-0.133852,-0.112704,-0.0600851,-0.0468694,-0.0888702,-0.104764	0.120267,-0.27151,-0.303792,-0.149014,-0.218054,-0.0657727,-0.274596,-0.220087,-0.167724,-0.286126,-0.362843,-0.246799,-0.332484,-0.303622,-0.178864,-0.264643,-0.299821,-0.170518,-0.105867,-0.174997
-0.300323,-0.363309,-0.407148,-0.311069,-0.312178,-0.261155,-0.353093,-0.294874,-0.325951,-0.344687,-0.456163,-0.397155,-0.476503,-0.353094,-0.318634,-0.351553,-0.320128,-0.211139,-0.176106,-0.295105	-0.415627,-0.101233,-0.133395,-0.161377,-0.0951664,-0.203733,-0.0825352,-0.0955553,-0.132981,-0.0614739,-0.105383,-0.160359,-0.149953,-0.0506826,-0.166736,-0.0808628,-0.0348998,-0.0602163,-0.0832627,-0.123026	0.13175,-0.272083,-0.289475,-0.157604,-0.223656,-0.0606495,-0.278679,-0.205097,-0.201713,-0.289344,-0.368494,-0.252902,-0.351678,-0.307922,-0.16042,-0.278611,-0.288451,-0.152866,-0.0942248,-0.178562
-0.29443,-0.366221,-0.4294,-0.314922,-0.323964,-0.2587,-0.359591,-0.313271,-0.341041,-0.349098,-0.438058,-0.384247,-0.439839,-0.347705,-0.317042,-0.365573,-0.328533,-0.212503,-0.188281,-0.298857	-0.412613,-0.102631,-0.150291,-0.181817,-0.115298,-0.209812,-0.0835771,-0.113864,-0.167714,-0.0659453,-0.103293,-0.154847,-0.120764,-0.0347235,-0.157015,-0.100443,-0.0528582,-0.0523459,-0.0778534,-0.121586	0.134525,-0.273884,-0.298364,-0.141189,-0.216763,-0.0516931,-0.284566,-0.206783,-0.183842,-0.289825,-0.35063,-0.243913,-0.336974,-0.316806,-0.16841,-0.275237,-0.280547,-0.161958,-0.112071,-0.183955
0.941009,0.852943,0.842808,0.809334,0.732214,0.786879,0.74314,0.817772,0.790742,0.836459,0.865381,0.776853,0.810413,0.852349,0.817536,0.891908,0.774362,0.67399,0.609115,0.856873	0.936534,0.857871,0.86829,0.785075,0.724585,0.772546,0.750496,0.824176,0.761986,0.837526,0.825846,0.762218,0.762075,0.864051,0.828084,0.888915,0.76115,0.692193,0.634851,0.865747	0.0376935,-0.0183712,-0.0950116,0.066534,0.0162508,0.0365561,-0.0166313,-0.0196444,0.0723482,-0.00356338,0.138559,0.0358802,0.126406,-0.0444055,-0.0326537,0.014445,0.0321765,-0.0341223,-0.0419636,-0.0343768
0.498508,0.56208,0.529049,0.510483,0.443818,0.255503,0.417846,0.514117,0.535919,0.518535,0.398444,0.373931,0.457754,0.388241,0.499887,0.54099,0.568841,0.466946,0.247288,0.676135	0.69212,0.507986,0.469829,0.499615,0.470262,0.210396,0.48552,0.593788,0.584284,0.548014,0.444758,0.500526,0.470499,0.429699,0.570741,0.508506,0.534757,0.493028,0.358698,0.689626	-0.295603,0.0757118,0.0788097,0.0145896,-0.0334187,0.04767,-0.0848971,-0.114679,-0.0704132,-0.0411818,-0.0562895,-0.155744,-0.0162433,-0.0497601,-0.0991384,0.0448106,0.0489852,-0.0338826,-0.122254,-0.0252766
0.340693,0.00243002,0.0336209,-0.0333568,0.0499271,0.0870387,0.00593368,0.00449091,-0.0271194,-0.013201,0.0360445,-0.0852882,-0.0609506,-0.000791642,-0.033043,0.00239661,0.0222242,0.031421,0.00156259,-0.038789	-0.245128,-0.444746,-0.450123,-0.434361,-0.364183,-0.215173,-0.491183,-0.396483,-0.42291,-0.401876,-0.489466,-0.579303,-0.619598,-0.555745,-0.449117,-0.441231,-0.395717,-0.37482,-0.195958,-0.441327	0.540668,0.446693,0.476532,0.4069,0.406715,0.296656,0.495672,0.400261,0.400382,0.390748,0.5164,0.519691,0.580572,0.555198,0.422341,0.443159,0.414298,0.401512,0.19746,0.409549
0.362083,0.0150781,0.0423852,-0.0455689,0.0335036,0.0842877,-0.00833386,0.00395625,-0.0306012,-0.0016346,0.0464352,-0.0677384,-0.0367753,-0.0183409,-0.0368568,0.00167937,0.0155137,0.0304825,-0.00353163,-0.030491	-0.23476,-0.435675,-0.438393,-0.43765,-0.363057,-0.217906,-0.483434,-0.39421,-0.412374,-0.406575,-0.491236,-0.572422,-0.613479,-0.561542,-0.456616,-0.45039,-0.406187,-0.375288,-0.227665,-0.425856	0.550085,0.447811,0.472007,0.40006,0.391794,0.296744,0.477022,0.397546,0.386651,0.405209,0.52568,0.525042,0.590015,0.548854,0.426944,0.451728,0.41906,0.401181,0.224314,0.400566
0.338646,0.0143975,0.0159822,-0.0264183,0.0479586,0.0687355,0.002839,0.0161817,-0.028348,-0.0149178,0.0536607,-0.0706028,-0.0264191,-0.0178295,-0.0529745,0.00279638,0.0346514,0.0266257,0.00603797,-0.0215568	-0.268275,-0.418314,-0.455851,-0.426527,-0.361498,-0.235863,-0.481993,-0.387771,-0.383841,-0.397501,-0.49324,-0.572427,-0.602921,-0.561446,-0.468514,-0.447336,-0.406261,-0.371061,-0.219369,-0.407524	0.556374,0.430121,0.46842,0.404669,0.402479,0.299739,0.484169,0.401433,0.359404,0.384865,0.532799,0.522959,0.585833,0.549113,0.426115,0.44957,0.434792,0.393797,0.225109,0.389388
0.353576,0.0142903,0.0218208,-0.0395196,0.0529144,0.0854952,0.00798815,-0.00511165,-0.0217064,0.00244976,0.0479947,-0.0598049,-0.0336733,-0.0193236,-0.0721256,0.000836729,0.0300912,0.0176319,-0.00435819,-0.0197811	-0.245934,-0.42732,-0.460955,-0.432841,-0.359744,-0.227595,-0.49324,-0.393773,-0.399446,-0.395031,-0.493734,-0.569157,-0.613454,-0.573449,-0.474766,-0.457563,-0.390305,-0.376903,-0.234419,-0.424103	0.551549,0.43893,0.477968,0.400166,0.40495,0.307114,0.499261,0.389445,0.381043,0.397097,0.529189,0.5273,0.59201,0.560335,0.416917,0.458224,0.415516,0.39193,0.230296,0.407742
0.0027751,0.123343,0.0337066,-0.0310791,0.0374462,-0.122021,0.0255412,0.0194489,0.0470421,0.143636,0.0421569,0.0139983,0.115097,0.0608825,0.145527,0.177211,-0.0263923,0.00496318,0.00397169,0.10537	-0.198053,0.139172,-0.0179928,-0.241279,-0.0676242,-0.164697,-0.0885704,-0.0712134,-0.00421314,0.0240649,-0.0452168,-0.215071,-0.120429,-0.227446,-0.132427,-0.0064023,-0.0776651,-0.187843,-0.110793,-0.0680302	0.200717,-0.016105,0.0516681,0.211788,0.104805,0.0435519,0.113854,0.090537,0.0512451,0.119986,0.0872075,0.228382,0.232306,0.28439,0.272699,0.183405,0.0513781,0.192627,0.114714,0.172166
-3.17443e-05,0.121506,0.035517,-0.0542445,0.0313997,-0.125707,0.000360282,0.0044432,0.0567529,0.117703,0.0397269,0.0469992,0.130874,0.0342795,0.161258,0.16254,-0.029216,0.00145796,0.00375011,0.0910327	-0.201693,0.148236,0.00577214,-0.274434,-0.0800636,-0.176175,-0.11622,-0.0824206,-0.0387606,0.000387324,-0.0772242,-0.195275,-0.150485,-0.244254,-0.111531,-0.0181236,-0.0829844,-0.199513,-0.104697,-0.0777263	0.201663,-0.0272199,0.0297509,0.223517,0.111184,0.0516109,0.116576,0.086832,0.0953038,0.117321,0.116593,0.240071,0.275925,0.27622,0.267969,0.180133,0.0538991,0.200912,0.108405,0.167573
0.388264,-0.0311146,0.015134,-0.084061,0.0734252,0.198998,0.0202784,-0.128298,-0.0594264,-0.0642953,0.00260714,-0.122711,-0.0840196,0.00315238,-0.0351943,0.0275187,-0.00163858,0.0168252,-0.000315666,-0.0600523	-0.323455,-0.446656,-0.433215,-0.458544,-0.363686,-0.0931924,-0.511098,-0.514916,-0.461467,-0.450793,-0.526941,-0.638407,-0.632854,-0.569972,-0.482621,-0.410005,-0.393712,-0.394011,-0.27572,-0.45746	0.63231,0.421398,0.445428,0.389496,0.425742,0.286871,0.525926,0.413966,0.413377,0.398035,0.528822,0.55953,0.579656,0.572096,0.455157,0.432642,0.392326,0.40813,0.275428,0.408634
0.427167,-0.00596294,0.0161991,-0.0948044,0.0374945,0.189381,-0.0163867,-0.132213,-0.0515534,-0.048599,0.0219574,-0.122364,-0.0792506,-0.0190269,-0.0374822,0.034016,0.00337096,0.0392304,-0.00263697,-0.0440787	-0.300365,-0.428551,-0.426526,-0.461316,-0.375131,-0.100892,-0.514888,-0.514803,-0.445118,-0.450441,-0.523204,-0.640586,-0.633561,-0.577801,-0.489927,-0.415566,-0.397386,-0.380531,-0.304615,-0.437629	0.6448,0.423671,0.439687,0.383274,0.406902,0.284831,0.502743,0.410532,0.402808,0.410835,0.53897,0.562297,0.583614,0.564985,0.460909,0.443315,0.40022,0.413587,0.302221,0.401291
0.36648,-0.0228654,-0.00730673,-0.0637905,0.0493185,0.16845,0.0184432,-0.0799425,-0.0272363,-0.052269,0.0319244,-0.0993128,-0.0416072,-0.0224346,-0.0551857,0.0103616,0.0233722,0.0305959,-0.00148411,-0.0306177	-0.353444,-0.418968,-0.442499,-0.442498,-0.373209,-0.127096,-0.501582,-0.485137,-0.401889,-0.437444,-0.522483,-0.626122,-0.611651,-0.578769,-0.501243,-0.426737,-0.395875,-0.379642,-0.302256,-0.415795	0.637365,0.399934,0.436604,0.389707,0.414891,0.289352,0.515259,0.421544,0.378799,0.394188,0.545311,0.561739,0.58493,0.563653,0.458747,0.435174,0.415403,0.405528,0.300907,0.390144
0.386068,-0.0137523,0.00621567,-0.0831014,0.0687254,0.19351,0.0146072,-0.10393,-0.0295462,-0.0459691,0.00492067,-0.0917505,-0.0719555,-0.023725,-0.0869807,0.0104494,0.0124361,0.0179397,-0.00385066,-0.0334865	-0.331594,-0.4222,-0.443349,-0.453204,-0.363321,-0.111238,-0.517012,-0.492898,-0.42436,-0.442614,-0.533578,-0.624813,-0.632278,-0.590108,-0.51439,-0.437414,-0.384416,-0.387825,-0.310919,-0.435302	0.636215,0.410833,0.448329,0.384587,0.421521,0.298326,0.527634,0.409969,0.399827,0.404883,0.537088,0.56548,0.58703,0.574425,0.447428,0.445825,0.394964,0.402961,0.307436,0.407759
0.0197554,0.076087,0.0333225,0.0284248,0.0959,-0.186266,0.0644925,0.00480192,0.1485,0.218368,0.00208902,0.0246943,0.133296,0.157606,0.165167,0.157824,-0.0230888,0.0775265,0.108935,0.118043	-0.300848,0.135673,0.0249995,-0.184321,-0.0318159,-0.193998,-0.101224,-0.139172,0.0590273,0.0712217,-0.11441,-0.277662,-0.109483,-0.179784,-0.163885,-0.00034113,-0.0493892,-0.144681,-0.103194,-0.0641056	0.31871,-0.0602075,0.00832989,0.211637,0.127327,0.00802184,0.164641,0.143877,0.0902635,0.149471,0.116472,0.300297,0.239287,0.328093,0.32038,0.158157,0.0263303,0.219743,0.20977,0.18078
0.0194897,0.0631946,0.0265262,0.0320364,0.0727954,-0.175033,0.0363759,0.00208495,0.169094,0.18657,0.0302927,0.0337947,0.160682,0.133335,0.180699,0.14794,-0.0305578,0.0625829,0.14003,0.101016	-0.301446,0.133237,0.0403813,-0.197169,-0.0595155,-0.190589,-0.130967,-0.139585,0.0320448,0.042538,-0.11844,-0.278374,-0.130075,-0.193466,-0.145058,-0.00789912,-0.0592759,-0.16668,-0.0709685,-0.0763563	0.319061,-0.0706377,-0.01387,0.227766,0.13174,0.0160923,0.16655,0.141629,0.137796,0.145185,0.148201,0.30926,0.284805,0.318583,0.317436,0.155657,0.0287702,0.226896,0.208923,0.176014
0.848193,0.738144,0.775324,0.749712,0.683485,0.763681,0.717986,0.861056,0.72989,0.686323,0.720516,0.715641,0.700318,0.628268,0.792212,0.616707,0.744538,0.653728,0.577679,0.722328	0.839194,0.740551,0.787788,0.761452,0.701471,0.768272,0.743857,0.86694,0.749153,0.657295,0.702604,0.710696,0.691092,0.633595,0.786069,0.594455,0.730419,0.649032,0.539493,0.74216	0.0312271,-0.00530821,-0.0320229,-0.0273565,-0.0345529,-0.0111083,-0.0555247,-0.02321,-0.0425031,0.0528848,0.0362761,0.0100621,0.0178809,-0.00885054,0.0162849,0.0351315,0.0309502,0.00815679,0.0554752,-0.0427491
0.73353,0.393399,0.385299,0.5468,0.473733,0.513446,0.396542,0.382232,0.450182,0.363154,0.481951,0.375635,0.399337,0.370702,0.368941,0.284884,0.444724,0.318282,0.324546,0.3281	0.699879,0.431391,0.378728,0.554523,0.480093,0.50547,0.4166,0.392551,0.504976,0.363349,0.456723,0.372272,0.40657,0.371335,0.345509,0.272279,0.401608,0.323757,0.288015,0.366468	0.0691542,-0.0457575,0.00769346,-0.0110842,-0.0082327,0.0107719,-0.0240274,-0.0121399,-0.0709144,-0.000224349,0.0323485,0.00390979,-0.00863545,-0.000733686,0.0268559,0.0136643,0.0524921,-0.00610416,0.0402977,-0.043612
0.748021,0.521453,0.526241,0.636746,0.541873,0.67757,0.479897,0.477304,0.576922,0.457045,0.574059,0.415985,0.475834,0.466793,0.378055,0.38016,0.465041,0.442103,0.423686,0.47276	0.733857,0.540856,0.512544,0.64609,0.542713,0.663395,0.4721,0.500369,0.603494,0.444897,0.552765,0.414145,0.457016,0.444931,0.362247,0.347383,0.455419,0.448851,0.37803,0.480035	0.0314019,-0.0270242,0.0187565,-0.0158742,-0.00118892,0.0257485,0.0100804,-0.0303025,-0.0407662,0.015249,0.0311923,0.00222283,0.0240481,0.0275928,0.0183158,0.0377647,0.012208,-0.00841884,0.0543632,-0.0094101
-0.462353,-0.476659,-0.45485,-0.359993,-0.373109,-0.333467,-0.472627,-0.376078,-0.444367,-0.360983,-0.462492,-0.451486,-0.51467,-0.401524,-0.319323,-0.424765,-0.400691,-0.273193,-0.153629,-0.370132	-0.202699,-0.0448455,-0.0434068,-0.137439,-0.0660532,-0.114812,-0.072447,-0.0635067,-0.114064,-0.0787918,-0.00917415,-0.0878006,-0.0680284,-0.030625,-0.112932,-0.130475,-0.0340858,-0.0331589,-0.065026,-0.103482	-0.286504,-0.441246,-0.41973,-0.234139,-0.314814,-0.22736,-0.414369,-0.32022,-0.347938,-0.290452,-0.45525,-0.378698,-0.462846,-0.375517,-0.214112,-0.311557,-0.371681,-0.242228,-0.0894972,-0.27727
-0.458998,-0.484717,-0.471444,-0.366245,-0.379816,-0.340291,-0.468112,-0.391301,-0.462478,-0.361698,-0.43641,-0.442941,-0.473518,-0.392577,-0.320757,-0.442921,-0.413507,-0.26438,-0.162171,-0.374767	-0.199254,-0.051345,-0.0518882,-0.162679,-0.0831998,-0.130639,-0.0633953,-0.0851429,-0.174616,-0.0800722,0.00398968,-0.0847335,-0.0268472,-0.011452,-0.101182,-0.152928,-0.0560161,-0.0390678,-0.0683716,-0.105541	-0.285891,-0.444433,-0.430077,-0.216463,-0.306296,-0.219406,-0.417095,-0.316709,-0.313151,-0.290025,-0.439635,-0.372176,-0.452422,-0.382846,-0.22694,-0.311063,-0.365968,-0.227664,-0.094851,-0.280314
0.744228,0.396359,0.392409,0.569642,0.483042,0.503774,0.419437,0.391587,0.466288,0.358935,0.48131,0.380336,0.398767,0.41697,0.361529,0.298924,0.434192,0.310083,0.278237,0.335699	0.720141,0.43216,0.373461,0.565474,0.471265,0.491356,0.413621,0.396055,0.501798,0.387599,0.474191,0.381849,0.415162,0.412372,0.344042,0.307347,0.404868,0.320038,0.278079,0.355481	0.0519069,-0.0432016,0.0222023,0.0061482,0.0152488,0.0165038,0.00703603,-0.00528861,-0.0463568,-0.0332966,0.00922538,-0.00177035,-0.0196471,0.00555328,0.0199713,-0.00927438,0.0355787,-0.0110511,0.000171507,-0.0224623
0.773029,0.51548,0.520164,0.632384,0.546633,0.636366,0.52988,0.484539,0.554438,0.430874,0.573485,0.413297,0.460201,0.468063,0.378205,0.378115,0.455276,0.425238,0.372011,0.485127	0.768373,0.532498,0.49376,0.62982,0.529323,0.617673,0.495952,0.501681,0.561594,0.447574,0.570247,0.416391,0.450636,0.440993,0.368418,0.367132,0.459382,0.436611,0.363358,0.473192	0.011468,-0.0234574,0.0355282,0.00426068,0.0243572,0.0307996,0.046023,-0.0226467,-0.0103922,-0.0206894,0.00481091,-0.0037367,0.0120677,0.0341106,0.0113712,0.0127535,-0.00519093,-0.0139667,0.0100045,0.0154903
-0.48933,-0.48071,-0.451793,-0.359776,-0.350406,-0.3335,-0.453247,-0.365739,-0.407604,-0.358577,-0.471928,-0.44109,-0.522286,-0.424162,-0.330549,-0.424782,-0.415391,-0.278053,-0.195746,-0.353537	-0.236067,-0.0494832,-0.0493229,-0.143961,-0.0508307,-0.116903,-0.0668063,-0.0520668,-0.0758357,-0.0545311,-0.00852711,-0.0671728,-0.073857,-0.0697033,-0.121388,-0.116439,-0.0452368,-0.0366922,-0.0804615,-0.0973181	-0.286339,-0.441734,-0.411643,-0.227603,-0.305008,-0.225385,-0.398508,-0.319761,-0.34235,-0.31011,-0.465273,-0.385334,-0.466421,-0.365258,-0.217904,-0.324387,-0.377243,-0.243849,-0.11713,-0.265348
-0.486673,-0.490517,-0.47014,-0.368595,-0.374688,-0.336317,-0.441723,-0.379321,-0.419855,-0.362571,-0.446038,-0.436618,-0.481777,-0.417019,-0.32669,-0.444837,-0.424064,-0.269648,-0.191621,-0.357435	-0.233446,-0.0578872,-0.0611894,-0.172081,-0.0909248,-0.12804,-0.0468327,-0.0716304,-0.128544,-0.0603554,0.00542006,-0.0711731,-0.0305789,-0.0552003,-0.10245,-0.143209,-0.0592776,-0.0430684,-0.0704656,-0.0994146	-0.285683,-0.445273,-0.421064,-0.209823,-0.293772,-0.217649,-0.403232,-0.316284,-0.30793,-0.308977,-0.450369,-0.377166,-0.457944,-0.370344,-0.232005,-0.32215,-0.374192,-0.229242,-0.122814,-0.267527
0.710329,0.45067,0.364495,0.512804,0.45024,0.501545,0.402246,0.328843,0.470947,0.342066,0.479706,0.368014,0.412372,0.380932,0.343002,0.319114,0.336526,0.32933,0.325486,0.318757	0.729924,0.431536,0.357813,0.514392,0.44478,0.495752,0.374671,0.341152,0.442982,0.330059,0.483572,0.369572,0.386671,0.358904,0.35055,0.299903,0.369058,0.330441,0.317081,0.287925	-0.040694,0.0237532,0.00768407,-0.00215647,0.00682747,0.00770962,0.0324687,-0.0138642,0.0353377,0.0135345,-0.00503272,-0.00180375,0.0305764,0.0255167,-0.00857918,0.0212449,-0.0371462,-0.0012471,0.00937169,0.0339474
-0.477304,-0.454767,-0.45974,-0.322391,-0.35471,-0.35667,-0.445626,-0.360583,-0.35824,-0.350995,-0.466913,-0.437454,-0.526998,-0.400818,-0.360307,-0.404957,-0.404943,-0.281517,-0.186397,-0.329142	-0.198716,-0.031684,-0.0542681,-0.0945278,-0.0446307,-0.137128,-0.0428727,-0.0401697,-0.0453838,-0.0655062,0.00852242,-0.063956,-0.0941552,-0.0317842,-0.148669,-0.0924218,-0.00931201,-0.0517819,-0.0701003,-0.0784074	-0.30778,-0.429268,-0.415847,-0.235026,-0.315067,-0.230831,-0.410598,-0.325122,-0.318027,-0.292208,-0.473551,-0.384248,-0.455442,-0.373796,-0.223616,-0.324687,-0.397128,-0.233133,-0.117836,-0.257376
-0.474886,-0.459809,-0.476899,-0.324041,-0.354265,-0.353727,-0.442149,-0.382337,-0.358394,-0.351327,-0.452408,-0.434924,-0.488689,-0.398189,-0.367561,-0.423301,-0.417176,-0.247654,-0.186465,-0.332469	-0.196333,-0.0329674,-0.0640043,-0.114275,-0.0524757,-0.139902,-0.0351592,-0.0690123,-0.0813844,-0.0653231,0.00169545,-0.0700869,-0.0619493,-0.0253097,-0.145161,-0.116011,-0.0300517,-0.0272497,-0.0651,-0.0789945	-0.307194,-0.433411,-0.425894,-0.217832,-0.307506,-0.224958,-0.413417,-0.321816,-0.285332,-0.292721,-0.453756,-0.376308,-0.440063,-0.376675,-0.234935,-0.32316,-0.392039,-0.221902,-0.122857,-0.260311
-0.489777,-0.457128,-0.481708,-0.34547,-0.351209,-0.342841,-0.451697,-0.359603,-0.401302,-0.340781,-0.474178,-0.444122,-0.536454,-0.416369,-0.375447,-0.405177,-0.380709,-0.264563,-0.183313,-0.351671	-0.23086,-0.024085,-0.0775248,-0.126288,-0.037077,-0.115141,-0.0299401,-0.0498455,-0.0791708,-0.0415522,-0.00980945,-0.0739684,-0.094413,-0.0348263,-0.175177,-0.0775874,-0.00238041,-0.0315036,-0.0597787,-0.083898	-0.291926,-0.437864,-0.419863,-0.22918,-0.318277,-0.237058,-0.427539,-0.315411,-0.332701,-0.303526,-0.466539,-0.382727,-0.465624,-0.387157,-0.21437,-0.338222,-0.378671,-0.235018,-0.124903,-0.275914
-0.486579,-0.462463,-0.503577,-0.349489,-0.360826,-0.343947,-0.453408,-0.375036,-0.402182,-0.344765,-0.455732,-0.435101,-0.500069,-0.407265,-0.377803,-0.420932,-0.394428,-0.243577,-0.182841,-0.352587	-0.227337,-0.0257897,-0.0962128,-0.148254,-0.0583745,-0.123538,-0.0301508,-0.0690259,-0.115592,-0.0459368,-0.00975218,-0.0701143,-0.0624177,-0.0173415,-0.165771,-0.098296,-0.0217358,-0.0234682,-0.0532658,-0.0817135	-0.291485,-0.441944,-0.428107,-0.212232,-0.308959,-0.23019,-0.429123,-0.314142,-0.300563,-0.303637,-0.44797,-0.376471,-0.451752,-0.392697,-0.226199,-0.336561,-0.375915,-0.221374,-0.13085,-0.278909
0.920182,0.818363,0.814506,0.797667,0.713502,0.752695,0.699407,0.798788,0.768955,0.837179,0.85466,0.755893,0.788666,0.83896,0.802019,0.879082,0.743859,0.68202,0.61894,0.844372	0.91716,0.832054,0.84653,0.771808,0.703946,0.740456,0.694302,0.803638,0.713856,0.837777,0.810469,0.744075,0.724395,0.844474,0.819326,0.881023,0.739669,0.665572,0.627235,0.84925	0.0193647,-0.0429079,-0.10314,0.0672793,0.019199,0.0276476,0.00992413,-0.0135464,0.122152,-0.00200342,0.143794,0.0270097,0.149923,-0.0189131,-0.0504763,-0.00860535,0.00931506,0.0301203,-0.0135579,-0.0172438
0.000799688,-0.0589241,-0.0309731,-0.0826428,0.0348806,0.145771,0.0223348,-0.239812,-0.0613929,-0.0851286,-0.0534104,-0.0471041,-0.0378175,0.00620682,-0.000848892,0.0447649,-0.0438901,-0.0241951,-0.00246311,-0.057149	-0.710586,-0.751157,-0.740973,-0.729749,-0.652675,-0.30583,-0.728733,-0.80142,-0.769124,-0.748443,-0.739788,-0.7852,-0.802378,-0.754662,-0.752855,-0.722843,-0.749205,-0.697122,-0.461438,-0.83622	0.710982,0.724291,0.726677,0.688637,0.672251,0.432328,0.739039,0.695223,0.742805,0.708452,0.714614,0.766443,0.788487,0.757322,0.752487,0.743548,0.729296,0.684471,0.459498,0.81817
0.0371716,-0.036853,-0.0442228,-0.0809738,0.00521492,0.137278,-0.0123772,-0.244845,-0.0385273,-0.0787713,-0.0399751,-0.0763248,-0.0703662,-0.000229489,0.0025024,0.0579643,-0.0223375,0.0144056,0.00153669,-0.0360302	-0.695417,-0.74183,-0.739453,-0.730988,-0.661702,-0.315414,-0.733898,-0.801346,-0.754635,-0.747152,-0.737574,-0.791713,-0.80756,-0.753313,-0.755892,-0.724753,-0.747929,-0.686572,-0.480759,-0.826004	0.714129,0.724792,0.718733,0.69091,0.664623,0.433904,0.728135,0.692342,0.737551,0.710178,0.718793,0.761397,0.781609,0.753214,0.756963,0.751161,0.73792,0.694112,0.48194,0.814205
-0.0324073,-0.064838,-0.0406115,-0.0618781,0.00135883,0.126833,0.0246481,-0.177006,0.00267139,-0.0626787,-0.0355925,-0.0363543,-0.0246362,-0.00634516,0.0010918,0.0134703,-0.0195153,0.00635511,-0.00970219,-0.0240486	-0.732642,-0.738777,-0.742163,-0.723254,-0.66242,-0.334552,-0.723455,-0.784551,-0.721342,-0.739347,-0.737473,-0.777492,-0.789794,-0.754424,-0.76,-0.733077,-0.743897,-0.685032,-0.479297,-0.81595	0.717264,0.707846,0.723353,0.692362,0.663182,0.442605,0.734997,0.705521,0.722621,0.70955,0.7208,0.762696,0.780342,0.751677,0.760461,0.739248,0.735053,0.68839,0.471789,0.807752
-0.0286117,-0.048621,-0.0265733,-0.0723087,0.0232442,0.138727,0.0100463,-0.179942,-0.0138048,-0.0824888,-0.0683331,-0.043077,-0.0626358,-0.00603797,-0.0199422,0.0169792,-0.0317355,0.000341218,0.00116294,-0.0362028	-0.720961,-0.737783,-0.743106,-0.728033,-0.65363,-0.321677,-0.734808,-0.786163,-0.738496,-0.747854,-0.746522,-0.780869,-0.804746,-0.762533,-0.766975,-0.737562,-0.740735,-0.689208,-0.482711,-0.824871	0.706932,0.714803,0.730967,0.692162,0.666744,0.440736,0.739396,0.70611,0.732155,0.70911,0.714644,0.763474,0.781503,0.759994,0.758636,0.745208,0.726068,0.689387,0.483602,0.812945
0.0302988,-0.0843191,0.00148686,0.101953,0.0907769,-0.0845239,0.0616041,-0.0298457,0.192949,0.138956,-0.063046,0.0154623,0.0355181,0.147975,0.0225973,-0.0330392,0.00481804,0.121922,0.13137,0.0343894	-0.67589,-0.498506,-0.490286,-0.58137,-0.442796,-0.395744,-0.487198,-0.604421,-0.460625,-0.451603,-0.494474,-0.575558,-0.529957,-0.495978,-0.597321,-0.544068,-0.584952,-0.538787,-0.322901,-0.689793	0.692018,0.432361,0.491415,0.645088,0.512955,0.321991,0.532811,0.585131,0.600228,0.555688,0.44531,0.585807,0.555028,0.599924,0.611662,0.520383,0.588113,0.619982,0.435785,0.707402
0.0357746,-0.10579,-0.0140886,0.147055,0.0646865,-0.0659003,0.0584453,-0.00501958,0.212509,0.128354,-0.0161869,-0.026042,0.0577243,0.151847,0.0201092,-0.0242381,-0.00479634,0.100924,0.17015,0.0265285	-0.674465,-0.505131,-0.481419,-0.578505,-0.46526,-0.391019,-0.507032,-0.601412,-0.480844,-0.473103,-0.490134,-0.58194,-0.545154,-0.500507,-0.59077,-0.546979,-0.59086,-0.548855,-0.292672,-0.694897	0.693506,0.421885,0.470521,0.668674,0.514464,0.333718,0.549202,0.598198,0.629072,0.567024,0.477738,0.564452,0.584485,0.606277,0.603707,0.529764,0.58773,0.615675,0.440868,0.708367
0.788389,0.731052,0.767493,0.767782,0.678569,0.75417,0.720728,0.862002,0.742601,0.686186,0.708561,0.720329,0.704075,0.638997,0.79556,0.608846,0.747838,0.645452,0.572187,0.721364	0.801091,0.744255,0.78743,0.76882,0.682909,0.754692,0.736034,0.867459,0.758648,0.666856,0.698086,0.727488,0.710466,0.631893,0.786784,0.586359,0.727718,0.640145,0.529743,0.747464	-0.0344747,-0.0289602,-0.0503892,-0.00253201,-0.00808841,-0.00121059,-0.0325988,-0.0216333,-0.0367525,0.0356366,0.0207267,-0.0150404,-0.0127884,0.0119151,0.0234592,0.0349733,0.0441433,0.00904255,0.0609044,-0.0566392
0.649793,0.38278,0.382239,0.559159,0.453213,0.498465,0.394338,0.377859,0.463724,0.370996,0.460445,0.399423,0.40378,0.379067,0.397984,0.281368,0.429615,0.304126,0.315796,0.332088	0.606105,0.4307,0.362105,0.573076,0.458055,0.470336,0.412092,0.398105,0.515968,0.369469,0.447653,0.40597,0.433012,0.367986,0.358163,0.269177,0.396537,0.305974,0.284032,0.382923	0.0720736,-0.0573798,0.0233686,-0.0204794,-0.00611095,0.0367427,-0.0211989,-0.0238302,-0.0686762,0.00176956,0.0161123,-0.00781349,-0.0354262,0.0128778,0.046441,0.0131903,0.0398701,-0.00203685,0.0348934,-0.0582407
0.657827,0.511696,0.521015,0.654953,0.520674,0.661694,0.474555,0.489619,0.586069,0.454382,0.559416,0.430462,0.482061,0.474563,0.418325,0.378974,0.454258,0.438276,0.421281,0.472683	0.653406,0.541304,0.497817,0.658539,0.524527,0.64381,0.468286,0.504929,0.616486,0.455469,0.546441,0.446518,0.480769,0.440188,0.370132,0.345026,0.451599,0.43341,0.370812,0.49521	0.00775519,-0.0409497,0.031322,-0.00630605,-0.00530089,0.0311568,0.00805944,-0.0203383,-0.0476229,-0.00137083,0.0186868,-0.0198767,0.0016823,0.0434514,0.0570232,0.0390543,0.00334515,0.00600756,0.0598131,-0.0294112
-0.556069,-0.548659,-0.490935,-0.330135,-0.406149,-0.256581,-0.483233,-0.395168,-0.461807,-0.451275,-0.496051,-0.452596,-0.551628,-0.435892,-0.398131,-0.530627,-0.385142,-0.280429,-0.152333,-0.429883	-0.48548,-0.052574,-0.0789828,-0.104893,-0.114758,-0.180264,-0.0779343,-0.0701075,-0.0898624,-0.073193,-0.0443812,-0.0175895,-0.018403,-0.0313457,-0.0921463,-0.149172,-0.0542327,-0.0606632,-0.0644092,-0.0764966	-0.0966914,-0.510819,-0.42857,-0.233321,-0.305636,-0.0800189,-0.42116,-0.334322,-0.388048,-0.390997,-0.461837,-0.438498,-0.538693,-0.41015,-0.317637,-0.414244,-0.337968,-0.223569,-0.0887953,-0.365403
-0.550142,-0.556341,-0.508367,-0.321893,-0.409333,-0.261003,-0.46287,-0.401588,-0.487264,-0.432485,-0.468292,-0.463442,-0.521517,-0.409583,-0.40841,-0.53579,-0.396042,-0.268338,-0.161678,-0.424048	-0.480867,-0.0599895,-0.0883694,-0.128344,-0.131447,-0.193927,-0.0672463,-0.091734,-0.154481,-0.0725737,-0.0297129,-0.0158114,0.0258962,-0.0109659,-0.0799411,-0.170502,-0.0753389,-0.0654608,-0.0682096,-0.0772059	-0.0941941,-0.513489,-0.439753,-0.20189,-0.293688,-0.0706527,-0.408334,-0.321705,-0.359872,-0.371574,-0.444768,-0.450935,-0.540119,-0.400416,-0.339555,-0.402013,-0.330566,-0.206505,-0.0945107,-0.358581
0.677335,0.388628,0.39022,0.576789,0.457741,0.486019,0.415314,0.386772,0.479724,0.368903,0.462457,0.407414,0.40666,0.419826,0.389747,0.296004,0.417398,0.295833,0.267823,0.339869	0.620614,0.42393,0.350593,0.589717,0.458222,0.457563,0.417738,0.401532,0.516014,0.386287,0.460229,0.40677,0.429454,0.415574,0.358591,0.305252,0.403878,0.302725,0.276558,0.366054	0.0978566,-0.042266,0.0459073,-0.0195934,-0.000608589,0.0365931,-0.0029324,-0.0174737,-0.0482282,-0.0202737,0.00283048,0.000771005,-0.0276171,0.00515019,0.0362176,-0.0101661,0.016262,-0.00757013,-0.00943438,-0.0299056
0.703666,0.508967,0.517367,0.646962,0.519855,0.616015,0.521662,0.496003,0.562683,0.430687,0.560321,0.430892,0.470444,0.472174,0.417744,0.378231,0.442706,0.420192,0.366521,0.485049	0.686296,0.525407,0.474013,0.649515,0.519329,0.597728,0.499932,0.505675,0.576882,0.450942,0.557924,0.439655,0.462761,0.444861,0.378236,0.366544,0.459581,0.420598,0.357343,0.482126	0.0335936,-0.0224422,0.057441,-0.00440378,0.000720203,0.0289449,0.0293966,-0.0129105,-0.0210233,-0.0251378,0.00348723,-0.0108111,0.00982124,0.0345756,0.0469229,0.0135673,-0.0211865,-0.000493191,0.0105616,0.00381495
-0.593434,-0.557428,-0.490436,-0.326945,-0.380425,-0.255961,-0.460714,-0.385875,-0.426355,-0.44663,-0.50724,-0.445474,-0.563709,-0.455954,-0.408169,-0.529412,-0.398864,-0.285691,-0.192845,-0.416196	-0.533951,-0.0723001,-0.0938968,-0.100636,-0.0837281,-0.179367,-0.0589901,-0.0580202,-0.0476569,-0.0572197,-0.0540784,-0.0111636,-0.0463471,-0.0574664,-0.0980999,-0.132901,-0.0587684,-0.0636673,-0.0748792,-0.0776493	-0.0870733,-0.5055,-0.415681,-0.234009,-0.306458,-0.0802791,-0.412947,-0.335363,-0.386552,-0.399623,-0.465942,-0.436481,-0.531242,-0.409209,-0.323002,-0.426521,-0.348259,-0.226137,-0.119694,-0.349853
-0.58863,-0.567332,-0.510032,-0.320239,-0.400407,-0.256468,-0.433184,-0.389941,-0.446467,-0.431345,-0.479406,-0.461015,-0.533871,-0.431796,-0.413804,-0.53635,-0.404334,-0.274771,-0.19,-0.410165	-0.530423,-0.0821759,-0.107031,-0.126513,-0.12376,-0.188923,-0.0379958,-0.0775267,-0.103817,-0.0617884,-0.0383508,-0.0167476,6.61982e-05,-0.0410309,-0.078133,-0.159327,-0.0719621,-0.0691821,-0.0656997,-0.0787741	-0.0846305,-0.50888,-0.42627,-0.201906,-0.29107,-0.0709851,-0.401801,-0.322153,-0.359304,-0.379676,-0.449316,-0.447724,-0.533918,-0.397813,-0.346886,-0.412253,-0.342332,-0.209573,-0.125871,-0.342456
0.613175,0.442446,0.353689,0.536434,0.425468,0.466333,0.397276,0.339849,0.479561,0.338237,0.46406,0.387205,0.425745,0.385312,0.380716,0.318005,0.32321,0.32069,0.323695,0.3255	0.652784,0.423246,0.351233,0.526132,0.424468,0.477048,0.373437,0.334618,0.457786,0.340792,0.463883,0.396627,0.395496,0.362776,0.372484,0.297317,0.352592,0.314136,0.305724,0.29669	-0.0660448,0.0236232,0.00280363,0.0143539,0.0012198,-0.0137802,0.0279917,0.00590209,0.0279005,-0.00288774,0.000225783,-0.0111314,0.0363737,0.0261976,0.00959154,0.0228479,-0.0331608,0.00728831,0.0199438,0.03189
-0.562851,-0.533074,-0.486051,-0.294648,-0.385953,-0.277143,-0.455636,-0.382173,-0.384387,-0.439673,-0.499163,-0.437316,-0.571017,-0.431134,-0.434243,-0.505771,-0.390481,-0.286578,-0.185531,-0.39412	-0.474645,-0.0515878,-0.0717956,-0.0693452,-0.0907475,-0.184027,-0.0454408,-0.0571239,-0.0194611,-0.056327,-0.0423883,-0.00521391,-0.077307,-0.0179404,-0.11389,-0.104749,-0.0418573,-0.0745266,-0.0736787,-0.064708	-0.120362,-0.495101,-0.429234,-0.230002,-0.30592,-0.0981204,-0.418868,-0.332303,-0.367677,-0.393081,-0.466649,-0.433089,-0.51651,-0.416414,-0.33702,-0.423457,-0.354416,-0.216679,-0.113402,-0.338033
-0.558371,-0.539582,-0.503691,-0.280815,-0.382867,-0.271424,-0.436184,-0.394553,-0.392752,-0.420384,-0.482663,-0.453632,-0.543604,-0.412972,-0.450174,-0.511397,-0.399885,-0.251654,-0.186749,-0.388267	-0.471461,-0.053573,-0.0820396,-0.0875419,-0.0983568,-0.186288,-0.0368667,-0.0861312,-0.05859,-0.054521,-0.0478935,-0.0126063,-0.0438611,-0.0109689,-0.110758,-0.127988,-0.0615178,-0.0497511,-0.0693373,-0.064583	-0.117963,-0.500476,-0.439826,-0.198144,-0.295644,-0.0896691,-0.405844,-0.319272,-0.342032,-0.374445,-0.445058,-0.443562,-0.511949,-0.403833,-0.357227,-0.410261,-0.346901,-0.204462,-0.118952,-0.332009
-0.585223,-0.535003,-0.510826,-0.315405,-0.382676,-0.266758,-0.461983,-0.376672,-0.425683,-0.431466,-0.505381,-0.447196,-0.577978,-0.445921,-0.445067,-0.50098,-0.365208,-0.269705,-0.180584,-0.414868	-0.517643,-0.042995,-0.102132,-0.0891847,-0.0875994,-0.179255,-0.0372215,-0.0467863,-0.0606795,-0.0471389,-0.0556897,-0.0252807,-0.0711116,-0.019911,-0.126124,-0.0853737,-0.0308338,-0.0468788,-0.0540441,-0.0722793	-0.0969506,-0.503591,-0.43119,-0.232768,-0.305311,-0.0918973,-0.432193,-0.335804,-0.374682,-0.392307,-0.462714,-0.42674,-0.528592,-0.429827,-0.337911,-0.434176,-0.338182,-0.225679,-0.127787,-0.353179
-0.579772,-0.541975,-0.533923,-0.304029,-0.390151,-0.265589,-0.44725,-0.38252,-0.435306,-0.415649,-0.48561,-0.456407,-0.552064,-0.420905,-0.456332,-0.504169,-0.374838,-0.246481,-0.180635,-0.40646	-0.513342,-0.0454126,-0.122119,-0.10935,-0.109002,-0.18669,-0.0365277,-0.0659841,-0.100685,-0.050396,-0.0543418,-0.0224766,-0.0377291,-0.00162948,-0.116368,-0.105618,-0.0492729,-0.0383283,-0.0479152,-0.0690459	-0.0945783,-0.509092,-0.440528,-0.201374,-0.293636,-0.0830143,-0.417544,-0.324732,-0.349959,-0.373068,-0.442958,-0.438428,-0.525276,-0.419563,-0.35903,-0.420967,-0.331691,-0.210138,-0.133879,-0.347156
0.92482,0.788846,0.806426,0.813129,0.704718,0.779723,0.708512,0.809485,0.762133,0.821195,0.847975,0.737613,0.753209,0.848949,0.76416,0.858318,0.75025,0.681196,0.626204,0.835368	0.918021,0.801391,0.842912,0.763478,0.687688,0.765029,0.671022,0.794868,0.71381,0.784696,0.798688,0.764439,0.700828,0.823743,0.801582,0.838454,0.742403,0.660956,0.634436,0.820208	0.0450258,-0.0341065,-0.11393,0.130939,0.0330451,0.0364173,0.071468,0.0409943,0.105974,0.102638,0.152717,-0.0615075,0.110947,0.0838297,-0.0965811,0.0708542,0.0177123,0.0368152,-0.013658,0.0481543
0.773744,0.732085,0.775604,0.780467,0.68665,0.72888,0.728814,0.875558,0.742399,0.698146,0.711498,0.729132,0.715903,0.636063,0.797446,0.596127,0.744886,0.636033,0.587027,0.718721	0.803311,0.755662,0.789141,0.78284,0.674415,0.719217,0.728839,0.878219,0.767015,0.681565,0.70728,0.72499,0.70987,0.626206,0.790063,0.579639,0.735029,0.650902,0.546052,0.750731	-0.07813,-0.0527709,-0.0348952,-0.00610034,0.022787,0.0203087,-5.26706e-05,-0.0115172,-0.057172,0.0316347,0.00849128,0.00878605,0.012268,0.0163811,0.0199554,0.0251933,0.0217842,-0.0253735,0.060306,-0.0695219
0.652211,0.399508,0.395049,0.571396,0.460299,0.453127,0.385305,0.411667,0.451828,0.387894,0.465528,0.408503,0.406497,0.381797,0.400532,0.278799,0.432473,0.298786,0.326418,0.333954	0.594537,0.44324,0.370015,0.597185,0.446344,0.405697,0.403998,0.45994,0.529223,0.396693,0.461176,0.418976,0.440159,0.365322,0.361168,0.25243,0.410275,0.31602,0.288765,0.393867	0.0942035,-0.0531415,0.0293194,-0.0391476,0.0175638,0.0581123,-0.0221388,-0.0595478,-0.101717,-0.0103999,0.00554234,-0.0126364,-0.0409977,0.0191457,0.0460204,0.0283658,0.0269864,-0.0190302,0.0415723,-0.0689866
0.662408,0.518355,0.524389,0.666823,0.522232,0.627915,0.471327,0.514055,0.580004,0.478138,0.572665,0.440219,0.495242,0.475124,0.426258,0.375876,0.4607,0.43342,0.425431,0.474028	0.644381,0.551765,0.503355,0.676494,0.519645,0.60098,0.459648,0.556217,0.629133,0.480598,0.552974,0.45778,0.48414,0.435706,0.369779,0.328923,0.463132,0.441281,0.376839,0.502253	0.0314521,-0.0467928,0.0285774,-0.0176192,0.00355062,0.0432594,0.014908,-0.0590444,-0.0773561,-0.00319397,0.0288169,-0.0219929,0.0146038,0.0497079,0.0670472,0.053576,-0.00309063,-0.00972023,0.0578688,-0.0370447
-0.573749,-0.513219,-0.490966,-0.365861,-0.448773,-0.212865,-0.499004,-0.361528,-0.500177,-0.482616,-0.466462,-0.457908,-0.554027,-0.491809,-0.405149,-0.525216,-0.379318,-0.325237,-0.234339,-0.431354	-0.498792,-0.0145488,-0.0622889,-0.0652345,-0.141212,-0.263725,-0.0904617,0.0466502,-0.0612731,-0.0262371,-0.0116329,0.00655233,0.00178308,-0.0376799,-0.0924035,-0.172079,-0.0312191,-0.0495803,-0.0684724,-0.0568474	-0.105008,-0.502421,-0.4422,-0.307977,-0.328371,0.0538844,-0.427856,-0.401408,-0.45278,-0.462232,-0.45731,-0.463071,-0.555262,-0.462703,-0.32491,-0.388224,-0.352271,-0.280174,-0.168572,-0.383921
-0.569209,-0.512429,-0.507917,-0.374237,-0.441395,-0.231466,-0.476827,-0.374852,-0.527077,-0.460308,-0.454142,-0.45541,-0.530446,-0.464941,-0.416153,-0.533539,-0.386169,-0.30477,-0.270496,-0.424429	-0.494582,-0.0210371,-0.0723987,-0.0926412,-0.156601,-0.279739,-0.0791913,0.0236206,-0.127892,-0.0268408,0.00175607,0.00862643,0.0471712,-0.0152751,-0.0805337,-0.193557,-0.0519073,-0.0543471,-0.0752796,-0.0577306	-0.103868,-0.496747,-0.452145,-0.291709,-0.305941,0.0516155,-0.41324,-0.394975,-0.428038,-0.43889,-0.455535,-0.46222,-0.563517,-0.452882,-0.347257,-0.379135,-0.341099,-0.254641,-0.199274,-0.37591
0.691077,0.407468,0.401414,0.589867,0.461102,0.435357,0.402895,0.419713,0.470112,0.385697,0.468905,0.413653,0.408941,0.421264,0.392561,0.296014,0.42291,0.292937,0.280214,0.342489	0.602534,0.428317,0.363121,0.613388,0.459433,0.397604,0.421539,0.465306,0.523305,0.410836,0.468819,0.428303,0.448854,0.414351,0.360505,0.285219,0.410381,0.295838,0.281034,0.371899	0.151718,-0.0252574,0.044827,-0.0368568,0.00211769,0.0456565,-0.0224581,-0.0566576,-0.070549,-0.0298727,0.000111123,-0.0178048,-0.0488859,0.00837464,0.0373404,0.01179,0.0151599,-0.00317651,-0.000890344,-0.0337028
0.718029,0.518554,0.519867,0.66077,0.5161,0.570517,0.513589,0.519139,0.55975,0.453705,0.576199,0.437655,0.482868,0.47086,0.42629,0.378269,0.45194,0.418404,0.374773,0.487056	0.669553,0.528489,0.485108,0.66811,0.52585,0.553606,0.501905,0.55845,0.584059,0.472798,0.560675,0.459334,0.477802,0.441328,0.377042,0.347486,0.464027,0.41163,0.365051,0.483996	0.0933584,-0.0136858,0.0464814,-0.013141,-0.013381,0.0247172,0.0157425,-0.0553619,-0.0361163,-0.0243065,0.0229326,-0.0271334,0.00658532,0.0372778,0.0586798,0.0354418,-0.0152947,0.00818354,0.0112626,0.00400443
-0.613223,-0.5238,-0.486655,-0.362385,-0.419919,-0.210545,-0.473251,-0.35191,-0.471306,-0.477696,-0.4772,-0.448166,-0.561348,-0.506755,-0.414691,-0.52205,-0.396502,-0.334532,-0.273203,-0.419238	-0.557332,-0.0461766,-0.0692258,-0.061742,-0.0906223,-0.256364,-0.0522547,0.0624361,-0.0292053,-0.0131383,-0.0284379,0.028342,-0.0085029,-0.0615218,-0.0996438,-0.161349,-0.0470181,-0.0738944,-0.082666,-0.0651566	-0.0849118,-0.489462,-0.431982,-0.307524,-0.342324,0.0484325,-0.431671,-0.405437,-0.448271,-0.467492,-0.454936,-0.470532,-0.555496,-0.459561,-0.328627,-0.393878,-0.356123,-0.267244,-0.194939,-0.364025
-0.609677,-0.525959,-0.505523,-0.371493,-0.430616,-0.22459,-0.443928,-0.362933,-0.494636,-0.458781,-0.465531,-0.449894,-0.539648,-0.481834,-0.421788,-0.531953,-0.398083,-0.315724,-0.295185,-0.411757	-0.554206,-0.054531,-0.08303,-0.091405,-0.131613,-0.268002,-0.0311055,0.0410933,-0.0876133,-0.0190544,-0.014276,0.0228132,0.0394593,-0.0434427,-0.0802727,-0.187172,-0.0598504,-0.0787012,-0.0749681,-0.0663388	-0.0837777,-0.485348,-0.441003,-0.289933,-0.316967,0.0461923,-0.418602,-0.398089,-0.425461,-0.443604,-0.454274,-0.467905,-0.567032,-0.447764,-0.353484,-0.382906,-0.346488,-0.243063,-0.225201,-0.355119
0.615394,0.450404,0.35994,0.5563,0.418902,0.406731,0.394747,0.384997,0.478874,0.365394,0.483657,0.399122,0.441902,0.385158,0.388866,0.313895,0.333144,0.320542,0.327276,0.331108	0.656161,0.439355,0.364194,0.540301,0.430192,0.428367,0.364541,0.378584,0.450289,0.359102,0.468149,0.406155,0.397392,0.36294,0.371814,0.294652,0.356929,0.310952,0.31687,0.299028	-0.0683781,0.0137759,-0.00489625,0.0228748,-0.0137714,-0.0262012,0.0352832,0.00750775,0.0364437,0.00724203,0.0200471,-0.00839375,0.0539914,0.0258295,0.0199343,0.0212041,-0.0269944,0.010652,0.0116101,0.0356059
-0.566374,-0.49311,-0.481704,-0.331905,-0.423795,-0.237076,-0.476645,-0.354639,-0.441334,-0.477028,-0.47104,-0.43853,-0.571219,-0.482266,-0.443671,-0.492426,-0.388453,-0.334275,-0.264038,-0.396774	-0.466202,-0.00853208,-0.0490808,-0.0392226,-0.0951445,-0.259426,-0.0602804,0.0296316,-0.0219048,-0.0217995,-0.0201812,0.0134429,-0.0632736,-0.0156197,-0.116228,-0.109191,-0.0314874,-0.0807458,-0.0726671,-0.0558125	-0.136112,-0.486625,-0.4431,-0.296543,-0.342459,0.023815,-0.428682,-0.380275,-0.423524,-0.460012,-0.455186,-0.449324,-0.526993,-0.470188,-0.345246,-0.405012,-0.361386,-0.260562,-0.195114,-0.348683
-0.563119,-0.491859,-0.496805,-0.334792,-0.408845,-0.242633,-0.456036,-0.374023,-0.454245,-0.452983,-0.469545,-0.44101,-0.54984,-0.464064,-0.46082,-0.500873,-0.393548,-0.293741,-0.289773,-0.389719	-0.46332,-0.00980211,-0.0592945,-0.0600769,-0.101438,-0.262955,-0.0512768,2.61715e-05,-0.0632682,-0.0206462,-0.0265615,0.00616747,-0.0303049,-0.00814106,-0.113824,-0.132148,-0.0507343,-0.0549135,-0.0700394,-0.05573	-0.135029,-0.484392,-0.45079,-0.280354,-0.320707,0.0217078,-0.414451,-0.374046,-0.402546,-0.436418,-0.448578,-0.445965,-0.528339,-0.457652,-0.366204,-0.394861,-0.349798,-0.242743,-0.224285,-0.341404
-0.593525,-0.497594,-0.508843,-0.352031,-0.424253,-0.224534,-0.480921,-0.349833,-0.476635,-0.464932,-0.471883,-0.449276,-0.573072,-0.496259,-0.452384,-0.490355,-0.361464,-0.317898,-0.258283,-0.417301	-0.515603,-0.0105448,-0.0875568,-0.0547495,-0.105859,-0.260284,-0.0435563,0.0409471,-0.0558716,-0.00139097,-0.0140347,-0.00358179,-0.0366476,-0.0179613,-0.118966,-0.0929192,-0.014212,-0.0489924,-0.0591381,-0.0593931	-0.112284,-0.489618,-0.440931,-0.303124,-0.333366,0.037969,-0.446723,-0.385261,-0.432275,-0.463841,-0.460901,-0.446413,-0.547932,-0.4826,-0.352383,-0.416409,-0.349045,-0.27316,-0.202234,-0.367004
-0.589182,-0.496389,-0.530304,-0.356526,-0.421197,-0.235896,-0.464345,-0.363337,-0.489966,-0.445239,-0.466747,-0.444676,-0.552917,-0.470205,-0.465096,-0.496183,-0.36707,-0.288022,-0.283112,-0.408162	-0.511476,-0.0122469,-0.108074,-0.077957,-0.126715,-0.269444,-0.0425551,0.021306,-0.097925,-0.00596368,-0.0140618,-0.00046439,-0.00339905,0.00162362,-0.109593,-0.112919,-0.0323403,-0.0399397,-0.0542438,-0.0563465	-0.111224,-0.487104,-0.4479,-0.286533,-0.311086,0.0358256,-0.430293,-0.381688,-0.411799,-0.440445,-0.455676,-0.444303,-0.550553,-0.471469,-0.374596,-0.406013,-0.338751,-0.25097,-0.232438,-0.360097
0.920904,0.804001,0.820241,0.781788,0.700957,0.783818,0.699266,0.804662,0.737056,0.808908,0.835294,0.75514,0.733326,0.831418,0.758867,0.85756,0.746931,0.656589,0.571395,0.83304	0.917617,0.798353,0.843595,0.759812,0.661589,0.787195,0.657566,0.806272,0.693099,0.760937,0.826958,0.752742,0.69524,0.808506,0.794464,0.845041,0.732735,0.623669,0.618678,0.813602	0.0212111,0.0157706,-0.0758106,0.0541299,0.0734139,-0.00881924,0.0771956,-0.00458405,0.0898644,0.124772,0.0269576,0.0055563,0.0777006,0.0698973,-0.0896406,0.0454698,0.0313578,0.0557492,-0.0731387,0.0603221
0.0891709,0.00295849,0.0156836,0.0524719,0.0143144,-0.0359407,0.0531447,0.0374294,0.0354438,0.00905478,0.00530549,0.0212642,0.00557419,0.0918592,-0.025928,0.0403198,-0.0207383,-0.0118279,-0.0745734,0.0137242	-0.397888,-0.526277,-0.621587,-0.412397,-0.384226,-0.526971,-0.504098,-0.755517,-0.45908,-0.451246,-0.428389,-0.50786,-0.458655,-0.325122,-0.66374,-0.401152,-0.52957,-0.469122,-0.388987,-0.55273	0.47037,0.528413,0.631118,0.455022,0.396361,0.50051,0.542704,0.771139,0.486606,0.458427,0.432711,0.523471,0.463045,0.404889,0.64898,0.434445,0.514482,0.459846,0.323807,0.56219
0.173946,-0.0236339,-0.0329041,-0.0430192,0.00326765,-0.155603,0.128788,0.0291367,-0.0870194,-0.0435039,0.00668646,0.00167949,-0.0338125,0.00175924,0.00353411,0.0138621,-0.0208792,-0.0342612,-0.0884485,0.0289925	-0.294807,-0.434524,-0.549388,-0.33843,-0.309755,-0.402119,-0.402406,-0.719216,-0.405413,-0.405999,-0.309037,-0.495108,-0.430118,-0.308086,-0.645036,-0.356781,-0.490031,-0.372232,-0.309963,-0.459252	0.445888,0.415154,0.525993,0.299776,0.312706,0.26297,0.505021,0.732993,0.330037,0.369012,0.315072,0.496375,0.402155,0.309677,0.647095,0.368819,0.474002,0.342336,0.227759,0.481829
-0.136768,-0.00248075,0.0185867,0.0145397,0.0585798,0.0073115,0.062116,0.0630303,0.11074,-0.0116718,-0.0346812,0.0263012,-0.0257967,-0.0473685,-0.0377581,-0.015412,-0.0524464,-0.0144746,-0.0775239,0.0526966	-0.882274,-0.749488,-0.78422,-0.785889,-0.684695,-0.782674,-0.725533,-0.857528,-0.727576,-0.698349,-0.719056,-0.726116,-0.711646,-0.656967,-0.817427,-0.644019,-0.758326,-0.666162,-0.60817,-0.737014	0.847809,0.748399,0.791273,0.791386,0.714612,0.785491,0.753683,0.873353,0.775808,0.69232,0.701878,0.738317,0.698676,0.629178,0.8045,0.634909,0.735117,0.658032,0.556902,0.760186
-0.138687,-0.00556467,0.0111079,0.00818002,0.0198296,0.0182343,0.0823984,0.0709005,0.128808,-0.0198025,-0.0335094,0.0138739,-0.0228042,-0.0542812,-0.0177038,-0.0231391,-0.0371022,-0.0152577,-0.0567962,0.0521099	-0.881917,-0.7511,-0.786357,-0.790281,-0.704215,-0.780397,-0.723139,-0.859321,-0.73841,-0.702654,-0.715953,-0.727748,-0.704286,-0.655955,-0.812605,-0.653586,-0.759596,-0.664271,-0.598166,-0.739638	0.846803,0.748665,0.79056,0.793332,0.714073,0.787426,0.760238,0.876801,0.791898,0.692487,0.699219,0.734209,0.692606,0.623888,0.806504,0.640128,0.743446,0.655658,0.560409,0.762365
-0.0689885,-0.120807,-0.227997,-0.263428,-0.15719,-0.329878,-0.122673,-0.226012,-0.209965,-0.16127,-0.160627,-0.0700054,-0.0961426,-0.123011,-0.0360734,-0.0701331,-0.183944,-0.154632,-0.127096,-0.226149	0.00293796,0.0628049,-0.0379584,-0.0849885,-0.0490978,-0.0349334,-0.0305053,-0.0788462,-0.0194878,-0.0425934,0.010452,-0.0123222,-0.00905085,-0.0104584,-0.0151663,0.0330251,-0.113186,0.017829,-0.0031874,-0.0660838	-0.0719119,-0.18223,-0.191698,-0.182526,-0.108933,-0.298383,-0.0925138,-0.149836,-0.19126,-0.119497,-0.170792,-0.0577329,-0.0871676,-0.112698,-0.0209186,-0.10292,-0.0722629,-0.171987,-0.123959,-0.162494
-0.0539304,0.0589268,-0.0191292,0.0758876,0.0328478,-0.0389066,0.0523862,0.038609,0.140083,0.0146344,-0.0143803,0.0194375,-0.0151946,-0.000556863,-0.0691689,0.022974,-0.0278229,-0.0146281,-0.0452791,0.068519	-0.762404,-0.401957,-0.407468,-0.572503,-0.47942,-0.565726,-0.409758,-0.394957,-0.446771,-0.394345,-0.475017,-0.401472,-0.440776,-0.386889,-0.455263,-0.330278,-0.447392,-0.354176,-0.365873,-0.35826	0.738853,0.45022,0.391389,0.621394,0.504325,0.538676,0.452432,0.427054,0.552289,0.406633,0.463805,0.41765,0.428451,0.386416,0.398647,0.350592,0.424857,0.341316,0.325994,0.416553
-0.0557289,0.0636168,-0.0202651,0.0850789,0.0443108,-0.0207996,0.0513746,0.0324765,0.168327,0.016499,-0.0345608,0.0105438,-0.0246002,-0.0131817,-0.0786815,0.0212213,-0.0266592,0.0181055,-0.0363805,0.0699671	-0.762238,-0.399788,-0.410195,-0.576722,-0.483352,-0.561746,-0.409221,-0.40901,-0.458847,-0.393574,-0.480326,-0.404448,-0.433502,-0.387606,-0.456984,-0.342682,-0.454874,-0.329835,-0.362009,-0.358957	0.737852,0.451911,0.393198,0.630847,0.516598,0.547342,0.451111,0.435699,0.582207,0.407427,0.45329,0.413229,0.413309,0.376347,0.392412,0.361276,0.433471,0.345875,0.329974,0.418415
-0.0844966,0.0521207,-0.0579211,0.0352571,0.0375455,-0.0238565,0.033504,0.0483338,0.081192,0.0295024,-0.0315859,0.0123176,-0.0499314,-0.0320585,-0.0941073,0.017431,0.0219913,0.00994836,-0.0467134,0.0335522	-0.79256,-0.524816,-0.556761,-0.675865,-0.539389,-0.701886,-0.481964,-0.490905,-0.585097,-0.468837,-0.57488,-0.445328,-0.511546,-0.481861,-0.481863,-0.407038,-0.464088,-0.460978,-0.450108,-0.497364	0.758884,0.561576,0.515463,0.694571,0.565482,0.689576,0.507277,0.526741,0.636072,0.49154,0.553342,0.455149,0.473714,0.45686,0.406174,0.421479,0.481169,0.468777,0.412059,0.522202
-0.0839333,0.0575408,-0.0687912,0.0416898,0.0331479,-0.00959322,0.0240517,0.0527292,0.113081,0.0261702,-0.0463741,0.0132794,-0.0599054,-0.0341956,-0.0961854,0.0182155,0.0247214,0.0272061,-0.0341713,0.0384822	-0.791625,-0.52323,-0.563384,-0.678859,-0.553004,-0.700348,-0.48714,-0.49672,-0.592339,-0.471534,-0.574364,-0.442248,-0.505545,-0.476907,-0.478813,-0.416939,-0.47136,-0.450035,-0.442191,-0.496817	0.75806,0.563796,0.514534,0.700718,0.575601,0.695427,0.505271,0.535426,0.661135,0.491637,0.542438,0.452867,0.459558,0.450051,0.4011,0.431875,0.490367,0.471468,0.41428,0.525257
0.948627,0.915322,0.914211,0.872478,0.816805,0.83058,0.832353,0.878381,0.874215,0.895537,0.908211,0.86085,0.875227,0.910777,0.862074,0.938483,0.861159,0.761954,0.682441,0.905525	0.951659,0.910492,0.908008,0.848144,0.801891,0.814954,0.839885,0.858798,0.823401,0.894285,0.918505,0.862389,0.905738,0.926766,0.875174,0.921652,0.843177,0.75543,0.678915,0.904328	-0.0311864,0.0289884,0.0365101,0.093586,0.0432258,0.04836,-0.0250296,0.0797199,0.181369,0.00628754,-0.0620818,-0.00597586,-0.147202,-0.102543,-0.0533517,0.124636,0.0656522,0.015372,0.0065702,0.00660873
-0.182919,-0.109417,-0.216496,-0.244175,-0.159012,-0.241334,-0.195489,-0.236109,-0.161763,-0.135432,-0.165561,-0.0709706,-0.0760493,-0.130545,-0.0374263,-0.0803938,-0.172486,-0.132359,-0.0595623,-0.239359	-0.0603735,0.060934,-0.0460095,-0.120979,-0.0592142,-0.00741348,-0.0649298,-0.0920803,-0.0415178,-0.0476485,0.00651829,-0.0248594,-0.0125042,-0.0803514,-0.00414427,0.00386111,-0.100908,0.0256604,0.0543241,-0.0744464	-0.123914,-0.169223,-0.172202,-0.126946,-0.100747,-0.23434,-0.132238,-0.14723,-0.121058,-0.0883538,-0.171893,-0.0461927,-0.0636055,-0.0507252,-0.0332872,-0.0842287,-0.0728456,-0.157484,-0.113519,-0.167904
0.0296092,0.0612626,-0.0275884,0.0695272,-0.00702518,-0.0422023,0.0169554,0.019376,0.0761614,0.0217407,0.00829247,0.00471184,0.0010728,0.0335078,-0.0532541,0.0332666,0.000623208,-0.00538652,0.0111133,0.0424753	-0.757163,-0.406217,-0.414085,-0.590734,-0.492099,-0.557286,-0.431783,-0.406751,-0.469903,-0.395356,-0.47619,-0.409827,-0.439149,-0.422881,-0.446505,-0.343761,-0.433121,-0.344008,-0.318205,-0.366303	0.769521,0.456128,0.390963,0.634213,0.486757,0.527489,0.445477,0.422794,0.527197,0.413543,0.482577,0.41374,0.440015,0.450013,0.40283,0.372765,0.433627,0.33925,0.328158,0.402516
0.0292488,0.0679257,-0.0253466,0.0829671,0.0308529,-0.0303483,0.0048985,0.0107821,0.0948876,0.0284077,-0.0131262,0.00277446,-0.0102141,0.0251447,-0.0713979,0.0365687,-0.00666324,0.0272455,0.00541491,0.0444722	-0.75689,-0.404516,-0.415858,-0.593635,-0.4896,-0.554914,-0.434443,-0.421054,-0.483748,-0.393073,-0.481152,-0.41159,-0.432813,-0.422484,-0.450966,-0.354472,-0.44258,-0.320511,-0.316097,-0.367274	0.769112,0.459808,0.394672,0.644843,0.512708,0.533551,0.438408,0.429885,0.553241,0.416826,0.471001,0.413892,0.424475,0.442923,0.392195,0.386036,0.437206,0.344746,0.320962,0.405129
0.00703547,0.053556,-0.0672131,0.0241512,-0.00595888,-0.0266228,-0.00515311,0.0265443,0.00365496,0.0365436,-0.0062704,-0.00313405,-0.0322663,0.00363371,-0.0786275,0.0283138,0.0513825,0.0199996,0.0146707,0.00276103	-0.800307,-0.519151,-0.551074,-0.668433,-0.548518,-0.66466,-0.532518,-0.500749,-0.572588,-0.449799,-0.574968,-0.44578,-0.496218,-0.475861,-0.480521,-0.407701,-0.450953,-0.442912,-0.394781,-0.510292	0.802822,0.557214,0.502472,0.681581,0.544338,0.649531,0.528816,0.520376,0.57504,0.478477,0.570755,0.443265,0.471501,0.478667,0.417674,0.431039,0.49096,0.458847,0.407094,0.512331
0.00919533,0.0611646,-0.073928,0.0350689,0.0181911,-0.02123,-0.0279331,0.0283262,0.0227389,0.0384133,-0.0225818,0.00503505,-0.0442781,0.00669704,-0.0893348,0.0345829,0.0452453,0.0375131,0.0108191,0.00819505	-0.79937,-0.518166,-0.556612,-0.671024,-0.555086,-0.664859,-0.541118,-0.506807,-0.583242,-0.450327,-0.575034,-0.441155,-0.491516,-0.469456,-0.479651,-0.416241,-0.45991,-0.432503,-0.390727,-0.508943	0.802665,0.561534,0.503399,0.689859,0.567546,0.652844,0.52106,0.527559,0.598049,0.48043,0.559721,0.445201,0.457188,0.47466,0.40779,0.444427,0.494858,0.462512,0.399856,0.51499
0.951266,0.919,0.915741,0.875173,0.822694,0.82673,0.823271,0.87886,0.866013,0.89705,0.909298,0.862311,0.871259,0.911478,0.86237,0.941256,0.861764,0.766161,0.691415,0.902678	0.953506,0.912905,0.906794,0.848425,0.788072,0.815417,0.839809,0.860842,0.819963,0.892024,0.920001,0.858279,0.902795,0.92327,0.882382,0.920406,0.85064,0.759066,0.701928,0.900934	-0.0240917,0.037849,0.0527464,0.103883,0.0984545,0.0347158,-0.0535902,0.0740135,0.158849,0.025153,-0.0654847,0.0155157,-0.147755,-0.074415,-0.0837115,0.155993,0.0416725,0.0169558,-0.0204269,0.00933926
-0.0229529,-0.015923,-0.028288,-0.0437255,0.00146907,0.0213059,-0.0207973,0.00397491,-0.0694378,0.0115551,-0.0137589,-0.00767821,-0.0312909,-0.0282781,-0.0234316,-0.00686448,0.0443844,0.0233005,0.00258519,-0.0387162	-0.757946,-0.456886,-0.399857,-0.575117,-0.458174,-0.536103,-0.413844,-0.357294,-0.499805,-0.360595,-0.486105,-0.40289,-0.448031,-0.397864,-0.441981,-0.355913,-0.340263,-0.3445,-0.354692,-0.361016	0.748006,0.444195,0.37582,0.545099,0.459334,0.551114,0.396459,0.360757,0.445841,0.370606,0.475527,0.396438,0.422666,0.373791,0.422929,0.349903,0.378924,0.364872,0.35695,0.326868
-0.0207846,-0.0163005,-0.035984,-0.0472692,-0.0136557,0.0136638,-0.02833,0.0137347,-0.0705391,0.0067938,-0.00698844,0.00205855,-0.0313943,-0.017654,-0.0163293,-0.004409,0.0457085,0.00538604,0.004818,-0.0362181	-0.757032,-0.456524,-0.407441,-0.583344,-0.473195,-0.540263,-0.417044,-0.36479,-0.516287,-0.362429,-0.482835,-0.398411,-0.438917,-0.388338,-0.4373,-0.365901,-0.349013,-0.340379,-0.349974,-0.360528	0.748017,0.443524,0.376984,0.551276,0.462528,0.549867,0.393362,0.376638,0.462595,0.368316,0.477457,0.400142,0.413217,0.373243,0.423998,0.362076,0.388523,0.345133,0.354195,0.3286
0.950491,0.911333,0.914265,0.863837,0.807778,0.827662,0.830808,0.88899,0.85085,0.892014,0.915604,0.858651,0.872565,0.913124,0.871831,0.935742,0.863373,0.748363,0.688689,0.90093	0.952581,0.910372,0.907163,0.844391,0.800625,0.824947,0.837351,0.86336,0.816245,0.892231,0.910497,0.853087,0.895105,0.918443,0.877425,0.917159,0.846552,0.770684,0.693692,0.900784	-0.0220971,0.00564208,0.041628,0.0718699,0.0202494,0.00855742,-0.0215009,0.110245,0.113274,-0.00106501,0.0307006,0.0208012,-0.102938,-0.032963,-0.023803,0.131076,0.0625044,-0.052738,-0.00957978,0.000776349
0.950434,0.911432,0.920789,0.868573,0.813651,0.828513,0.837291,0.882166,0.857203,0.894202,0.915916,0.855342,0.876643,0.908622,0.872261,0.936814,0.85658,0.751588,0.685479,0.901923	0.95355,0.910146,0.90746,0.847231,0.795052,0.82029,0.837436,0.865053,0.823726,0.890531,0.915763,0.85769,0.898912,0.922683,0.883573,0.920337,0.840434,0.758457,0.692578,0.904357	-0.0332504,0.00754244,0.0810657,0.080807,0.0526739,0.0256669,-0.000482512,0.0722427,0.113908,0.0180242,0.000944642,-0.00881562,-0.105058,-0.0869944,-0.0493304,0.119554,0.0576425,-0.0159778,-0.013515,-0.0131999
