0.0360122,0.0771006,0.295265,0.235446,0.156451,0.182518,0.0904968,0.112119,0.0703819,-0.00177963,0.0680587,0.211857,0.20899,0.249364,0.0600208,0.0140059,0.0194634,0.0111236,-0.0835542,-0.022172	-0.515762,-0.488178,-0.221792,-0.282375,-0.241373,-0.289623,-0.301985,-0.239909,-0.256432,-0.213898,-0.106934,-0.0455783,-0.212004,-0.355113,-0.15987,-0.415082,-0.547164,-0.391335,-0.529469,-0.519571	0.541712,0.544774,0.485277,0.48554,0.383348,0.448436,0.382041,0.342807,0.32102,0.212199,0.173728,0.254973,0.403133,0.555303,0.217801,0.426607,0.560656,0.400715,0.466555,0.503196
0.0547988,0.0642752,0.32149,0.1992,0.148359,0.170069,0.0862903,0.0596747,0.0667285,-0.0571503,0.0675558,0.164556,0.220947,0.292722,0.125354,-0.00516916,0.0384836,0.0006339,-0.0697456,0.110067	-0.497499,-0.471793,-0.191578,-0.254462,-0.203495,-0.328168,-0.335642,-0.319683,-0.280012,-0.277832,-0.117704,-0.190775,-0.292701,-0.353149,-0.0695885,-0.426639,-0.511199,-0.393329,-0.524164,-0.447193	0.53764,0.52029,0.483301,0.431776,0.341543,0.4719,0.410056,0.372256,0.340381,0.224242,0.183799,0.344516,0.482447,0.58536,0.193256,0.422402,0.539077,0.393865,0.471662,0.531118
-0.0800519,-0.0763689,-0.123075,-0.0427733,-0.0238662,-0.0263788,-0.00346059,-0.0919819,-0.0935235,-0.112923,-0.0786353,-0.0514284,-0.0392156,-0.126177,-0.0743839,0.071413,-0.0405762,-0.0769137,-0.0577425,0.0329155	-0.713264,-0.722764,-0.690122,-0.718399,-0.653309,-0.692094,-0.606377,-0.678151,-0.502057,-0.549783,-0.493061,-0.594081,-0.601912,-0.705562,-0.417292,-0.619378,-0.672825,-0.623338,-0.643165,-0.680028	0.671557,0.684158,0.61968,0.697045,0.639413,0.678095,0.604184,0.625165,0.428661,0.465777,0.431142,0.559754,0.5763,0.636006,0.353892,0.66153,0.649994,0.573941,0.608003,0.697335
-0.0685218,-0.0821264,-0.121565,-0.0531024,-0.0443625,-0.0235931,0.00837779,-0.11523,-0.102718,-0.129113,-0.0848958,-0.0443647,-0.0598739,-0.124363,-0.0459693,0.0689881,-0.0323429,-0.067974,-0.0537302,0.036476	-0.706635,-0.728532,-0.692365,-0.720729,-0.659305,-0.696032,-0.599483,-0.682825,-0.538259,-0.551578,-0.500953,-0.595695,-0.611459,-0.701553,-0.40027,-0.626446,-0.679332,-0.619052,-0.638256,-0.679922	0.670583,0.687542,0.623258,0.694195,0.633471,0.683666,0.604823,0.616069,0.461031,0.454858,0.434537,0.566297,0.572546,0.632362,0.360942,0.666624,0.661524,0.575286,0.605283,0.699061
-0.0619909,-0.0466923,-0.0616455,-0.0290527,-0.0247499,-0.0200783,-0.00467848,-0.0921783,-0.0243829,-0.114045,-0.0372453,-0.0370982,-0.0277625,-0.126517,-0.0268538,0.0846854,0.0138923,-0.036679,-0.0838444,-0.0716906	-0.708726,-0.730979,-0.673193,-0.698078,-0.627486,-0.678115,-0.589548,-0.665741,-0.500545,-0.528099,-0.443454,-0.610107,-0.574038,-0.702726,-0.383664,-0.611958,-0.666288,-0.623788,-0.631074,-0.697886	0.676455,0.708467,0.638025,0.682875,0.612244,0.66712,0.586487,0.611062,0.482045,0.440589,0.41303,0.586278,0.555123,0.632437,0.360525,0.662319,0.673942,0.600856,0.577803,0.659175
-0.0670065,-0.0642573,-0.0946529,-0.0473895,-0.0224123,-0.0305258,-0.0157513,-0.121353,-0.0664765,-0.118978,-0.0528376,-0.0212975,-0.0057741,-0.128016,-0.0120682,0.0499902,-0.0133665,-0.05782,-0.0580536,0.0200315	-0.715121,-0.727113,-0.68963,-0.711397,-0.644653,-0.689141,-0.600494,-0.680799,-0.521878,-0.549227,-0.453097,-0.588382,-0.543413,-0.692303,-0.368739,-0.637676,-0.652908,-0.620707,-0.63067,-0.677595	0.680734,0.695343,0.636526,0.687174,0.631363,0.672768,0.590326,0.609828,0.471769,0.46033,0.410077,0.57428,0.539331,0.619161,0.358265,0.666422,0.645172,0.583841,0.594378,0.688285
0.0698226,0.0147294,0.142099,0.0937095,-0.0408893,0.156416,0.0735456,0.113098,0.0639252,0.132025,0.0822403,0.14683,0.146312,0.201297,0.179725,0.146655,0.0979846,-0.011116,-0.0607231,0.181584	-0.516385,-0.485776,-0.328641,-0.409206,-0.326263,-0.286667,-0.344277,-0.233245,-0.19028,-0.166973,-0.0878652,-0.201244,-0.222161,-0.348434,-0.0578392,-0.398182,-0.413955,-0.486724,-0.576664,-0.429388	0.565807,0.496949,0.449737,0.484342,0.289232,0.424068,0.407505,0.337442,0.251151,0.292549,0.168885,0.338083,0.356873,0.5137,0.23512,0.514776,0.491984,0.478196,0.534664,0.56678
0.0671212,0.0148793,0.125232,0.0825871,-0.047174,0.153112,0.0758009,0.119535,0.0613588,0.13959,0.0777754,0.139917,0.167628,0.188884,0.226469,0.15239,0.0947039,0.0276774,-0.0499802,0.175958	-0.515505,-0.475354,-0.351181,-0.420154,-0.322947,-0.290329,-0.325364,-0.242928,-0.170247,-0.174689,-0.073513,-0.226647,-0.225529,-0.379673,-0.0345204,-0.398413,-0.408821,-0.426458,-0.564756,-0.429069	0.56314,0.48679,0.456343,0.485882,0.280039,0.424568,0.391509,0.352235,0.229212,0.306797,0.150428,0.355296,0.378835,0.530512,0.258964,0.519275,0.484757,0.448838,0.529728,0.562555
0.800928,0.699804,0.706833,0.458835,0.547775,0.740635,0.695409,0.487443,0.76014,0.393873,0.641311,0.617563,0.668082,0.740374,0.469079,0.796807,0.636108,0.782529,0.687676,0.5055	0.834811,0.743869,0.722701,0.539286,0.617951,0.679923,0.627641,0.404166,0.725444,0.360776,0.62223,0.459111,0.519656,0.691424,0.52533,0.802601,0.700596,0.793152,0.689644,0.495883	-0.102248,-0.0919087,-0.0324398,-0.106903,-0.106086,0.122298,0.120255,0.103709,0.0773487,0.0385793,0.0317505,0.221156,0.227359,0.100289,-0.0746461,-0.016074,-0.116331,-0.0280056,-0.00374387,0.0128347
-0.0550206,-0.0160405,-0.0507864,0.0436441,0.0258219,-0.0881666,-0.0377615,0.0180754,-0.0789175,-0.0930221,-0.053177,-0.0818449,-0.00198844,-0.0978449,-0.0191737,-0.0237316,-0.125616,-0.0507167,-0.0389349,-0.0736328	-0.349981,-0.358263,-0.409787,-0.433278,-0.422882,-0.515643,-0.374279,-0.470161,-0.267128,-0.400164,-0.356471,-0.490974,-0.355363,-0.384055,-0.211148,-0.402153,-0.330156,-0.343601,-0.277745,-0.418326	0.300752,0.3442,0.366631,0.468071,0.443857,0.447836,0.341341,0.484122,0.192264,0.319017,0.309155,0.426258,0.353624,0.297385,0.192754,0.382068,0.21339,0.298079,0.241421,0.355648
-0.0573411,-0.0146566,-0.0308612,0.0380658,0.00718992,-0.068918,-0.00458978,0.0106848,-0.0359984,-0.117928,-0.051362,-0.0630059,-0.0309651,-0.117146,-0.00719052,-0.0104108,-0.119971,-0.0443879,-0.0375496,-0.0626095	-0.343884,-0.365509,-0.402471,-0.436718,-0.432453,-0.510738,-0.349605,-0.465366,-0.281386,-0.412895,-0.361411,-0.485277,-0.37812,-0.388758,-0.200229,-0.400845,-0.340606,-0.34102,-0.273968,-0.412758	0.292307,0.352742,0.376283,0.46702,0.43828,0.457939,0.34557,0.473695,0.247899,0.310065,0.315914,0.435589,0.351268,0.284572,0.193317,0.392071,0.230035,0.301191,0.238875,0.359437
-0.000996175,0.024736,-0.0169949,0.0385133,0.0136465,-0.0380601,0.00400353,-0.0133362,-0.0243456,-0.100125,-0.0362191,-0.0510871,-0.028507,-0.101893,-0.0243005,-0.0172355,-0.131144,-0.0389129,0.0107718,0.143315	-0.310528,-0.359682,-0.394955,-0.408395,-0.386704,-0.467348,-0.318559,-0.464046,-0.271795,-0.380974,-0.314864,-0.499218,-0.340304,-0.384196,-0.213655,-0.398448,-0.352053,-0.361835,-0.195132,-0.251877	0.309627,0.381028,0.380514,0.439988,0.398249,0.437062,0.322152,0.453517,0.249097,0.291986,0.281859,0.459859,0.314851,0.293804,0.190343,0.383848,0.231602,0.327534,0.205472,0.381423
-0.0390567,-0.0228488,-0.0277,0.0245879,0.0246082,-0.0505415,-0.00283571,-0.015571,-0.0385568,-0.120111,-0.0126207,-0.0439018,0.00301781,-0.110629,-0.00725937,-0.00428131,-0.135105,-0.0394113,-0.0173355,-0.0667957	-0.351284,-0.373395,-0.410768,-0.429591,-0.411409,-0.488914,-0.337526,-0.472786,-0.281656,-0.41808,-0.298083,-0.477447,-0.285177,-0.369163,-0.191294,-0.404987,-0.312751,-0.345447,-0.237877,-0.403462	0.31657,0.353563,0.387477,0.449432,0.431647,0.449479,0.335011,0.460605,0.245768,0.313724,0.286541,0.442827,0.287947,0.269542,0.18429,0.401401,0.185484,0.310259,0.221455,0.345991
0.170435,0.0248173,0.0874607,0.0999678,-0.0164339,0.119519,0.205,0.122193,0.071467,0.0627144,0.196982,0.159035,-0.0885707,0.28172,0.121635,0.147756,0.0997901,0.285941,0.568109,0.369535	0.133767,0.0858943,0.101102,0.0448443,0.0608141,0.163078,0.175058,0.121423,0.169858,-0.00932981,0.209993,0.0341959,-0.058868,0.35234,0.113855,0.0336447,0.30166,0.137593,0.408953,0.32299	0.0375237,-0.0612075,-0.0137633,0.0553717,-0.0771708,-0.0444253,0.0310563,0.000782093,-0.0996003,0.072002,-0.0135728,0.125522,-0.0298584,-0.0784027,0.00788893,0.114681,-0.208136,0.154423,0.207323,0.0528527
0.170024,0.0244981,0.0837695,0.128128,-0.0629337,0.115725,0.18546,0.162586,0.0600005,0.0818294,0.199302,0.00984304,-0.0783547,0.262485,0.106191,0.189918,0.0727683,0.300832,0.578807,0.365855	0.14078,0.103723,0.0800776,0.0494382,0.0246854,0.154077,0.187788,0.134074,0.184718,-0.00817955,0.232675,-0.122402,-0.070094,0.290984,0.0743554,0.0665259,0.278981,0.2295,0.444366,0.327239	0.0299605,-0.0794264,0.00371677,0.0791915,-0.0874832,-0.0390479,-0.00241217,0.029147,-0.126115,0.0899487,-0.0349957,0.132086,-0.00830634,-0.0308558,0.0320891,0.124971,-0.210486,0.0766222,0.180992,0.0438681
-0.0869406,0.0541491,-0.0830574,0.0313011,0.0737181,-0.0773478,-0.088677,0.100144,-0.0289566,-0.151846,-0.053356,-0.176633,-0.0409245,-0.094602,-0.0682665,-0.0451707,-0.110429,-0.0583836,-0.0714849,-0.00248732	-0.392797,-0.318446,-0.438418,-0.476117,-0.427171,-0.492948,-0.374159,-0.388958,-0.204408,-0.425002,-0.348858,-0.490213,-0.318173,-0.358639,-0.288896,-0.421462,-0.351382,-0.356301,-0.306884,-0.368369	0.316671,0.366279,0.36879,0.499967,0.485597,0.432075,0.295279,0.470765,0.176496,0.292,0.301106,0.343307,0.280906,0.27331,0.225068,0.383594,0.25068,0.304246,0.240679,0.366218
-0.0920385,0.0558341,-0.0576825,5.57415e-05,0.0564812,-0.0745691,-0.0685811,0.0862679,0.00535771,-0.163153,-0.0551522,-0.164421,-0.0932793,-0.133226,-0.0360651,-0.0186604,-0.104157,-0.0543613,-0.0672291,-0.00199563	-0.388626,-0.325718,-0.42755,-0.49233,-0.434552,-0.497869,-0.357301,-0.384613,-0.227847,-0.428189,-0.356227,-0.488392,-0.361829,-0.377442,-0.263683,-0.411396,-0.361933,-0.355274,-0.300767,-0.370841	0.30759,0.374737,0.37922,0.492372,0.47927,0.439621,0.295972,0.455759,0.23292,0.284942,0.307109,0.352259,0.27793,0.257147,0.229803,0.395774,0.267874,0.306839,0.238358,0.369118
-0.0221976,0.0752891,-0.0278024,0.011516,0.0511571,-0.0246569,-0.0172443,0.0169471,0.00242352,-0.154853,-0.0274699,-0.100207,-0.0548724,-0.136727,-0.037906,-0.0291494,-0.151492,-0.0443669,-0.0442258,0.0677691	-0.345993,-0.337089,-0.407657,-0.460536,-0.396573,-0.441014,-0.294914,-0.407792,-0.230752,-0.40258,-0.29721,-0.469533,-0.289182,-0.388121,-0.263483,-0.410168,-0.398731,-0.371804,-0.242792,-0.297539	0.326301,0.402171,0.384209,0.469562,0.438827,0.420934,0.279088,0.421824,0.233046,0.264197,0.27196,0.387561,0.238087,0.265482,0.227853,0.385629,0.263134,0.332929,0.200722,0.358088
-0.0620458,0.0403281,-0.0540349,-0.00521978,0.0832378,-0.030902,-0.0429409,0.0285951,-0.00826234,-0.167979,0.00266022,-0.110114,-0.0213498,-0.140702,-0.0160263,-0.0298867,-0.153025,-0.0321199,-0.0541293,-0.0128852	-0.386852,-0.340537,-0.434099,-0.4801,-0.410199,-0.460996,-0.329059,-0.411524,-0.238266,-0.434356,-0.274811,-0.457165,-0.228285,-0.369134,-0.238563,-0.425361,-0.359248,-0.345979,-0.270872,-0.363068	0.332795,0.375705,0.389193,0.476073,0.477145,0.43631,0.290219,0.435,0.230458,0.287343,0.277269,0.365447,0.207949,0.240945,0.223391,0.400567,0.218219,0.317386,0.219968,0.351829
0.217239,0.108909,0.10546,0.11982,-0.0328018,0.161316,0.191824,-0.0873662,0.102862,0.101468,0.231934,0.145522,-0.14044,0.34675,0.247024,0.159064,0.284795,0.369636,0.652015,0.723114	0.153678,0.139255,0.106891,0.000630042,-0.00979002,0.253604,0.221009,-0.0288521,0.232936,0.0534581,0.261904,0.144817,-0.0106959,0.464151,0.18894,0.039424,0.447239,0.203962,0.486422,0.682726	0.0657568,-0.0308128,-0.00144742,0.119199,-0.0230192,-0.0962238,-0.030478,-0.0586619,-0.133268,0.0482713,-0.0319077,0.000720035,-0.129939,-0.139921,0.0609272,0.120395,-0.186154,0.179183,0.242504,0.0797694
0.214957,0.117886,0.106145,0.143494,-0.112631,0.147477,0.152516,-0.0704694,0.089756,0.105033,0.254781,0.0386583,-0.127263,0.317371,0.236054,0.206982,0.24503,0.390084,0.665596,0.722719	0.158849,0.166874,0.0903813,0.00268796,-0.0792811,0.233301,0.214558,-0.0369893,0.24754,0.0395015,0.306186,0.0138004,-0.0189031,0.392021,0.153046,0.0773924,0.414409,0.304166,0.525224,0.690922	0.0580921,-0.0499709,0.0159164,0.14086,-0.0336507,-0.0888823,-0.0641414,-0.0335677,-0.161369,0.0658045,-0.0557543,0.0248712,-0.108621,-0.0852568,0.0861201,0.131699,-0.188523,0.0974845,0.21582,0.0635103
0.804161,0.880851,0.774909,0.819953,0.779245,0.831985,0.684731,0.749607,0.76093,0.561554,0.757099,0.785613,0.750902,0.646506,0.510062,0.747965,0.798279,0.781489,0.873834,0.878644	0.816435,0.867037,0.764006,0.818524,0.785359,0.813134,0.687526,0.763297,0.690376,0.565312,0.743886,0.772319,0.739057,0.654093,0.515437,0.732196,0.775641,0.777343,0.876064,0.874928	-0.0357358,0.058465,0.0267255,0.00434336,-0.015758,0.0582747,-0.00528132,-0.0319991,0.148636,-0.0055066,0.0302495,0.0338048,0.0266161,-0.0131471,-0.00729204,0.0348592,0.0594446,0.0105634,-0.00951216,0.0160655
0.369677,0.426028,0.308867,0.370334,0.356317,0.41547,0.292633,0.284003,0.364198,0.42299,0.327748,0.396218,0.424235,0.36974,0.31927,0.433144,0.384469,0.371842,0.223696,0.230495	0.358779,0.379269,0.303364,0.42427,0.447017,0.449295,0.329583,0.321951,0.297433,0.467955,0.378891,0.330594,0.475533,0.367346,0.322405,0.431611,0.358453,0.322214,0.276509,0.249078	0.0125643,0.0557708,0.00607154,-0.063991,-0.107884,-0.0415892,-0.0408935,-0.0417659,0.074876,-0.0560612,-0.0583941,0.0755156,-0.0642611,0.00277075,-0.00349471,0.00188534,0.0301747,0.0563826,-0.0562948,-0.0197142
0.586936,0.600799,0.528916,0.48482,0.549344,0.573984,0.486954,0.490565,0.536542,0.487135,0.453251,0.436945,0.377283,0.389373,0.305575,0.335859,0.491841,0.532764,0.686432,0.752848	0.559418,0.586635,0.505491,0.513141,0.579115,0.5786,0.500008,0.510711,0.469076,0.486658,0.497835,0.405367,0.47905,0.421865,0.319338,0.307214,0.532915,0.506415,0.719299,0.772727	0.0409701,0.0218737,0.0319735,-0.0377002,-0.0436611,-0.00691241,-0.0172561,-0.0268812,0.0901565,0.000626092,-0.0575757,0.0383751,-0.124218,-0.038878,-0.0152518,0.0319409,-0.0556639,0.0360837,-0.064924,-0.0475293
-0.341073,-0.403615,-0.467684,-0.467374,-0.520856,-0.574084,-0.387366,-0.513318,-0.304392,-0.430118,-0.360974,-0.458449,-0.398986,-0.447786,-0.258958,-0.344232,-0.487072,-0.282996,-0.222482,-0.308093	-0.0742887,-0.0444518,-0.109488,-0.0717683,-0.066472,-0.171929,-0.0918391,-0.0931314,-0.044206,-0.196982,-0.0439017,-0.14754,-0.0511922,-0.14319,-0.085047,-0.0421917,-0.184405,-0.0890906,-0.0910092,0.0575084	-0.27372,-0.365724,-0.377527,-0.409336,-0.47068,-0.446195,-0.306428,-0.441283,-0.263735,-0.254717,-0.322178,-0.333464,-0.355045,-0.325465,-0.177828,-0.306492,-0.332534,-0.198921,-0.13419,-0.359237
-0.351231,-0.425841,-0.480416,-0.441261,-0.540618,-0.592473,-0.414285,-0.485789,-0.297761,-0.421808,-0.332544,-0.455598,-0.396036,-0.468405,-0.262867,-0.348689,-0.499459,-0.384312,-0.218508,-0.317245	-0.079061,-0.0626725,-0.142859,-0.0574065,-0.0901625,-0.211335,-0.109077,-0.0761539,-0.00810078,-0.197755,0.0131061,-0.165488,-0.0678362,-0.199116,-0.113022,-0.0594821,-0.203004,-0.156613,-0.0634229,0.0543909	-0.279943,-0.373127,-0.362431,-0.39383,-0.473537,-0.435691,-0.319653,-0.425372,-0.290361,-0.244444,-0.344151,-0.313767,-0.337261,-0.296989,-0.154433,-0.295333,-0.329905,-0.242282,-0.157265,-0.365332
0.376128,0.405804,0.300713,0.355537,0.338028,0.423559,0.240286,0.292115,0.29876,0.40227,0.301508,0.397205,0.434816,0.400492,0.309707,0.384206,0.347117,0.363898,0.224615,0.229594	0.353592,0.373115,0.305897,0.41016,0.422168,0.476871,0.273756,0.316911,0.302918,0.443308,0.365426,0.344841,0.497214,0.390876,0.307756,0.397873,0.343124,0.318564,0.27484,0.251961	0.0259933,0.038521,-0.00570955,-0.0639486,-0.0981457,-0.0668046,-0.0358273,-0.0273257,-0.00457081,-0.0499448,-0.0718327,0.0606749,-0.0796094,0.0114006,0.00215609,-0.0161328,0.00453271,0.0512776,-0.053529,-0.0237411
0.583884,0.574793,0.507157,0.465992,0.521676,0.57139,0.498719,0.493748,0.50943,0.477445,0.436079,0.428971,0.404252,0.410513,0.344801,0.294685,0.449472,0.545514,0.684096,0.747019	0.544251,0.574887,0.494723,0.495491,0.545046,0.595461,0.508902,0.499999,0.514312,0.473218,0.493847,0.410642,0.516688,0.435515,0.353858,0.28061,0.51264,0.523188,0.714357,0.770821	0.0580936,-0.000139317,0.0165993,-0.0383542,-0.0326551,-0.0364845,-0.013646,-0.00830123,-0.00661532,0.00546094,-0.0736232,0.0222484,-0.14212,-0.0304452,-0.0103162,0.0153444,-0.0820816,0.0312434,-0.0591837,-0.0561128
-0.336295,-0.411625,-0.470837,-0.456955,-0.512695,-0.57842,-0.364385,-0.528637,-0.359868,-0.441233,-0.355454,-0.463208,-0.402201,-0.446184,-0.233616,-0.348089,-0.499254,-0.286798,-0.226715,-0.308639	-0.0793499,-0.0459257,-0.106027,-0.0570756,-0.0475627,-0.170928,-0.0658289,-0.128995,-0.0598229,-0.219629,-0.0288061,-0.143881,-0.0515807,-0.151467,-0.0550923,-0.0350682,-0.183747,-0.091789,-0.0990767,0.0605872	-0.26399,-0.372746,-0.383979,-0.410588,-0.476758,-0.4522,-0.305894,-0.428889,-0.306647,-0.245383,-0.330027,-0.342129,-0.358048,-0.316078,-0.180851,-0.316889,-0.347374,-0.200281,-0.130571,-0.362449
-0.347644,-0.434107,-0.48004,-0.424626,-0.529571,-0.594159,-0.389337,-0.50646,-0.35096,-0.42763,-0.331053,-0.44896,-0.413665,-0.465082,-0.239492,-0.352104,-0.513398,-0.382224,-0.2208,-0.318333	-0.0858989,-0.0646021,-0.134178,-0.0330079,-0.0654768,-0.2058,-0.0798866,-0.120067,-0.0201652,-0.213138,0.0221847,-0.144647,-0.0877653,-0.204764,-0.0866393,-0.0524683,-0.205786,-0.152621,-0.0696987,0.0569551	-0.269802,-0.380166,-0.369673,-0.397185,-0.480764,-0.442462,-0.319384,-0.41141,-0.333152,-0.236002,-0.350663,-0.325448,-0.338178,-0.287718,-0.156091,-0.305276,-0.34395,-0.243827,-0.153463,-0.368605
0.356764,0.332965,0.295707,0.394887,0.365993,0.428436,0.332846,0.406151,0.334699,0.456421,0.335168,0.327612,0.304,0.347964,0.269662,0.363424,0.23497,0.276594,0.232322,0.241266	0.341502,0.365282,0.278762,0.368431,0.306179,0.398912,0.308753,0.387347,0.335338,0.410746,0.328358,0.360608,0.353059,0.381606,0.280246,0.336011,0.299011,0.298934,0.210423,0.242064	0.0173796,-0.0367912,0.0184669,0.0309603,0.0673624,0.0356107,0.0268522,0.0223142,-0.000719657,0.0562138,0.00765267,-0.0374167,-0.0549575,-0.0387933,-0.0114487,0.031226,-0.0688803,-0.0243531,0.0230245,-0.000847855
-0.300319,-0.407178,-0.443388,-0.456359,-0.4557,-0.526681,-0.346408,-0.485997,-0.324123,-0.407374,-0.3192,-0.447511,-0.393469,-0.41384,-0.218529,-0.326157,-0.483553,-0.27552,-0.15662,-0.291104	-0.0219996,-0.00263698,-0.0684986,-0.0923172,-0.0204397,-0.119911,-0.0610274,-0.0721415,-0.00889981,-0.200719,-0.0247386,-0.0814965,-0.0848164,-0.0950606,-0.0412386,-0.0146766,-0.157631,-0.0441386,-0.0680359,0.0494427	-0.28017,-0.404975,-0.386632,-0.380053,-0.439352,-0.434192,-0.291544,-0.428892,-0.316135,-0.225057,-0.296805,-0.379869,-0.319309,-0.331834,-0.178902,-0.312978,-0.352814,-0.23423,-0.0895379,-0.335715
-0.307398,-0.421685,-0.439501,-0.425313,-0.479177,-0.541416,-0.373057,-0.460748,-0.325651,-0.399176,-0.291784,-0.437451,-0.378943,-0.41743,-0.21575,-0.335317,-0.486899,-0.350407,-0.154347,-0.297134	-0.0238697,-0.00805323,-0.0782486,-0.0707217,-0.0477202,-0.150049,-0.0732404,-0.0581982,0.0147363,-0.20208,0.0314724,-0.089851,-0.0840603,-0.130053,-0.0625899,-0.0372474,-0.158411,-0.079739,-0.0429893,0.0483663	-0.285624,-0.415042,-0.374118,-0.365588,-0.441554,-0.425973,-0.308239,-0.413641,-0.338762,-0.21439,-0.320315,-0.361822,-0.304585,-0.303874,-0.155256,-0.301839,-0.355942,-0.278448,-0.112102,-0.340605
-0.339995,-0.422062,-0.453118,-0.473983,-0.497213,-0.549731,-0.361281,-0.505628,-0.341482,-0.441944,-0.309695,-0.42754,-0.365349,-0.399737,-0.223145,-0.320565,-0.450537,-0.28083,-0.203813,-0.309595	-0.0559508,-0.0544277,-0.0709595,-0.102433,-0.0445015,-0.137656,-0.0701247,-0.0987558,-0.0340911,-0.216337,-0.0119848,-0.0783993,-0.0844256,-0.105523,-0.0531773,0.0122116,-0.161697,-0.0730552,-0.0976533,0.0366102	-0.289553,-0.376278,-0.394854,-0.39051,-0.462955,-0.445811,-0.298724,-0.428257,-0.311012,-0.249457,-0.29882,-0.361249,-0.289865,-0.307171,-0.172009,-0.331479,-0.311535,-0.212127,-0.108316,-0.342325
-0.35205,-0.437379,-0.449606,-0.446069,-0.518229,-0.560273,-0.388833,-0.479115,-0.339711,-0.431238,-0.276914,-0.41654,-0.362034,-0.405679,-0.217173,-0.320183,-0.452246,-0.36066,-0.200137,-0.315883	-0.0638717,-0.061368,-0.0802133,-0.0849926,-0.0718176,-0.16228,-0.0866708,-0.0812462,-0.00488523,-0.213434,0.0515879,-0.0838127,-0.0985312,-0.143178,-0.0704618,0.00281269,-0.162395,-0.114927,-0.0705856,0.0363814	-0.294807,-0.386382,-0.383213,-0.375305,-0.463668,-0.437798,-0.3127,-0.413984,-0.335382,-0.239882,-0.323875,-0.344763,-0.27325,-0.278688,-0.148991,-0.322706,-0.312826,-0.256358,-0.131408,-0.348262
0.83776,0.854128,0.842717,0.853627,0.864235,0.896558,0.842073,0.833875,0.797286,0.850742,0.824874,0.769998,0.759943,0.866765,0.795535,0.77743,0.778136,0.738513,0.869343,0.895986	0.847611,0.878639,0.818617,0.822196,0.88363,0.890175,0.881007,0.799763,0.829452,0.826831,0.848903,0.737121,0.728488,0.818936,0.766565,0.767345,0.790431,0.833711,0.89728,0.904321	-0.0339823,-0.0982276,0.0777098,0.10542,-0.0820651,0.0316136,-0.150835,0.102407,-0.0949711,0.0806226,-0.080161,0.0760306,0.0704641,0.16483,0.0742492,0.0249986,-0.0319401,-0.247722,-0.127014,-0.0439271
0.787763,0.692326,0.606316,0.383185,0.492303,0.70677,0.665944,0.475796,0.74855,0.432587,0.611032,0.559335,0.590067,0.6687,0.383612,0.805549,0.622356,0.786941,0.70107,0.42514	0.837086,0.728872,0.660265,0.440624,0.561341,0.625822,0.593113,0.338332,0.707764,0.342958,0.592159,0.329187,0.430495,0.654227,0.517778,0.792506,0.70294,0.787684,0.714882,0.525095	-0.144823,-0.0737732,-0.0899636,-0.0691077,-0.0954033,0.145149,0.120378,0.163838,0.0867408,0.105243,0.0295734,0.282087,0.213909,0.0257288,-0.167421,0.0360726,-0.143254,-0.00195425,-0.0276901,-0.128681
-0.012583,0.0272672,0.0361213,0.0797076,0.0471484,-0.0762322,-0.0372969,0.0961413,-0.00495425,0.00242451,0.0142402,-0.045827,0.031369,-0.0223512,0.0453085,-0.0714241,-0.104152,0.00190145,-0.00230828,-0.0926234	-0.35509,-0.381775,-0.519353,-0.51491,-0.487654,-0.574543,-0.420556,-0.501774,-0.305382,-0.373872,-0.386558,-0.586201,-0.454341,-0.476944,-0.242397,-0.414342,-0.333144,-0.341806,-0.232854,-0.410531	0.344044,0.404828,0.545246,0.571175,0.522782,0.521136,0.389367,0.570398,0.300883,0.375956,0.398604,0.555291,0.478885,0.459491,0.28458,0.353375,0.237223,0.343485,0.230669,0.330473
-0.02135,0.0319238,0.058875,0.0809878,0.0425812,-0.05744,-0.0110244,0.106626,0.0498261,-0.00723541,0.0218815,-0.0307277,0.0159661,-0.0473174,0.0327933,-0.0564131,-0.103172,0.0024433,-0.00328621,-0.0841839	-0.349669,-0.387577,-0.511856,-0.516819,-0.492615,-0.569266,-0.398223,-0.493306,-0.316279,-0.381776,-0.389834,-0.581848,-0.469401,-0.479744,-0.23674,-0.413133,-0.344771,-0.341919,-0.229705,-0.405894	0.330788,0.414373,0.554035,0.573791,0.5242,0.529128,0.388906,0.569953,0.360425,0.375578,0.408233,0.561153,0.481757,0.442471,0.267457,0.365232,0.25051,0.344075,0.22659,0.333092
0.0314625,0.0518801,0.0281088,0.0645445,0.0342867,-0.026727,0.00763543,0.0610641,-0.00558367,-0.00192816,-0.00464358,-0.0238307,-0.00863038,-0.0267504,-0.00147277,-0.0741951,-0.13783,-0.0143174,0.0620011,0.187124	-0.31693,-0.383949,-0.515874,-0.496741,-0.455473,-0.533334,-0.366123,-0.495346,-0.317804,-0.353646,-0.351625,-0.590575,-0.443353,-0.473701,-0.249972,-0.411681,-0.358021,-0.363939,-0.14656,-0.235008	0.344952,0.427318,0.536208,0.543849,0.482228,0.513932,0.372717,0.540074,0.312775,0.351958,0.347549,0.574834,0.436392,0.452687,0.248591,0.348119,0.23162,0.351452,0.206683,0.40435
-0.00369435,0.0126256,0.0416138,0.0617274,0.0446984,-0.0322039,0.00860734,0.0828729,0.0147974,-0.0178018,0.0333997,-0.0309468,0.00829697,-0.0359002,0.00304959,-0.0381793,-0.128044,-0.000280661,0.0191917,-0.0781739	-0.357459,-0.39669,-0.525242,-0.512752,-0.477651,-0.549185,-0.38176,-0.498725,-0.321909,-0.389613,-0.332089,-0.57758,-0.396986,-0.461047,-0.232092,-0.417198,-0.317798,-0.346161,-0.19155,-0.394418	0.354232,0.407276,0.554731,0.556855,0.51143,0.526289,0.389089,0.558514,0.33511,0.374408,0.361479,0.556582,0.403952,0.432302,0.234976,0.385154,0.197803,0.345914,0.20997,0.326305
0.133833,0.0173209,-0.00210532,0.0466117,0.0136842,0.0200816,0.162371,0.0404623,0.0238058,-0.0503747,0.129929,0.0454384,-0.217178,0.185951,-0.0349351,0.0504843,0.0491724,0.29612,0.58023,0.247052	0.116725,0.042843,-0.10513,-0.106328,-0.0556088,0.0404825,0.115344,0.0429416,0.117707,-0.00832866,0.154893,-0.135144,-0.226176,0.220023,0.0702999,0.0273268,0.304002,0.130324,0.442752,0.36063	0.0173795,-0.025541,0.103048,0.152185,0.0692403,-0.0204174,0.0479246,-0.00248357,-0.0941646,-0.0420637,-0.0254767,0.17948,0.009463,-0.0355253,-0.104977,0.0231895,-0.258696,0.172452,0.185006,-0.124687
0.135076,0.0169496,0.0068132,0.0857883,-0.0314193,0.0182184,0.14057,0.0779941,0.0138098,-0.0386857,0.1357,-0.118113,-0.226147,0.171385,-0.0929639,0.0908593,0.0237864,0.286637,0.584276,0.24731	0.123638,0.0602787,-0.1222,-0.0950005,-0.0910606,0.0318609,0.127003,0.0598387,0.132773,-0.00716668,0.177197,-0.294831,-0.241536,0.152199,0.0297353,0.0634521,0.279737,0.227154,0.479803,0.364238	0.0116319,-0.0433734,0.128906,0.179327,0.0598124,-0.0136504,0.0138137,0.0182406,-0.119182,-0.0315277,-0.04252,0.183094,0.0162782,0.0197002,-0.122361,0.0275661,-0.257666,0.0636263,0.145169,-0.128503
-0.043684,0.0978101,-0.00157405,0.0664795,0.100747,-0.0638351,-0.0895252,0.179148,0.0475286,-0.0543528,0.0143464,-0.152935,-0.0136255,-0.0203518,-0.00175564,-0.0921485,-0.0888123,-0.0050711,-0.0337402,-0.0244887	-0.40424,-0.336087,-0.55788,-0.543904,-0.488624,-0.548529,-0.415665,-0.406814,-0.242693,-0.362919,-0.381272,-0.564308,-0.427571,-0.474526,-0.357422,-0.424639,-0.362362,-0.348456,-0.268449,-0.417044	0.367037,0.420088,0.556795,0.589083,0.561719,0.502281,0.338746,0.546158,0.286912,0.314775,0.393466,0.450229,0.416372,0.458603,0.35589,0.34603,0.282646,0.343993,0.236854,0.396606
-0.0555421,0.102559,0.0285798,0.0390378,0.0974428,-0.0630919,-0.0764619,0.180527,0.091863,-0.0511149,0.0181409,-0.145593,-0.0557606,-0.0688949,0.00558013,-0.0643483,-0.0874692,-0.00705312,-0.0319942,-0.0264426	-0.40045,-0.342312,-0.548084,-0.557129,-0.490298,-0.553134,-0.399488,-0.398622,-0.261363,-0.361814,-0.387132,-0.563702,-0.463464,-0.489397,-0.340376,-0.414432,-0.374569,-0.35045,-0.262997,-0.420175	0.352753,0.429783,0.56777,0.583477,0.560941,0.507763,0.333204,0.54027,0.344944,0.316554,0.402447,0.455492,0.418519,0.435175,0.345301,0.359676,0.296824,0.344248,0.232963,0.398156
0.0114451,0.103201,0.0155637,0.0343641,0.0758239,-0.0120048,-0.0146725,0.0881649,0.0228501,-0.0549597,0.00409731,-0.0796524,-0.0394941,-0.0691931,-0.014671,-0.0852966,-0.159864,-0.0194104,0.00902501,0.11914	-0.358784,-0.357001,-0.540135,-0.533659,-0.460366,-0.505367,-0.338939,-0.423533,-0.274907,-0.337898,-0.335386,-0.543347,-0.403157,-0.498684,-0.340822,-0.414189,-0.412624,-0.368042,-0.200578,-0.336233	0.368715,0.443849,0.551066,0.557794,0.518105,0.496374,0.325887,0.493279,0.295898,0.288292,0.339017,0.484671,0.369546,0.44484,0.32779,0.340937,0.27061,0.35114,0.209224,0.437835
-0.0259502,0.0766492,0.010574,0.0287519,0.110041,-0.0106873,-0.0332964,0.123733,0.0466812,-0.0642242,0.048732,-0.10466,-0.0194354,-0.0731958,-0.00562311,-0.0633461,-0.147134,0.00739451,-0.0162876,-0.0268085	-0.39964,-0.358598,-0.560059,-0.548131,-0.473335,-0.519151,-0.368251,-0.422536,-0.277428,-0.370563,-0.310916,-0.536344,-0.351757,-0.482355,-0.322526,-0.428691,-0.372268,-0.340725,-0.231142,-0.411528	0.377605,0.423604,0.567274,0.567933,0.554495,0.5113,0.339113,0.519129,0.319965,0.313807,0.35428,0.457357,0.334609,0.424134,0.317478,0.375543,0.23818,0.347245,0.215666,0.389011
0.181302,0.102759,0.0192046,0.0652818,-0.00242569,0.0714369,0.151197,-0.172625,0.057967,-0.0137009,0.16943,0.0376871,-0.265442,0.271633,0.0869377,0.0604091,0.236459,0.378519,0.662,0.657154	0.127745,0.103065,-0.119366,-0.129919,-0.116174,0.15209,0.166139,-0.0779554,0.1888,0.1096,0.210856,0.0236308,-0.184301,0.319776,0.0939663,0.0461023,0.444094,0.203132,0.508289,0.677938	0.0548269,-0.000309919,0.138253,0.193559,0.11378,-0.0815389,-0.0153271,-0.0959612,-0.132281,-0.123116,-0.0429612,0.0140688,-0.0853148,-0.0527225,-0.00708651,0.0143468,-0.231997,0.189996,0.231663,-0.0374836
0.180606,0.111919,0.0338511,0.0992247,-0.0814922,0.0585182,0.108006,-0.157867,0.0462541,-0.0158058,0.195422,-0.0737091,-0.266653,0.244081,0.0270745,0.106171,0.197752,0.376419,0.669957,0.660508	0.132658,0.130522,-0.130675,-0.12141,-0.180541,0.13079,0.157624,-0.0836869,0.205059,0.0941209,0.254866,-0.115792,-0.192248,0.235946,0.0597065,0.0876406,0.409781,0.311963,0.549298,0.685214	0.0491249,-0.0188785,0.163801,0.218009,0.100528,-0.0728287,-0.0504775,-0.0751733,-0.160326,-0.109763,-0.0625603,0.042445,-0.0784262,0.00863299,-0.0326848,0.018704,-0.230726,0.0730322,0.190917,-0.0451317
0.806579,0.885378,0.786958,0.827021,0.785304,0.832679,0.680232,0.771961,0.774505,0.602217,0.774374,0.792851,0.764205,0.670347,0.519632,0.740976,0.798183,0.7907,0.87612,0.876144	0.824233,0.869431,0.777394,0.820276,0.780006,0.815437,0.690955,0.771759,0.701664,0.590771,0.75653,0.784486,0.738929,0.678097,0.549803,0.722947,0.780669,0.792058,0.880228,0.874336	-0.0526689,0.0692666,0.0246349,0.0209717,0.0136728,0.0537132,-0.0202323,0.000501774,0.159543,0.017768,0.0430842,0.0221285,0.0580634,-0.0142081,-0.042239,0.0388305,0.0464715,-0.00363493,-0.0179559,0.00772751
0.38368,0.434632,0.324391,0.377837,0.362867,0.417139,0.292174,0.318533,0.367282,0.463266,0.342168,0.408488,0.430083,0.409526,0.324594,0.405982,0.37369,0.381006,0.260998,0.272817	0.381292,0.403192,0.35371,0.438275,0.4521,0.453562,0.327885,0.355365,0.352407,0.502678,0.425915,0.352877,0.487665,0.405732,0.365822,0.412836,0.376805,0.3567,0.297957,0.229886	0.00279717,0.0381205,-0.0331198,-0.0724325,-0.106745,-0.0449215,-0.0394944,-0.0415339,0.0170864,-0.0513763,-0.0980344,0.0649773,-0.0728638,0.00454953,-0.0467826,-0.00823445,-0.00362594,0.0281291,-0.0400752,0.0458037
0.59606,0.609654,0.544821,0.497509,0.552029,0.579999,0.491825,0.530719,0.550674,0.528334,0.47103,0.439725,0.373479,0.430074,0.302857,0.321539,0.489349,0.545843,0.696086,0.756237	0.575453,0.602394,0.539031,0.522909,0.5823,0.582157,0.496523,0.531994,0.506301,0.521512,0.534401,0.428144,0.496009,0.458623,0.367077,0.280425,0.544848,0.531379,0.727672,0.769027	0.0313663,0.0114744,0.00819764,-0.0343322,-0.0446107,-0.00325841,-0.0062158,-0.00177603,0.0615273,0.00941654,-0.0846887,0.0142671,-0.150389,-0.0355639,-0.0722515,0.0451879,-0.0756753,0.0203726,-0.0640069,-0.0305652
-0.361811,-0.40178,-0.511653,-0.49598,-0.498609,-0.617815,-0.417229,-0.544393,-0.334476,-0.484628,-0.40496,-0.516935,-0.461849,-0.512898,-0.370708,-0.416007,-0.518361,-0.267915,-0.186305,-0.38665	-0.0339948,-0.00289787,-0.0255887,-0.0485182,-0.0470257,-0.16431,-0.0913549,-0.0291274,0.0358622,-0.115254,0.0266054,-0.117798,-0.0241893,-0.0713129,-0.0257349,-0.0921463,-0.166684,-0.0400981,-0.0554285,0.0388717	-0.331899,-0.399347,-0.492513,-0.458496,-0.462426,-0.504743,-0.338787,-0.523567,-0.365949,-0.391226,-0.426965,-0.425018,-0.442604,-0.458349,-0.348296,-0.33677,-0.384936,-0.230291,-0.132242,-0.419221
-0.371591,-0.423675,-0.519281,-0.46579,-0.516796,-0.633956,-0.445996,-0.519926,-0.327476,-0.479246,-0.374956,-0.511453,-0.466837,-0.529388,-0.407658,-0.423632,-0.527867,-0.384856,-0.187828,-0.393707	-0.0384327,-0.020847,-0.0631689,-0.0339637,-0.0698114,-0.205844,-0.109919,-0.0135292,0.0771913,-0.11562,0.0890221,-0.137597,-0.042679,-0.134456,-0.0611055,-0.110147,-0.18564,-0.106942,-0.0275141,0.0352379	-0.337985,-0.406417,-0.471581,-0.438768,-0.463715,-0.492364,-0.353402,-0.509984,-0.39469,-0.384956,-0.448991,-0.402157,-0.43278,-0.425197,-0.355406,-0.32883,-0.379407,-0.289842,-0.161147,-0.423076
0.391466,0.41474,0.316636,0.361925,0.343242,0.425372,0.241605,0.324284,0.302456,0.439954,0.314877,0.411035,0.437919,0.438145,0.320886,0.354967,0.337627,0.374793,0.261988,0.27226	0.372106,0.399761,0.355703,0.42821,0.438027,0.479579,0.26675,0.36171,0.363541,0.490302,0.416114,0.363757,0.520123,0.426909,0.334003,0.379039,0.357877,0.349323,0.294638,0.23117	0.0226612,0.0179562,-0.0440253,-0.0784417,-0.111558,-0.0680989,-0.0268778,-0.0423996,-0.068631,-0.0641955,-0.116502,0.0555898,-0.10645,0.0138211,-0.014692,-0.027814,-0.023033,0.029307,-0.035381,0.0438492
0.595204,0.583953,0.524769,0.477326,0.521856,0.578022,0.506277,0.529751,0.521699,0.514164,0.452096,0.4337,0.397638,0.44859,0.346717,0.279132,0.449074,0.560206,0.6948,0.75115	0.556979,0.593314,0.528791,0.509375,0.557527,0.597981,0.500654,0.531236,0.553385,0.518847,0.533401,0.430465,0.544222,0.469318,0.383813,0.254427,0.521722,0.544418,0.721933,0.765864	0.0571817,-0.0143236,-0.00556734,-0.0423453,-0.0503089,-0.030502,0.00753252,-0.00206698,-0.0445456,-0.00638676,-0.107142,0.00397772,-0.187066,-0.0262567,-0.0427906,0.0265938,-0.0948762,0.0227163,-0.0544415,-0.0346423
-0.356939,-0.408612,-0.513744,-0.484766,-0.488705,-0.620827,-0.395675,-0.555204,-0.384214,-0.491752,-0.397762,-0.522717,-0.458648,-0.511295,-0.353989,-0.419893,-0.53135,-0.272725,-0.191397,-0.38775	-0.0456029,-0.00133764,-0.0227265,-0.0268489,-0.0129819,-0.164807,-0.072553,-0.0494741,0.0275408,-0.126057,0.0486565,-0.11949,-0.00812585,-0.0827594,-0.0186458,-0.0831964,-0.171535,-0.0483136,-0.0658298,0.0397546	-0.316487,-0.407497,-0.496818,-0.463956,-0.47876,-0.507996,-0.332672,-0.520014,-0.407443,-0.389862,-0.437943,-0.43009,-0.452207,-0.44747,-0.337571,-0.348885,-0.3959,-0.227407,-0.12717,-0.421015
-0.367707,-0.430797,-0.517705,-0.448416,-0.504067,-0.634521,-0.422577,-0.535737,-0.374306,-0.482839,-0.372054,-0.506271,-0.477507,-0.525881,-0.394166,-0.427145,-0.54306,-0.384182,-0.190984,-0.395407	-0.0519764,-0.0196372,-0.0543929,-0.0026486,-0.030114,-0.201397,-0.0876764,-0.0430465,0.0723849,-0.119101,0.104461,-0.120537,-0.0475186,-0.142896,-0.0572198,-0.101343,-0.194259,-0.10889,-0.0361885,0.0355236	-0.321882,-0.414667,-0.476737,-0.446297,-0.481259,-0.496583,-0.347786,-0.504321,-0.434907,-0.385931,-0.458688,-0.410803,-0.439972,-0.414104,-0.344721,-0.340544,-0.389937,-0.287311,-0.155873,-0.424962
0.375438,0.35257,0.331706,0.410706,0.372151,0.436056,0.338619,0.4494,0.374071,0.498426,0.364764,0.33415,0.30265,0.387033,0.274127,0.351198,0.240838,0.301755,0.254233,0.227938	0.358115,0.376449,0.297274,0.375092,0.314168,0.401366,0.307672,0.413479,0.344083,0.451917,0.345074,0.376794,0.365726,0.418066,0.296755,0.303156,0.290661,0.311112,0.247664,0.283388	0.0200134,-0.0275329,0.0381991,0.0420996,0.0656603,0.042049,0.0345456,0.0441185,0.0344182,0.0600304,0.022525,-0.0487862,-0.0709267,-0.0370239,-0.0246314,0.0537663,-0.0535731,-0.010327,0.00701022,-0.0592783
-0.320572,-0.408678,-0.497674,-0.489107,-0.433952,-0.575169,-0.379963,-0.517799,-0.364058,-0.461998,-0.371353,-0.508886,-0.461669,-0.480552,-0.337905,-0.399373,-0.520632,-0.263917,-0.119363,-0.359621	0.00939137,0.0230418,-0.0290859,-0.0785613,-0.00173217,-0.113815,-0.0595085,-0.00547477,0.0119289,-0.117278,0.00859238,-0.058243,-0.0696738,-0.0166207,-0.0210533,-0.0724956,-0.172952,-0.0210934,-0.0182349,0.102635	-0.328973,-0.427693,-0.475471,-0.426951,-0.432545,-0.493671,-0.327868,-0.513781,-0.374361,-0.364468,-0.378737,-0.464408,-0.405024,-0.467666,-0.319122,-0.336624,-0.382084,-0.244183,-0.101349,-0.445802
-0.32646,-0.423277,-0.48717,-0.453333,-0.4555,-0.588017,-0.406984,-0.497195,-0.3637,-0.457496,-0.342069,-0.497306,-0.456832,-0.479323,-0.368844,-0.412354,-0.522215,-0.355266,-0.122794,-0.362893	0.0077534,0.0179587,-0.0400059,-0.0556972,-0.0282274,-0.145708,-0.072259,0.00720546,0.0375589,-0.118488,0.0695849,-0.0679156,-0.0694772,-0.0568889,-0.0468463,-0.0962134,-0.17322,-0.056211,0.00770509,0.101574	-0.33337,-0.437907,-0.456052,-0.407936,-0.432838,-0.483757,-0.344867,-0.5026,-0.395851,-0.358439,-0.402083,-0.4444,-0.400053,-0.434276,-0.327659,-0.329201,-0.383703,-0.305149,-0.130376,-0.447955
-0.361339,-0.421472,-0.50087,-0.50243,-0.475994,-0.595966,-0.390817,-0.531076,-0.374967,-0.493655,-0.358332,-0.494135,-0.439211,-0.46688,-0.346892,-0.389184,-0.487095,-0.267492,-0.167309,-0.388566	-0.0223186,-0.01977,-0.00682954,-0.0775708,-0.0268571,-0.125676,-0.0610108,-0.0122029,0.0223482,-0.130943,0.0367471,-0.0676944,-0.0863847,-0.0278149,-0.0477704,-0.0200136,-0.16055,-0.0367901,-0.06171,0.0255014	-0.341777,-0.405077,-0.495736,-0.442089,-0.454953,-0.508367,-0.337862,-0.522258,-0.394014,-0.387778,-0.389944,-0.441199,-0.366741,-0.444841,-0.304162,-0.372068,-0.354248,-0.232994,-0.1067,-0.410005
-0.371991,-0.436667,-0.491455,-0.469906,-0.495004,-0.604758,-0.419417,-0.509068,-0.371363,-0.486357,-0.324176,-0.48087,-0.445891,-0.467931,-0.375867,-0.391753,-0.486193,-0.363536,-0.169262,-0.392741	-0.0300459,-0.0262756,-0.0175955,-0.0594477,-0.0533304,-0.15187,-0.0783961,0.00362161,0.0550739,-0.12735,0.105707,-0.0735945,-0.10223,-0.0708189,-0.0693448,-0.0296987,-0.160512,-0.0781203,-0.0341736,0.0251023	-0.34581,-0.415155,-0.477993,-0.422254,-0.45365,-0.49869,-0.352615,-0.511746,-0.41789,-0.38271,-0.41564,-0.422218,-0.360074,-0.410723,-0.314726,-0.366317,-0.353248,-0.293758,-0.135875,-0.413764
0.834553,0.854067,0.831114,0.852345,0.870454,0.887267,0.831364,0.811147,0.793899,0.829519,0.806346,0.743216,0.701732,0.851059,0.695113,0.754532,0.761867,0.717097,0.870443,0.885297	0.842445,0.878997,0.787447,0.811839,0.882412,0.877463,0.873783,0.78393,0.825739,0.812516,0.82731,0.697982,0.6909,0.784575,0.727174,0.749347,0.772363,0.845191,0.905878,0.889313	-0.0265775,-0.100008,0.126372,0.131498,-0.0515687,0.0442702,-0.155056,0.0747482,-0.0924382,0.0521567,-0.062974,0.0939926,0.021025,0.200084,-0.0648312,0.0119319,-0.0255024,-0.32518,-0.167554,-0.0188814
-0.115519,0.178545,-0.087814,-0.0236948,0.0915527,0.0303694,-0.124147,0.134119,0.14403,-0.086806,-4.01784e-05,-0.186833,-0.0870757,0.00510593,-0.0768062,-0.088956,0.0510882,-0.0236434,-0.0749395,0.133866	-0.890702,-0.765771,-0.849225,-0.740844,-0.750403,-0.856168,-0.817095,-0.665971,-0.781845,-0.65611,-0.762637,-0.800073,-0.770596,-0.820087,-0.640947,-0.900072,-0.771668,-0.862119,-0.791092,-0.690717	0.864093,0.830734,0.822768,0.729963,0.78783,0.86407,0.771176,0.734486,0.832166,0.603687,0.76262,0.721017,0.732683,0.821752,0.593351,0.881711,0.791551,0.855922,0.761284,0.754792
-0.125985,0.179565,-0.0716485,-0.065392,0.0955235,-0.0174873,-0.149597,0.121656,0.123934,-0.068641,-0.00772959,-0.197126,-0.140374,-0.0493864,-0.0457846,-0.0338001,0.0526027,-0.0322956,-0.0682033,0.114279	-0.890246,-0.768611,-0.842685,-0.752602,-0.751062,-0.865589,-0.814748,-0.659411,-0.796978,-0.652307,-0.766611,-0.802349,-0.790219,-0.830276,-0.628806,-0.892743,-0.776025,-0.864227,-0.787251,-0.695166	0.860807,0.833183,0.820581,0.722781,0.789914,0.861137,0.757475,0.723062,0.838128,0.611025,0.763405,0.718932,0.730924,0.814278,0.600303,0.885667,0.796129,0.855818,0.759846,0.749873
-0.0853186,0.135337,-0.0295726,-0.0479051,0.0720415,0.0395141,-0.050768,0.0488796,0.0793469,-0.0826257,0.0177464,-0.098173,-0.0630327,-0.0938503,-0.0198384,-0.0490609,-0.0373595,-0.0175161,-0.134928,-0.14091	-0.882601,-0.787833,-0.835788,-0.737263,-0.737876,-0.846858,-0.785908,-0.682256,-0.803253,-0.6425,-0.746016,-0.783737,-0.756405,-0.835932,-0.623142,-0.893361,-0.796961,-0.866191,-0.788243,-0.714609	0.862209,0.834222,0.826647,0.714597,0.769037,0.857672,0.765691,0.70754,0.829717,0.591263,0.753783,0.74271,0.728086,0.805256,0.610855,0.883002,0.782912,0.861749,0.731068,0.637936
-0.0851691,0.164358,-0.071194,-0.0517394,0.111611,0.0591252,-0.0963138,0.0704942,0.0913499,-0.0727744,0.0319175,-0.130089,-0.0565544,-0.0829947,-0.0134869,-0.104676,-0.0320643,0.0265797,-0.084537,0.0999022	-0.888078,-0.78062,-0.846149,-0.74675,-0.739937,-0.8512,-0.801746,-0.677916,-0.805961,-0.654869,-0.734695,-0.782867,-0.738161,-0.828922,-0.609754,-0.899747,-0.781725,-0.855647,-0.780162,-0.690322	0.868607,0.837523,0.824631,0.722943,0.786587,0.866706,0.764464,0.714276,0.835777,0.611224,0.749048,0.726796,0.711301,0.801036,0.601211,0.877738,0.768934,0.862609,0.744742,0.739243
0.19557,0.233431,0.0515433,0.0255556,-0.0303159,0.151731,-0.0185876,-0.317547,0.103698,0.0579153,0.0873638,-0.00425859,-0.1224,0.218034,0.210722,0.0400372,0.44966,0.27806,0.258428,0.673955	-0.749937,-0.598825,-0.668659,-0.47256,-0.577041,-0.597175,-0.570192,-0.541099,-0.660794,-0.357242,-0.469102,-0.492816,-0.635878,-0.445866,-0.320729,-0.777687,-0.320793,-0.669888,-0.309423,0.300501	0.824571,0.730187,0.696208,0.492172,0.55646,0.686685,0.557513,0.269933,0.715466,0.406742,0.534558,0.489585,0.556816,0.605078,0.497807,0.793032,0.673327,0.799101,0.525805,0.468295
0.18205,0.266512,0.0651955,0.0176188,-0.0899996,0.118625,-0.0649792,-0.347511,0.0961285,0.0358408,0.126698,0.0609373,-0.121326,0.178826,0.220773,0.0616681,0.430538,0.285593,0.26569,0.680809	-0.749791,-0.58492,-0.670622,-0.472935,-0.615667,-0.608743,-0.589571,-0.547774,-0.65659,-0.373641,-0.43492,-0.555129,-0.648282,-0.516823,-0.341827,-0.761476,-0.357176,-0.633484,-0.269687,0.312932	0.819922,0.736604,0.704994,0.4865,0.556503,0.678381,0.545489,0.247347,0.708029,0.404071,0.532288,0.595908,0.571942,0.636795,0.523122,0.786224,0.682726,0.778273,0.499581,0.46747
0.817829,0.876938,0.766499,0.815978,0.78375,0.836847,0.672858,0.747943,0.749812,0.614813,0.758652,0.786254,0.774974,0.689023,0.510873,0.739036,0.816186,0.786898,0.880783,0.880423	0.827278,0.864582,0.772726,0.809935,0.774959,0.832011,0.706786,0.756132,0.720526,0.594004,0.747496,0.787922,0.737483,0.676023,0.528637,0.735166,0.802129,0.788734,0.883986,0.885838	-0.029215,0.0510995,-0.0152734,0.0178222,0.0223916,0.0159194,-0.0646959,-0.018848,0.063701,0.0327799,0.0257709,-0.0043834,0.0875,0.0243355,-0.0243363,0.00847464,0.0407056,-0.0048402,-0.0144665,-0.024604
0.357849,0.4013,0.310369,0.352713,0.350139,0.421498,0.285358,0.29759,0.367957,0.47176,0.338616,0.411981,0.450619,0.423145,0.335279,0.445626,0.449907,0.387826,0.219463,0.114589	0.395075,0.390113,0.333577,0.403254,0.430526,0.490964,0.36022,0.31196,0.352736,0.507834,0.403191,0.371294,0.478544,0.415387,0.333554,0.449663,0.422075,0.349547,0.321259,0.327154	-0.0433549,0.0132638,-0.0258885,-0.0589208,-0.0946557,-0.0875918,-0.0834388,-0.0158403,0.0174916,-0.0474387,-0.0747848,0.0480356,-0.035603,0.00941218,0.00194196,-0.00504911,0.0343556,0.0442812,-0.109517,-0.220844
0.597777,0.60463,0.525508,0.481121,0.535934,0.578688,0.483389,0.502281,0.53844,0.543253,0.441228,0.446016,0.379599,0.447914,0.307499,0.337645,0.547898,0.542211,0.692917,0.75926	0.585151,0.585047,0.522902,0.493844,0.564423,0.610469,0.529079,0.496048,0.510869,0.51744,0.520885,0.443891,0.48771,0.464629,0.332654,0.324767,0.576143,0.525965,0.746179,0.783862	0.0194182,0.0303031,0.00359228,-0.016688,-0.0408438,-0.0491418,-0.0613916,0.00830133,0.0380329,0.0359066,-0.103427,0.00264944,-0.132672,-0.0211073,-0.0280214,0.0144632,-0.0412735,0.0227274,-0.110284,-0.0607677
-0.445474,-0.426403,-0.507139,-0.534752,-0.51754,-0.621554,-0.518671,-0.594638,-0.357008,-0.449666,-0.478684,-0.542883,-0.354606,-0.618227,-0.356411,-0.443015,-0.52924,-0.484953,-0.63762,-0.562531	-0.0231867,-0.0302909,-0.0586143,-0.121705,-0.0927684,-0.0957053,-0.0666134,-0.125964,0.0429347,-0.11265,0.0119658,-0.0869646,-0.0496817,-0.0593489,-0.073194,-0.0231795,-0.042934,-0.0549838,-0.0873468,0.206268	-0.426695,-0.401295,-0.462266,-0.4418,-0.446194,-0.559108,-0.468236,-0.506621,-0.393905,-0.354998,-0.487856,-0.478509,-0.310392,-0.580165,-0.290804,-0.424191,-0.497613,-0.441748,-0.582728,-0.688868
-0.452468,-0.446382,-0.516294,-0.526976,-0.510449,-0.636862,-0.525731,-0.592319,-0.339858,-0.455485,-0.453772,-0.457086,-0.360347,-0.623027,-0.346958,-0.467567,-0.527325,-0.58973,-0.645157,-0.57019	-0.0274259,-0.0490061,-0.0938127,-0.107334,-0.112148,-0.140814,-0.0845655,-0.11,0.0846503,-0.115396,0.0770473,-0.0994228,-0.0672004,-0.131501,-0.102648,-0.0437905,-0.0663671,-0.147183,-0.0432743,0.204067	-0.430383,-0.406263,-0.443985,-0.444801,-0.422486,-0.544915,-0.461691,-0.515935,-0.412637,-0.358956,-0.512888,-0.374691,-0.300421,-0.53539,-0.253333,-0.432635,-0.477676,-0.484611,-0.619169,-0.693557
0.362911,0.382858,0.305002,0.336455,0.329791,0.434799,0.23919,0.304089,0.312221,0.449445,0.313915,0.416537,0.45221,0.445005,0.327172,0.399406,0.419362,0.381357,0.220983,0.114558	0.391014,0.384176,0.321989,0.392062,0.419329,0.510584,0.280862,0.310382,0.327155,0.506284,0.389334,0.374139,0.516934,0.449915,0.308396,0.407341,0.405554,0.341598,0.318811,0.321145	-0.0327499,-0.00154554,-0.0188371,-0.0640559,-0.103907,-0.0974092,-0.044673,-0.00694938,-0.0166332,-0.0735815,-0.0859194,0.0502251,-0.0844699,-0.00613924,0.0208823,-0.00947661,0.0166371,0.045714,-0.105243,-0.214478
0.593405,0.58037,0.510946,0.459818,0.505891,0.583533,0.502636,0.502634,0.522514,0.528691,0.425537,0.442583,0.399866,0.461731,0.346731,0.298307,0.51253,0.556514,0.691877,0.757099	0.571384,0.573506,0.501969,0.47849,0.543365,0.620841,0.514454,0.488114,0.525255,0.523618,0.516424,0.438772,0.543401,0.490821,0.355499,0.289141,0.554972,0.538492,0.741366,0.77612	0.0333175,0.010289,0.0120744,-0.023939,-0.0516804,-0.0585019,-0.0159403,0.0192406,-0.00377739,0.00701439,-0.116485,0.00472994,-0.183382,-0.0376148,-0.0100001,0.010031,-0.0593124,0.0257333,-0.101607,-0.0461232
-0.441728,-0.434671,-0.513793,-0.521998,-0.506675,-0.631849,-0.507927,-0.610043,-0.423454,-0.455949,-0.472777,-0.551125,-0.353617,-0.610413,-0.334044,-0.443851,-0.540004,-0.488995,-0.639309,-0.565056	-0.0266904,-0.0333404,-0.0771727,-0.0996175,-0.0550123,-0.117242,-0.0738366,-0.160232,-0.0254082,-0.11352,0.0266724,-0.101662,-0.0215893,-0.0427329,-0.0526157,-0.0285569,-0.049212,-0.0662666,-0.102129,0.193608	-0.419989,-0.407233,-0.454647,-0.445549,-0.464613,-0.555779,-0.451005,-0.498543,-0.402375,-0.361121,-0.49323,-0.47614,-0.334582,-0.582885,-0.286463,-0.420626,-0.504191,-0.436885,-0.574704,-0.683851
-0.450004,-0.454505,-0.519007,-0.508565,-0.496656,-0.646699,-0.512649,-0.614231,-0.402103,-0.456529,-0.451562,-0.453218,-0.373086,-0.613528,-0.326527,-0.466863,-0.539258,-0.589807,-0.644849,-0.57328	-0.0329466,-0.0524401,-0.106189,-0.0744295,-0.0702834,-0.158238,-0.0880213,-0.156149,0.0206175,-0.108538,0.0848102,-0.0937629,-0.0588233,-0.112584,-0.0858312,-0.048518,-0.0759511,-0.150795,-0.055927,0.190374	-0.423334,-0.411882,-0.436897,-0.451215,-0.441794,-0.544145,-0.444694,-0.506678,-0.419245,-0.366133,-0.516588,-0.375409,-0.321314,-0.538114,-0.247636,-0.428041,-0.483093,-0.481869,-0.610956,-0.688511
0.384161,0.351334,0.31013,0.388276,0.350962,0.451409,0.335903,0.413093,0.360796,0.515753,0.333788,0.346109,0.302634,0.407003,0.270442,0.368122,0.318786,0.296241,0.25782,0.313642	0.335066,0.343327,0.284703,0.349777,0.300017,0.412856,0.305512,0.392585,0.348309,0.453878,0.348501,0.383603,0.380915,0.43072,0.297136,0.351144,0.373988,0.317093,0.208308,0.125155	0.0563481,0.00910471,0.0278896,0.0445497,0.0569403,0.0473839,0.0338673,0.0244781,0.0142822,0.080786,-0.0166495,-0.0432342,-0.0884809,-0.0287589,-0.0290259,0.0194984,-0.0626735,-0.0230131,0.0523212,0.196188
-0.427643,-0.434263,-0.494378,-0.522012,-0.450825,-0.593478,-0.488763,-0.566525,-0.389474,-0.431725,-0.448043,-0.530463,-0.332694,-0.581221,-0.315429,-0.424506,-0.524605,-0.468631,-0.625301,-0.619582	-0.0247107,-0.0286876,-0.054244,-0.137488,-0.0348187,-0.09452,-0.0755766,-0.0694645,0.0188349,-0.112863,0.0142425,-0.0400078,-0.0549952,0.0120857,-0.0194298,0.00157338,-0.00611592,-0.0108964,-0.131499,-0.143646	-0.407236,-0.410692,-0.452262,-0.414255,-0.42264,-0.528611,-0.429034,-0.517422,-0.405336,-0.335194,-0.459355,-0.501089,-0.282874,-0.589168,-0.297825,-0.425795,-0.520158,-0.460084,-0.538044,-0.522433
-0.431963,-0.448442,-0.489186,-0.511415,-0.444098,-0.604776,-0.498249,-0.566002,-0.383749,-0.43788,-0.42349,-0.439126,-0.328285,-0.570377,-0.299987,-0.452243,-0.510468,-0.547957,-0.634909,-0.625851	-0.0266608,-0.0346778,-0.0647819,-0.116516,-0.0596352,-0.128358,-0.0883319,-0.0555069,0.0462091,-0.116165,0.0780031,-0.0459015,-0.0556188,-0.0352995,-0.0430311,-0.0243069,-0.00732928,-0.0568957,-0.0938953,-0.147983	-0.410025,-0.420301,-0.438294,-0.419921,-0.394922,-0.516514,-0.428789,-0.527053,-0.422466,-0.338956,-0.485456,-0.401314,-0.277737,-0.546072,-0.260316,-0.432693,-0.505028,-0.506863,-0.575311,-0.526643
-0.450433,-0.440353,-0.502665,-0.531897,-0.494859,-0.61383,-0.502091,-0.58609,-0.404438,-0.457489,-0.44227,-0.517546,-0.306249,-0.573354,-0.322389,-0.418516,-0.487676,-0.478832,-0.636795,-0.566244	-0.0205864,-0.0331202,-0.0453616,-0.132763,-0.0701416,-0.101613,-0.0797065,-0.098946,0.00728756,-0.108451,0.0010832,-0.0441581,-0.0842309,0.00950877,-0.0502174,0.0182502,-0.0050534,-0.0479677,-0.130067,0.160271	-0.43387,-0.413261,-0.467974,-0.429461,-0.43999,-0.546291,-0.439993,-0.517133,-0.410516,-0.367259,-0.443141,-0.48446,-0.227897,-0.579702,-0.276651,-0.433456,-0.483815,-0.440994,-0.552488,-0.666067
-0.457026,-0.455035,-0.497049,-0.522275,-0.488939,-0.623488,-0.511176,-0.584948,-0.394138,-0.46105,-0.413428,-0.420753,-0.31345,-0.562833,-0.30377,-0.439264,-0.474755,-0.563122,-0.644696,-0.571233	-0.0286062,-0.0399871,-0.0553568,-0.116092,-0.0940434,-0.130787,-0.0970195,-0.0820003,0.0414514,-0.107191,0.0727897,-0.0459936,-0.0995514,-0.0420203,-0.0681236,0.00761838,-0.0080687,-0.104517,-0.08965,0.161807	-0.434095,-0.42274,-0.45419,-0.432401,-0.413928,-0.536445,-0.435768,-0.528288,-0.428587,-0.372256,-0.472014,-0.382155,-0.220788,-0.533429,-0.240626,-0.445392,-0.468481,-0.487284,-0.589094,-0.671018
0.802908,0.848887,0.82256,0.81808,0.900402,0.874604,0.822675,0.773513,0.789816,0.814688,0.756803,0.847523,0.790019,0.82126,0.791691,0.681337,0.791856,0.628946,0.740573,0.857771	0.814037,0.873636,0.791292,0.828093,0.847732,0.862109,0.835193,0.801498,0.807662,0.816292,0.792461,0.61009,0.775402,0.714015,0.739286,0.735132,0.755464,0.77587,0.818151,0.86505	-0.0321263,-0.0957826,0.089564,-0.0310442,0.222517,0.050791,-0.0400051,-0.0736391,-0.0492848,-0.00478726,-0.0890874,0.491647,0.0377288,0.259289,0.126364,-0.107778,0.0905768,-0.286948,-0.19685,-0.0282153
0.822792,0.873031,0.771041,0.825758,0.77292,0.842034,0.700387,0.736325,0.739423,0.621932,0.7693,0.8017,0.803466,0.699309,0.519315,0.735062,0.819505,0.789782,0.883993,0.87906	0.829443,0.860157,0.781465,0.800028,0.765582,0.825406,0.721941,0.740736,0.702095,0.612714,0.754615,0.799085,0.745266,0.667788,0.556187,0.742153,0.805441,0.789374,0.889392,0.875772	-0.020945,0.0516935,-0.0262282,0.0758178,0.0179722,0.0545216,-0.0436003,-0.00970204,0.0776299,0.0148927,0.0350087,0.00727796,0.145065,0.0591381,-0.0518471,-0.0156038,0.0413735,0.00108339,-0.0252523,0.0142896
0.366612,0.379402,0.312335,0.36181,0.33299,0.416529,0.294637,0.292947,0.35574,0.493478,0.335402,0.427998,0.472631,0.445128,0.340713,0.449794,0.467808,0.390687,0.259339,0.17585	0.409913,0.349874,0.35268,0.399784,0.405844,0.48867,0.397791,0.266325,0.319021,0.530653,0.408607,0.425356,0.51085,0.404142,0.371879,0.461618,0.40763,0.353989,0.33806,0.258356	-0.0509591,0.0340479,-0.0453395,-0.0443957,-0.084238,-0.0905787,-0.11685,0.0288758,0.0414205,-0.0503642,-0.0848299,0.00323088,-0.0503838,0.0499759,-0.0356874,-0.0149215,0.074357,0.0425886,-0.0862854,-0.0864334
0.602233,0.586923,0.532861,0.49077,0.510933,0.571081,0.500643,0.495605,0.526944,0.55748,0.434049,0.470779,0.397394,0.467412,0.310536,0.353407,0.566121,0.535114,0.706791,0.753114	0.596575,0.558825,0.535153,0.489732,0.547827,0.610104,0.556277,0.458729,0.480951,0.54061,0.529262,0.491632,0.519983,0.45369,0.372553,0.336733,0.564033,0.531928,0.75482,0.763447	0.00882975,0.0418119,-0.0032068,0.00136573,-0.0512348,-0.0598898,-0.077109,0.0477264,0.0616059,0.0241477,-0.123609,-0.0271329,-0.154518,0.0174157,-0.0701313,0.0189269,0.00306763,0.00445465,-0.102956,-0.0243123
-0.472057,-0.502362,-0.510647,-0.539629,-0.516199,-0.661841,-0.494025,-0.489629,-0.391482,-0.462618,-0.508098,-0.534805,-0.31568,-0.666913,-0.442564,-0.45057,-0.658553,-0.542329,-0.685432,-0.788237	0.00861765,-0.114119,-0.0234486,-0.108984,-0.136567,-0.118324,-0.00496011,-0.179364,-0.0152284,-0.0537243,0.0125308,0.0225035,-0.0108194,-0.0682362,-0.0270806,-0.00117765,-0.0869259,-0.0517744,-0.0453032,0.159583	-0.478727,-0.411854,-0.493103,-0.457554,-0.408425,-0.589698,-0.490267,-0.340136,-0.378511,-0.419315,-0.517335,-0.550681,-0.305905,-0.62722,-0.420524,-0.449631,-0.606338,-0.504727,-0.660643,-0.841916
-0.476669,-0.528802,-0.521676,-0.529123,-0.492331,-0.670849,-0.489026,-0.46926,-0.370503,-0.456954,-0.496632,-0.463547,-0.32775,-0.662029,-0.437449,-0.480119,-0.651547,-0.644124,-0.695523,-0.797434	0.0043071,-0.135957,-0.0598208,-0.0941564,-0.151699,-0.165097,-0.0235162,-0.161766,0.026203,-0.0544818,0.0824006,-0.00403313,-0.0293205,-0.143826,-0.0634294,-0.0230502,-0.114104,-0.154067,0.00914685,0.155354	-0.479991,-0.423276,-0.476733,-0.457773,-0.368125,-0.568743,-0.470925,-0.332753,-0.392892,-0.412748,-0.556268,-0.460375,-0.301326,-0.572737,-0.384694,-0.462184,-0.580608,-0.544048,-0.700215,-0.847763
0.370772,0.360487,0.307463,0.34194,0.311804,0.427341,0.248339,0.298387,0.298125,0.474521,0.310325,0.430679,0.467936,0.46108,0.337681,0.407095,0.437546,0.383738,0.260912,0.175396	0.407495,0.343519,0.337301,0.403975,0.391929,0.518147,0.329358,0.267286,0.299534,0.521061,0.397945,0.430796,0.564988,0.450913,0.333395,0.41186,0.390961,0.347692,0.333493,0.261352	-0.0432588,0.019366,-0.0332906,-0.0719783,-0.0912804,-0.116631,-0.0882359,0.0337972,-0.0015472,-0.0618273,-0.0999642,-0.000143649,-0.131932,0.0128356,0.00482932,-0.00572525,0.0561987,0.0415953,-0.0794987,-0.0900861
0.59666,0.561102,0.519488,0.464462,0.480466,0.572695,0.515995,0.495485,0.51145,0.546222,0.417818,0.465734,0.41195,0.474692,0.353441,0.316685,0.531918,0.548873,0.706401,0.748234	0.58435,0.546037,0.511165,0.489345,0.524743,0.62971,0.549601,0.454173,0.503729,0.538604,0.527855,0.48928,0.591267,0.49146,0.381015,0.293277,0.543872,0.546081,0.748437,0.762002	0.0188991,0.0217196,0.0113316,-0.032202,-0.0592032,-0.0891734,-0.0469102,0.0533075,0.0103997,0.0107931,-0.141171,-0.0304951,-0.237057,-0.0218705,-0.0318645,0.0258046,-0.0168199,0.00398711,-0.0891908,-0.0320307
-0.466836,-0.509217,-0.519511,-0.523025,-0.506317,-0.663251,-0.483333,-0.5035,-0.456781,-0.471354,-0.501452,-0.540775,-0.31576,-0.652029,-0.425515,-0.455054,-0.667979,-0.545434,-0.68732,-0.788382	0.00799526,-0.117309,-0.0486505,-0.0624113,-0.103418,-0.119531,0.00135399,-0.202858,-0.076225,-0.0681935,0.0324099,0.0137707,0.042618,-0.018812,-0.0267069,-0.020917,-0.0958066,-0.0610993,-0.0670645,0.167144	-0.473066,-0.416807,-0.48307,-0.476156,-0.425162,-0.590538,-0.48437,-0.334842,-0.394285,-0.41655,-0.525325,-0.550447,-0.353619,-0.64108,-0.403392,-0.438309,-0.611293,-0.501032,-0.650227,-0.844273
-0.473374,-0.535103,-0.526376,-0.50763,-0.478581,-0.672072,-0.475909,-0.490095,-0.431807,-0.460806,-0.493573,-0.458277,-0.343156,-0.647295,-0.422068,-0.483271,-0.661489,-0.644236,-0.695445,-0.798311	0.00160609,-0.139349,-0.0787583,-0.0369542,-0.11489,-0.161661,-0.0144181,-0.194411,-0.0293244,-0.0610939,0.0954253,0.00789938,0.00398473,-0.095035,-0.0658749,-0.0422369,-0.126533,-0.155073,-0.0113563,0.162092	-0.474619,-0.427642,-0.466977,-0.479674,-0.384852,-0.572626,-0.46468,-0.326823,-0.407645,-0.411291,-0.562505,-0.464494,-0.346667,-0.58846,-0.36638,-0.450224,-0.583822,-0.543456,-0.689534,-0.850366
0.393948,0.315904,0.325608,0.394928,0.317018,0.444716,0.365984,0.391481,0.342021,0.532661,0.32676,0.38448,0.323613,0.417514,0.279921,0.385358,0.326433,0.290551,0.279696,0.25642	0.3454,0.318253,0.288018,0.355905,0.281951,0.410551,0.317392,0.38202,0.332718,0.47848,0.348275,0.407697,0.406705,0.443916,0.3107,0.356926,0.383229,0.322116,0.248768,0.184464	0.0561947,-0.00261152,0.0414795,0.0454056,0.0385087,0.0417958,0.0549779,0.0111246,0.0104983,0.0727135,-0.0242781,-0.0275326,-0.0956858,-0.0324094,-0.0337115,0.0329661,-0.0649166,-0.0348246,0.0332407,0.0755282
-0.457141,-0.498031,-0.499568,-0.531106,-0.441971,-0.635749,-0.475931,-0.444574,-0.424826,-0.445903,-0.48178,-0.529495,-0.293659,-0.619402,-0.408964,-0.432622,-0.642542,-0.522916,-0.674293,-0.810935	-0.00164914,-0.0878213,-0.0423707,-0.11378,-0.0696957,-0.120077,-0.0498673,-0.0858937,-0.013574,-0.0569076,0.00456464,0.0169547,-0.0279828,0.0667608,-0.00803518,0.0142541,0.0168583,-0.00555956,-0.0536277,-0.0480063	-0.455836,-0.428972,-0.467084,-0.444167,-0.384107,-0.558291,-0.436421,-0.372921,-0.413637,-0.399123,-0.485278,-0.541588,-0.267878,-0.658915,-0.402251,-0.444137,-0.652334,-0.518865,-0.643951,-0.793833
-0.459364,-0.519211,-0.497688,-0.519027,-0.415095,-0.640826,-0.472464,-0.426842,-0.418747,-0.441066,-0.472688,-0.453624,-0.293049,-0.601361,-0.396943,-0.464053,-0.622356,-0.601452,-0.686677,-0.818012	-0.00370875,-0.0960897,-0.0533677,-0.0921535,-0.0903288,-0.154756,-0.0616982,-0.0725673,0.0143799,-0.058403,0.0733711,0.00402824,-0.0287745,0.0117968,-0.0353121,-0.0125839,0.0143521,-0.0561067,-0.00198073,-0.0534441	-0.456433,-0.44534,-0.456444,-0.448317,-0.337417,-0.539582,-0.423099,-0.365599,-0.430535,-0.392781,-0.527755,-0.456818,-0.266522,-0.608838,-0.366772,-0.454121,-0.631071,-0.564391,-0.685629,-0.799521
-0.479957,-0.512444,-0.506791,-0.538118,-0.493221,-0.659903,-0.485567,-0.472863,-0.437766,-0.469331,-0.475049,-0.514059,-0.266955,-0.614622,-0.420248,-0.423317,-0.609408,-0.538104,-0.686123,-0.790239	0.00272364,-0.107945,-0.0164045,-0.106137,-0.124017,-0.137711,-0.0322724,-0.124037,-0.0297475,-0.0585366,-0.017205,0.0331379,-0.0612323,0.0584859,-0.0476577,0.0456127,0.0139364,-0.0625299,-0.0869868,0.130835	-0.48205,-0.428185,-0.494497,-0.458148,-0.393259,-0.57439,-0.460511,-0.37056,-0.413402,-0.422399,-0.461617,-0.538032,-0.209142,-0.649752,-0.380205,-0.460047,-0.618094,-0.492133,-0.637164,-0.834767
-0.483331,-0.534231,-0.503997,-0.52573,-0.468774,-0.664239,-0.482902,-0.454252,-0.425782,-0.461291,-0.461575,-0.43424,-0.277795,-0.595672,-0.405776,-0.445942,-0.591645,-0.622038,-0.697637,-0.796916	-0.00591022,-0.117776,-0.0270642,-0.0888727,-0.14256,-0.167875,-0.0496524,-0.10734,0.00479598,-0.0551515,0.0583802,0.0220816,-0.0772294,-0.00110357,-0.0683535,0.0345062,0.00955846,-0.127088,-0.0369341,0.133573	-0.478788,-0.444418,-0.483528,-0.458269,-0.349576,-0.55866,-0.443892,-0.364695,-0.429701,-0.416741,-0.506312,-0.451988,-0.204963,-0.594959,-0.347049,-0.473167,-0.597822,-0.537436,-0.678178,-0.840971
0.794036,0.827265,0.814037,0.803127,0.924266,0.875501,0.843841,0.83429,0.786182,0.822356,0.719266,0.834186,0.807851,0.812507,0.766892,0.676461,0.737857,0.58982,0.69158,0.67608	0.800903,0.872131,0.79002,0.806411,0.828864,0.843503,0.821667,0.821984,0.801245,0.802547,0.790149,0.635696,0.797573,0.661378,0.716993,0.739419,0.663899,0.753241,0.788362,0.712456	-0.0188625,-0.16109,0.0672935,-0.00932245,0.407858,0.122356,0.072313,0.0391642,-0.0407017,0.0582575,-0.164205,0.422579,0.0288981,0.326677,0.110851,-0.125964,0.144976,-0.29407,-0.21281,-0.070179
0.0179855,-0.0965331,-0.0203854,-0.0429922,-0.0593061,0.0368019,-0.115893,0.00927599,-0.130474,-0.0396184,-0.0651563,0.0133448,0.0525521,0.0696111,-0.0317655,-0.141998,-0.115514,-0.0180965,0.0130859,-0.00169754	-0.685138,-0.806817,-0.649931,-0.67973,-0.621933,-0.648389,-0.561816,-0.610704,-0.631578,-0.209986,-0.605545,-0.620639,-0.467863,-0.368728,-0.287134,-0.571194,-0.684545,-0.666729,-0.817039,-0.841562	0.694564,0.770276,0.637998,0.655905,0.584174,0.669222,0.476979,0.616487,0.546105,0.171797,0.562585,0.628776,0.507927,0.42737,0.257719,0.467079,0.61789,0.656554,0.821343,0.841066
-0.0251154,-0.138709,-0.0676908,-0.0602817,-0.0942412,-0.000758998,0.0421648,-0.00440078,-0.0114384,-0.0193734,-0.0438604,-0.0135994,0.0984697,0.0524251,0.0546644,-0.112359,-0.137282,0.0566094,0.0178731,-0.0448144	-0.560339,-0.730839,-0.536514,-0.631662,-0.51781,-0.560382,-0.303602,-0.485486,-0.442129,-0.159236,-0.513929,-0.59593,-0.455374,-0.330823,-0.231962,-0.635541,-0.59258,-0.493218,-0.556862,-0.561369	0.542863,0.658929,0.486491,0.593998,0.445299,0.559861,0.341396,0.482115,0.43288,0.140295,0.480909,0.587089,0.530075,0.376714,0.283037,0.563414,0.495616,0.534892,0.569071,0.529886
0.0191892,-0.0572219,-0.0193605,0.0317555,0.0562107,-0.0609981,0.054546,-0.036279,-0.175301,-0.0356212,0.000844502,-0.0227449,-0.028695,-0.00529854,0.0519452,-0.0201806,-0.0551683,-0.0203919,-0.0311487,-0.00511208	-0.818738,-0.872987,-0.786913,-0.818593,-0.787011,-0.851201,-0.699126,-0.779133,-0.774687,-0.639412,-0.753539,-0.800002,-0.759844,-0.696743,-0.525378,-0.757483,-0.830005,-0.809264,-0.894369,-0.87477	0.824966,0.858659,0.779427,0.828804,0.807499,0.833479,0.725987,0.764463,0.693576,0.617863,0.753904,0.791662,0.747446,0.694007,0.561986,0.748748,0.812019,0.802109,0.887957,0.873565
0.0143008,-0.0579646,-0.00905104,0.0594676,0.0684598,-0.0505166,0.0602351,-0.053691,-0.170213,-0.0254269,-0.0103677,0.0169858,-0.0678144,-0.0037918,0.0485679,-0.0199401,-0.0628639,-0.00355639,-0.0217583,-0.007427	-0.822287,-0.873841,-0.7889,-0.812619,-0.788831,-0.851409,-0.702297,-0.777686,-0.768549,-0.639182,-0.741854,-0.794736,-0.772046,-0.70979,-0.537607,-0.758488,-0.834147,-0.815242,-0.894805,-0.87661	0.826864,0.859407,0.785458,0.831886,0.813366,0.836887,0.731584,0.755543,0.688388,0.623895,0.737156,0.80091,0.743139,0.707903,0.571259,0.749889,0.813965,0.814046,0.890382,0.874879
-0.332066,-0.400391,-0.307713,-0.142259,-0.317042,-0.257475,-0.210495,-0.12179,-0.261318,-0.0642036,-0.180326,-0.128178,-0.12363,-0.0464468,-0.0519928,0.0417165,-0.358518,-0.341966,-0.601682,-0.66965	-0.0415164,-0.115465,-0.0396433,-0.0109323,-0.0983069,-0.0416158,0.0291505,0.163575,-0.0307926,-0.0245909,-0.00478675,-0.0311506,-0.13528,0.0234819,-0.0599773,-0.117923,-0.154093,-0.099899,-0.0432675,0.0254991	-0.294611,-0.298737,-0.27138,-0.131531,-0.225771,-0.218197,-0.238184,-0.279791,-0.232395,-0.0396753,-0.175691,-0.0974166,0.0118487,-0.0698526,0.00800951,0.158858,-0.216379,-0.250629,-0.573341,-0.683478
0.0410498,-0.0112469,0.0301769,0.0424781,0.15287,0.0859522,0.0754448,0.0596063,-0.0402708,0.0451069,0.0788261,-0.00713445,0.0253891,0.0459998,0.0506924,0.030289,-0.00245084,-0.00714096,0.0830293,0.0145802	-0.364433,-0.411526,-0.337942,-0.409636,-0.360253,-0.446868,-0.325885,-0.311583,-0.366923,-0.508776,-0.337275,-0.415376,-0.4689,-0.40713,-0.334139,-0.440832,-0.450234,-0.392529,-0.278111,-0.199868	0.399506,0.402141,0.364402,0.444382,0.486339,0.513112,0.391699,0.364421,0.331552,0.541456,0.405326,0.409455,0.488474,0.4448,0.378422,0.464913,0.448278,0.386472,0.352989,0.213825
0.0432661,0.00144424,0.0510847,0.0490825,0.1503,0.0940995,0.0817138,0.0577681,-0.0543074,0.0451687,0.0765116,0.00438873,0.0454248,0.0665888,0.058648,0.0250032,0.0184826,0.0245576,0.0817619,0.0168524	-0.366305,-0.410065,-0.338323,-0.399374,-0.373386,-0.45374,-0.33147,-0.305889,-0.359081,-0.513304,-0.305946,-0.415815,-0.46656,-0.419231,-0.343972,-0.45193,-0.443611,-0.402672,-0.263906,-0.200772	0.403181,0.411266,0.382791,0.439835,0.495859,0.525406,0.402287,0.357343,0.310835,0.545818,0.37371,0.419439,0.50136,0.472626,0.394659,0.471604,0.458335,0.423046,0.338367,0.21689
-0.015706,-0.0327396,0.0108073,0.00147377,0.0695588,0.0435297,0.0451612,0.018478,-0.0779004,-0.0310451,0.0959248,0.0362485,0.0852775,0.0769488,0.0507745,0.0223678,0.0817819,-0.0180631,0.0547035,0.00280713	-0.598429,-0.608862,-0.545759,-0.522238,-0.559682,-0.603571,-0.518494,-0.517526,-0.548362,-0.57672,-0.451469,-0.4509,-0.420312,-0.433207,-0.332563,-0.328215,-0.5461,-0.563393,-0.728011,-0.752266	0.588252,0.58784,0.553303,0.523309,0.605662,0.630535,0.550759,0.530927,0.491456,0.555623,0.524672,0.479315,0.488095,0.493698,0.376972,0.348027,0.601039,0.550936,0.752737,0.753482
-0.0210553,-0.0171946,0.0382275,0.00390919,0.065309,0.0604772,0.0458784,0.0197748,-0.0879849,-0.0263342,0.103134,0.0520915,0.0879286,0.0947637,0.0636323,0.0316734,0.103679,0.0129066,0.0562994,0.00983738	-0.604307,-0.607352,-0.542317,-0.515911,-0.569819,-0.605863,-0.525015,-0.513314,-0.542677,-0.578137,-0.419523,-0.449522,-0.425548,-0.447221,-0.339722,-0.331847,-0.539836,-0.567911,-0.726383,-0.751847	0.590768,0.596385,0.568754,0.518773,0.61234,0.642788,0.557466,0.527732,0.477491,0.560334,0.500981,0.490136,0.494957,0.519949,0.394819,0.35974,0.609406,0.576592,0.751932,0.756092
0.89933,0.928261,0.928439,0.910658,0.950074,0.95987,0.933423,0.902706,0.851232,0.90372,0.87166,0.882122,0.858333,0.922477,0.850233,0.870874,0.891223,0.880855,0.88886,0.925352	0.895918,0.913313,0.901479,0.920016,0.933786,0.932414,0.9191,0.912704,0.885014,0.903093,0.920255,0.864507,0.843283,0.878654,0.820858,0.853631,0.873439,0.822554,0.917262,0.922097	0.0175638,0.0982119,0.165367,-0.0576964,0.144354,0.261469,0.100802,-0.0567723,-0.136966,0.0034144,-0.245616,0.0741997,0.05449,0.231298,0.0972429,0.0672014,0.0802646,0.211659,-0.153791,0.0221852
-0.322867,-0.356679,-0.278141,-0.115936,-0.262827,-0.264084,-0.220562,-0.120945,-0.24289,-0.0468406,-0.155738,-0.123668,-0.181992,-0.0829029,-0.0937104,0.0974402,-0.295519,-0.359863,-0.599336,-0.663854	-0.0493819,-0.0759774,-0.0273401,0.00808839,-0.0584437,-0.0609816,0.110564,0.159145,0.0508823,0.0106311,0.0327705,-0.0378135,-0.171359,-0.0247761,-0.0376801,-0.0481137,-0.0899317,-0.0924061,-0.0483553,0.0260961	-0.277917,-0.28852,-0.252723,-0.123908,-0.207572,-0.206427,-0.323244,-0.274801,-0.290186,-0.0574431,-0.187552,-0.086258,-0.0109747,-0.0582464,-0.0562288,0.144875,-0.211201,-0.276657,-0.567426,-0.678201
0.0339842,0.00634897,0.0391657,0.0290934,0.123197,0.11293,0.0428308,0.0770453,0.0547332,0.0723401,0.0767611,0.00327047,0.0418828,0.0502126,0.0113146,0.0393251,0.0200212,0.00115091,0.0898368,0.0158448	-0.368425,-0.392152,-0.332181,-0.397196,-0.344623,-0.454277,-0.279637,-0.313291,-0.30093,-0.482568,-0.314787,-0.417508,-0.477372,-0.431609,-0.331455,-0.392665,-0.417436,-0.384199,-0.277512,-0.199479	0.397433,0.397511,0.366577,0.42142,0.448767,0.539528,0.318651,0.381137,0.3499,0.53619,0.38231,0.420205,0.509077,0.471601,0.341489,0.425421,0.433831,0.385179,0.358413,0.214645
0.0379541,0.0191573,0.0555111,0.0251736,0.114887,0.117611,0.0457944,0.0834942,0.0382001,0.0640748,0.0801361,-0.00333388,0.0851313,0.0702775,0.0219677,0.0342297,0.0431926,0.0256426,0.0861942,0.0186911	-0.369608,-0.391113,-0.33368,-0.389214,-0.358777,-0.462484,-0.286095,-0.305588,-0.29326,-0.488488,-0.281526,-0.421995,-0.471256,-0.443125,-0.340724,-0.404177,-0.410482,-0.395619,-0.263868,-0.200481	0.401924,0.407219,0.382113,0.410366,0.454912,0.55017,0.327597,0.379402,0.327788,0.535792,0.353683,0.419251,0.534927,0.497897,0.359997,0.432424,0.445772,0.417031,0.342277,0.218354
-0.0248583,-0.0093856,0.0216986,-0.0123891,0.0356222,0.0749154,0.00787901,0.0388771,0.0389145,0.00114866,0.0939596,0.0470196,0.103181,0.080621,0.0114234,0.0303981,0.103619,-0.00805359,0.0678116,0.00560607	-0.59305,-0.585029,-0.528184,-0.506916,-0.537986,-0.601417,-0.538954,-0.511027,-0.520586,-0.55817,-0.438332,-0.444793,-0.444429,-0.448199,-0.376043,-0.285074,-0.508258,-0.573085,-0.721766,-0.747325	0.576694,0.578822,0.543652,0.497652,0.562822,0.647174,0.544521,0.539191,0.548391,0.558961,0.511237,0.481737,0.5236,0.510378,0.385809,0.312762,0.581265,0.567652,0.752735,0.74979
-0.0276376,0.00618668,0.0428745,-0.0219097,0.024872,0.0874066,0.00477013,0.0504512,0.0252094,-0.00329091,0.107702,0.0437128,0.129368,0.0975505,0.0277851,0.039231,0.127615,0.0149013,0.0648554,0.0138421	-0.598071,-0.583776,-0.526216,-0.50345,-0.549607,-0.605272,-0.546508,-0.503047,-0.514591,-0.561974,-0.40481,-0.44742,-0.447318,-0.461839,-0.381505,-0.288731,-0.501685,-0.579205,-0.720944,-0.747279	0.58002,0.58784,0.556534,0.486911,0.566732,0.657874,0.549845,0.539798,0.532887,0.559718,0.4911,0.481712,0.545139,0.535274,0.404997,0.324288,0.591435,0.589022,0.750699,0.753329
0.897938,0.928918,0.927449,0.90226,0.947226,0.957037,0.929938,0.908491,0.859668,0.900574,0.875725,0.875267,0.867114,0.922438,0.845348,0.871444,0.896857,0.877771,0.888171,0.92549	0.892825,0.913858,0.904674,0.919878,0.934905,0.932775,0.917724,0.911449,0.894465,0.905921,0.919627,0.87218,0.835678,0.879374,0.813195,0.854314,0.876781,0.825426,0.918649,0.921748	0.025782,0.0996667,0.141497,-0.10362,0.107667,0.226119,0.0833311,-0.017201,-0.150596,-0.0290352,-0.225532,0.0130466,0.114159,0.228056,0.102867,0.0670399,0.0939656,0.190027,-0.16557,0.0254623
-0.0514584,-0.0130649,-0.0208064,-0.0410437,-0.0886365,-0.0509745,-0.0386935,-0.0484977,-0.0246138,-0.0734943,0.00514087,0.0395907,0.0546817,0.0267631,-0.000508848,-0.0041645,0.0638333,-0.00688645,-0.0543792,-0.0132535	-0.38736,-0.363876,-0.331342,-0.438379,-0.390727,-0.478505,-0.376056,-0.444611,-0.361289,-0.547088,-0.340623,-0.363616,-0.345997,-0.404304,-0.303163,-0.359906,-0.32249,-0.330257,-0.314728,-0.21955	0.342734,0.352486,0.312691,0.404616,0.312928,0.438219,0.342344,0.404843,0.339696,0.493433,0.34516,0.397485,0.393239,0.426453,0.302701,0.356275,0.378531,0.324108,0.264882,0.206898
-0.0574693,-0.0137211,-0.0202075,-0.0456668,-0.0890988,-0.0462952,-0.0442857,-0.0453387,-0.0186895,-0.0693062,0.0136363,0.0428962,0.0403953,0.0230766,0.00399136,0.0100408,0.061743,-0.0124053,-0.0528274,-0.0124476	-0.393935,-0.365635,-0.335633,-0.433306,-0.402959,-0.485961,-0.38633,-0.436942,-0.346959,-0.54929,-0.302344,-0.365473,-0.357252,-0.423417,-0.311498,-0.36176,-0.322239,-0.350575,-0.299237,-0.219888	0.34426,0.353689,0.31758,0.395465,0.325549,0.449785,0.347998,0.399518,0.330412,0.49898,0.314683,0.402066,0.391991,0.442173,0.315098,0.370455,0.376491,0.339647,0.250367,0.20801
0.891946,0.924461,0.91245,0.901764,0.945506,0.952158,0.923459,0.89732,0.866677,0.899176,0.866,0.874987,0.847574,0.916012,0.834002,0.871723,0.888304,0.872332,0.882418,0.925498	0.890266,0.92007,0.903776,0.916628,0.924241,0.929923,0.913408,0.906255,0.887391,0.898066,0.916118,0.866669,0.847349,0.885966,0.811198,0.849847,0.887303,0.840054,0.910465,0.92423	0.00815543,0.0293864,0.0494667,-0.0857097,0.168602,0.194079,0.064225,-0.0478282,-0.0897023,0.00576249,-0.242538,0.0344204,0.00079769,0.159442,0.0705016,0.084409,0.00472913,0.120804,-0.142668,0.00876348
0.898546,0.925933,0.915218,0.90773,0.949503,0.953568,0.92883,0.901149,0.863447,0.903256,0.858519,0.869895,0.849688,0.91347,0.835256,0.863078,0.876786,0.874623,0.887149,0.924534	0.891831,0.920951,0.907193,0.918682,0.929504,0.93549,0.914623,0.912073,0.888998,0.905803,0.916285,0.86426,0.836118,0.880059,0.816466,0.854121,0.87432,0.837419,0.916227,0.924013	0.0338011,0.0338312,0.0472815,-0.0659465,0.170308,0.167477,0.0944179,-0.0613428,-0.109946,-0.014006,-0.270756,0.0227046,0.046865,0.170386,0.0590804,0.0340795,0.0105663,0.139043,-0.155352,0.00357281
