APHP	APLP	GH	96.0463	97.4695	296.318	271.289	227.608	-143.459	72.7325	26.9471	-142.263
APHP	APLP	GL	108.855	99.4465	301.274	327.226	227.608	-132.662	125.432	35.23	-142.263
APHP	APLP	MADHP	1129.93	179.654	97.3195	902.954	227.567	804.488	985.367	1260.31	-142.263
APHP	APLP	MADLP	1130.47	178.376	96.8231	883.461	227.608	806.567	965.405	1261.72	-142.263
APHP	APLP	OH	891.141	149.839	142.656	114.458	227.608	596.435	120.699	976.202	-142.263
APHP	APLP	OL	1102.3	169.981	102.758	489.272	227.608	787.228	556.331	1227.03	-142.263
APHP	APLP	TACHP	112.785	99.6407	290.971	304.48	227.608	-130.284	113.94	49.3592	-142.263
APHP	APLP	TACLP	91.3731	95.6126	297.745	383.33	227.608	-146.093	181.265	20.7704	-142.263
APHP	GH	GL	79.7192	68.8878	345.091	327.226	271.289	-132.662	50.6578	5.58377	-143.459
APHP	GH	MADHP	1123.53	171.827	95.6505	902.954	271.289	804.488	978.775	1299.34	-143.459
APHP	GH	MADLP	1124.58	171.061	93.985	883.461	271.289	806.567	960.564	1302.23	-143.459
APHP	GH	OH	880.759	138.033	148.489	114.458	271.289	596.435	103.205	1003.65	-143.459
APHP	GH	OL	1094.07	160.332	104.154	489.272	271.289	787.228	545.104	1261.46	-143.459
APHP	GH	TACHP	96.9	82.3328	296.797	304.48	271.289	-130.284	89.9684	71.5438	-143.459
APHP	GH	TACLP	77.31	80.1263	302.356	383.33	271.289	-146.093	161.077	46.8163	-143.459
APHP	GL	MADHP	1120	179.13	104.823	902.954	327.226	804.488	976.765	1342.03	-132.662
APHP	GL	MADLP	1123.27	180.578	100.316	883.461	327.226	806.567	963.482	1349.65	-132.662
APHP	GL	OH	876.755	144.861	158.011	114.458	327.226	596.435	100.088	1045.51	-132.662
APHP	GL	OL	1090.48	167.565	114.084	489.272	327.226	787.228	542.553	1303.08	-132.662
APHP	GL	TACHP	100.075	96.3395	297.872	304.48	327.226	-130.284	102.945	129.384	-132.662
APHP	GL	TACLP	79.003	92.6507	305.311	383.33	327.226	-146.093	170.93	100.822	-132.662
APHP	MADHP	MADLP	103.341	101.522	982.245	883.461	902.954	806.567	1.86806	24.7911	804.488
APHP	MADHP	OH	182.057	391.032	599.372	114.458	902.954	596.435	-93.3687	486.077	804.488
APHP	MADHP	OL	161.152	179.11	765.796	489.272	902.954	787.228	-97.2501	298.848	804.488
APHP	MADHP	TACHP	173.748	1110.88	99.8191	304.48	902.954	-130.284	1316.59	976.573	804.488
APHP	MADHP	TACLP	167.139	1121.66	96.9801	383.33	902.954	-146.093	1408.69	972.913	804.488
APHP	MADLP	OH	181.593	392.387	597.063	114.458	883.461	596.435	-90.0498	467.437	806.567
APHP	MADLP	OL	160.641	180.417	765.256	489.272	883.461	787.228	-94.9717	278.307	806.567
APHP	MADLP	TACHP	173.417	1112.37	98.5689	304.48	883.461	-130.284	1319.74	958.844	806.567
APHP	MADLP	TACLP	167.122	1123.46	94.904	383.33	883.461	-146.093	1412.36	956.245	806.567
APHP	OH	OL	399.173	208.155	537.977	489.272	114.458	787.228	160.033	-24.3295	596.435
APHP	OH	TACHP	142.962	871.12	147.728	304.48	114.458	-130.284	1028.59	109.805	596.435
APHP	OH	TACLP	134.305	879.847	145.854	383.33	114.458	-146.093	1117.76	103.095	596.435
APHP	OL	TACHP	162.256	1081.43	106.697	304.48	489.272	-130.284	1279.76	544.651	787.228
APHP	OL	TACLP	155.532	1092.09	104.674	383.33	489.272	-146.093	1371.12	539.91	787.228
APHP	TACHP	TACLP	52.7486	70.1321	368.468	383.33	304.48	-146.093	85.182	-10.0842	-130.284
APLP	GH	GL	81.1419	73.2901	147.666	125.432	72.7325	35.23	50.6578	5.58377	26.9471
APLP	GH	MADHP	1301.61	68.7268	74.8848	985.367	72.7325	1260.34	978.775	1299.34	26.9471
APLP	GH	MADLP	1302.16	68.2346	72.7114	965.405	72.7325	1261.72	960.564	1302.23	26.9471
APLP	GH	OH	1017.34	68.584	86.2226	120.699	72.7325	976.202	103.205	1003.65	26.9471
APLP	GH	OL	1266.09	66.2796	77.3246	556.331	72.7325	1227.03	545.104	1261.46	26.9471
APLP	GH	TACHP	106.42	84.3346	107.468	113.94	72.7325	49.3592	89.9684	71.5438	26.9471
APLP	GH	TACLP	80.8249	86.9256	107.023	181.265	72.7325	20.7704	161.077	46.8163	26.9471
APLP	GL	MADHP	1301.5	76.4724	84.4997	985.367	125.432	1260.34	976.765	1342.03	35.23
APLP	GL	MADLP	1304.35	78.2795	79.5713	965.405	125.432	1261.72	963.482	1349.65	35.23
APLP	GL	OH	1016.5	75.5905	95.9229	120.699	125.432	976.202	100.088	1045.51	35.23
APLP	GL	OL	1265.99	74.029	87.7704	556.331	125.432	1227.03	542.553	1303.08	35.23
APLP	GL	TACHP	111.661	97.4279	107.63	113.94	125.432	49.3592	102.945	129.384	35.23
APLP	GL	TACLP	84.4518	98.4043	108.932	181.265	125.432	20.7704	170.93	100.822	35.23
APLP	MADHP	MADLP	98.7407	97.704	1059.98	965.405	985.367	1261.72	1.86806	24.7911	1260.34
APLP	MADHP	OH	143.603	427.731	643.253	120.699	985.367	976.202	-93.3687	486.077	1260.34
APLP	MADHP	OL	144.144	177.213	831.123	556.331	985.367	1227.03	-97.2501	298.848	1260.34
APLP	MADHP	TACHP	70.0174	1280.82	78.4237	113.94	985.367	49.3592	1316.59	976.573	1260.34
APLP	MADHP	TACLP	62.3365	1301.32	74.5127	181.265	985.367	20.7704	1408.69	972.913	1260.34
APLP	MADLP	OH	143.88	429.044	640.903	120.699	965.405	976.202	-90.0498	467.437	1261.72
APLP	MADLP	OL	144.503	178.61	830.672	556.331	965.405	1227.03	-94.9717	278.307	1261.72
APLP	MADLP	TACHP	70.0975	1281.93	76.8028	113.94	965.405	49.3592	1319.74	958.844	1261.72
APLP	MADLP	TACLP	62.8176	1302.84	72.1533	181.265	965.405	20.7704	1412.36	956.245	1261.72
APLP	OH	OL	428.775	177.716	574.761	556.331	120.699	1227.03	160.033	-24.3295	976.202
APLP	OH	TACHP	74.4038	1001.08	86.3531	113.94	120.699	49.3592	1028.59	109.805	976.202
APLP	OH	TACLP	63.8523	1018.71	82.5845	181.265	120.699	20.7704	1117.76	103.095	976.202
APLP	OL	TACHP	68.1475	1245.88	79.811	113.94	556.331	49.3592	1279.76	544.651	1227.03
APLP	OL	TACLP	60.2642	1266.18	76.6296	181.265	556.331	20.7704	1371.12	539.91	1227.03
APLP	TACHP	TACLP	49.3906	77.5763	173.779	181.265	113.94	20.7704	85.182	-10.0842	49.3592
GH	GL	MADHP	1355.34	62.0941	63.9633	978.775	50.6578	1299.34	976.765	1342.03	5.58377
GH	GL	MADLP	1358.5	62.5337	59.3487	960.564	50.6578	1302.23	963.482	1349.65	5.58377
GH	GL	OH	1062.63	64.992	67.6857	103.205	50.6578	1003.65	100.088	1045.51	5.58377
GH	GL	OL	1317.07	61.7725	64.4688	545.104	50.6578	1261.46	542.553	1303.08	5.58377
GH	GL	TACHP	148.025	82.5499	69.6183	89.9684	50.6578	71.5438	102.945	129.384	5.58377
GH	GL	TACLP	121.469	81.1436	71.5745	161.077	50.6578	46.8163	170.93	100.822	5.58377
GH	MADHP	MADLP	98.2859	95.5679	1053.37	960.564	978.775	1302.23	1.86806	24.7911	1299.34
GH	MADHP	OH	139.321	434.93	632.813	103.205	978.775	1003.65	-93.3687	486.077	1299.34
GH	MADHP	OL	141.35	179.306	822.171	545.104	978.775	1261.46	-97.2501	298.848	1299.34
GH	MADHP	TACHP	62.093	1289.87	64.3413	89.9684	978.775	71.5438	1316.59	976.573	1299.34
GH	MADHP	TACLP	55.5472	1308.47	61.5654	161.077	978.775	46.8163	1408.69	972.913	1299.34
GH	MADLP	OH	138.274	436.6	630.82	103.205	960.564	1003.65	-90.0498	467.437	1302.23
GH	MADLP	OL	140.294	180.968	821.985	545.104	960.564	1261.46	-94.9717	278.307	1302.23
GH	MADLP	TACHP	61.0441	1291.54	63.2727	89.9684	960.564	71.5438	1319.74	958.844	1302.23
GH	MADLP	TACLP	54.778	1310.42	59.6369	161.077	960.564	46.8163	1412.36	956.245	1302.23
GH	OH	OL	434.139	176.487	562.487	545.104	103.205	1261.46	160.033	-24.3295	1003.65
GH	OH	TACHP	73.0311	1005.2	67.3417	89.9684	103.205	71.5438	1028.59	109.805	1003.65
GH	OH	TACLP	63.4844	1020.8	64.5779	161.077	103.205	46.8163	1117.76	103.095	1003.65
GH	OL	TACHP	62.656	1252.47	63.2744	89.9684	545.104	71.5438	1279.76	544.651	1261.46
GH	OL	TACLP	55.8304	1270.8	61.1508	161.077	545.104	46.8163	1371.12	539.91	1261.46
GH	TACHP	TACLP	48.6873	73.8363	149.942	161.077	89.9684	46.8163	85.182	-10.0842	71.5438
GL	MADHP	MADLP	104.823	97.0509	1058.04	963.482	976.765	1349.65	1.86806	24.7911	1342.03
GL	MADHP	OH	142.825	439.257	634.447	100.088	976.765	1045.51	-93.3687	486.077	1342.03
GL	MADHP	OL	145.393	184.176	824.345	542.553	976.765	1303.08	-97.2501	298.848	1342.03
GL	MADHP	TACHP	71.3601	1284.33	71.7391	102.945	976.765	129.384	1316.59	976.573	1342.03
GL	MADHP	TACLP	64.2313	1305.72	68.3803	170.93	976.765	100.822	1408.69	972.913	1342.03
GL	MADLP	OH	139.048	443.253	634.779	100.088	963.482	1045.51	-90.0498	467.437	1349.65
GL	MADLP	OL	141.523	188.078	826.399	542.553	963.482	1303.08	-94.9717	278.307	1349.65
GL	MADLP	TACHP	67.518	1288.26	72.9315	102.945	963.482	129.384	1319.74	958.844	1349.65
GL	MADLP	TACLP	60.7033	1309.96	68.7472	170.93	963.482	100.822	1412.36	956.245	1349.65
GL	OH	OL	438.218	180.568	563.872	542.553	100.088	1303.08	160.033	-24.3295	1045.51
GL	OH	TACHP	83.022	999.563	74.6389	102.945	100.088	129.384	1028.59	109.805	1045.51
GL	OH	TACLP	72.5334	1017.59	70.9332	170.93	100.088	100.822	1117.76	103.095	1045.51
GL	OL	TACHP	73.1516	1247.34	71.0737	102.945	542.553	129.384	1279.76	544.651	1303.08
GL	OL	TACLP	65.7005	1268.4	68.3246	170.93	542.553	100.822	1371.12	539.91	1303.08
GL	TACHP	TACLP	48.085	76.5966	162.271	170.93	102.945	100.822	85.182	-10.0842	129.384
MADHP	MADLP	OH	583.232	121.643	117.979	-93.3687	1.86806	486.077	-90.0498	467.437	24.7911
MADHP	MADLP	OL	400.044	125.784	123.936	-97.2501	1.86806	298.848	-94.9717	278.307	24.7911
MADHP	MADLP	TACHP	1054.63	101.801	99.0631	1316.59	1.86806	976.573	1319.74	958.844	24.7911
MADHP	MADLP	TACLP	1049.18	100.115	96.2378	1408.69	1.86806	972.913	1412.36	956.245	24.7911
MADHP	OH	OL	252.672	440.001	183.136	-97.2501	-93.3687	298.848	160.033	-24.3295	486.077
MADHP	OH	TACHP	633.797	142.553	430.224	1316.59	-93.3687	976.573	1028.59	109.805	486.077
MADHP	OH	TACLP	628.546	141.072	431.755	1408.69	-93.3687	972.913	1117.76	103.095	486.077
MADHP	OL	TACHP	823.302	144.73	181.056	1316.59	-97.2501	976.573	1279.76	544.651	298.848
MADHP	OL	TACLP	817.442	142.639	179.897	1408.69	-97.2501	972.913	1371.12	539.91	298.848
MADHP	TACHP	TACLP	41.9824	45.7523	1368.76	1408.69	1316.59	972.913	85.182	-10.0842	976.573
MADLP	OH	OL	250.55	439.695	184.678	-94.9717	-90.0498	278.307	160.033	-24.3295	467.437
MADLP	OH	TACHP	632.274	141.956	432.365	1319.74	-90.0498	958.844	1028.59	109.805	467.437
MADLP	OH	TACLP	627.446	139.759	434.32	1412.36	-90.0498	956.245	1117.76	103.095	467.437
MADLP	OL	TACHP	823.761	144.298	183.362	1319.74	-94.9717	958.844	1279.76	544.651	278.307
MADLP	OL	TACLP	818.352	141.519	182.655	1412.36	-94.9717	956.245	1371.12	539.91	278.307
MADLP	TACHP	TACLP	41.886	44.5164	1371.41	1412.36	1319.74	956.245	85.182	-10.0842	958.844
OH	OL	TACHP	563.596	429.559	178.215	1028.59	160.033	109.805	1279.76	544.651	-24.3295
OH	OL	TACLP	558.399	431.145	177.719	1117.76	160.033	103.095	1371.12	539.91	-24.3295
OH	TACHP	TACLP	43.3467	50.1296	1082.46	1117.76	1028.59	103.095	85.182	-10.0842	109.805
OL	TACHP	TACLP	40.6404	45.3423	1331.1	1371.12	1279.76	539.91	85.182	-10.0842	544.651
