APHP	APLP	GH	7719.75	4329.03	4467.32	5437.43	3731.85	1436.55	5303.94	6991.99	-1957.19
APHP	APLP	GL	7433.09	4311.27	4635.11	13905	3730.96	1160.95	13583.9	6546.5	-1957
APHP	APLP	MADHP	10589.1	3827.54	3546.45	11630.9	3729.68	4817.3	11913.5	10780.6	-1956.31
APHP	APLP	MADLP	10588.7	3814.28	3560.12	10953.8	3730.71	4828.7	11213.3	10763.2	-1958
APHP	APLP	OH	10379.7	3825.57	3627.56	4549.33	3729.82	4606.69	4742.05	10481	-1957.86
APHP	APLP	OL	10409.6	3866.22	3612.75	6805.14	3730.91	4595.67	7054.64	10533	-1957
APHP	APLP	TACHP	7928.06	4156.76	4466.63	9388.85	3730.85	1804.34	9080.52	7197.42	-1958.37
APHP	APLP	TACLP	7891.91	4158.47	4504.25	16404	3731.87	1759.56	16057.1	7125.79	-1957.94
APHP	GH	GL	3203.33	3472.23	9557.84	13905	5438.81	1158.87	7819.72	-924.66	1436.96
APHP	GH	MADHP	8085.78	4714.94	4422.05	11629.9	5438	4815.67	11921.6	9096.7	1435.52
APHP	GH	MADLP	8120.25	4736.51	4383.99	10954.5	5438.09	4828.45	11302.5	9171.48	1438.41
APHP	GH	OH	7922.36	4758.99	4478.55	4549.81	5438.81	4605.83	4827.7	8880.57	1434.4
APHP	GH	OL	7979.34	4826.67	4416.11	6805.14	5438.67	4595.23	7222.74	9000.81	1437.67
APHP	GH	TACHP	5371	4990.42	5922.49	9380.7	5438.25	1804.29	8455.71	4890.88	1435.09
APHP	GH	TACLP	5356.35	5013.63	5933.66	16402.4	5438.9	1756.43	15483.5	4862.45	1432.71
APHP	GL	MADHP	8295.52	4655.78	4269.28	11630.5	13905	4818.7	12018.4	17920.3	1158.92
APHP	GL	MADLP	8342.14	4689.5	4219.16	10955.6	13905	4827.56	11424.3	18017	1158.87
APHP	GL	OH	8091.27	4659	4358.71	4550.68	13905	4609.55	4849.27	17627.7	1160.62
APHP	GL	OL	8126.63	4705.05	4322.58	6805.14	13905	4596.85	7199.75	17698.3	1163.33
APHP	GL	TACHP	5609.84	4960.35	5750.31	9383.55	13905	1804.23	8600.15	13759.7	1160.17
APHP	GL	TACLP	5612.67	5001.06	5727.95	16401.9	13905	1758.79	15675.9	13786	1158.61
APHP	MADHP	MADLP	3015.77	3002.87	12629.1	10954.5	11629.6	4827.61	1308.3	2014.5	4817.64
APHP	MADHP	OH	4256.77	4464.23	8788.02	4550.68	11629.9	4608.95	230.406	7093.22	4819.11
APHP	MADHP	OL	3922.1	4140.27	9642.55	6805.14	11630.9	4596.7	1317.02	5905.11	4819.5
APHP	MADHP	TACHP	4971.92	7962.18	4350.07	9384.28	11629.9	1805.84	13000.2	12247.1	4818.09
APHP	MADHP	TACLP	4935.31	7963.43	4348.35	16404	11629.9	1757.89	20019.4	12212.1	4816.41
APHP	MADLP	OH	4220.85	4441.22	8875.75	4549.68	10958.1	4608.04	115.254	6286.35	4828.09
APHP	MADLP	OL	3887.19	4118.26	9745.9	6805.14	10953.9	4595.78	1184.31	5079.28	4828.68
APHP	MADLP	TACHP	4997.66	8000.82	4301.55	9383.48	10953.2	1803.81	13079.3	11644.5	4827.89
APHP	MADLP	TACLP	4947.8	7988.82	4324.77	16404.4	10957	1762.11	20069	11578.9	4829.25
APHP	OH	OL	4387.73	4398.43	8637.59	6805.14	4549.68	4595.14	2565.04	303.69	4608.22
APHP	OH	TACHP	5022.62	7805.41	4407.41	9389.27	4548.81	1804.85	12788.4	5166.36	4608.85
APHP	OH	TACLP	4992.18	7812.83	4429.47	16404.9	4550.68	1756.19	19790.8	5120.2	4604.83
APHP	OL	TACHP	5091.44	7863.53	4344.6	9393.08	6805.14	1801.53	12912.8	7552.82	4593.3
APHP	OL	TACLP	5035.67	7845.63	4376.62	16405.6	6805.14	1757.21	19877.1	7458.83	4593.38
APHP	TACHP	TACLP	2307.63	2345.5	12231.1	16403	9385.48	1760.21	6519.62	-550.815	1806.63
APLP	GH	GL	3169.49	3623.94	9385.72	13583.9	5304.63	6548.07	7819.72	-924.654	6992.87
APLP	GH	MADHP	8292.15	4501.92	4490.13	11912.5	5304.21	10779.1	11921.6	9096.84	6989.12
APLP	GH	MADLP	8314.77	4538.58	4440.21	11213.5	5304.54	10760.7	11301.9	9170.59	6989.67
APLP	GH	OH	8100.26	4600.59	4518.15	4742.05	5303.66	10483	4827.14	8879.65	6992.41
APLP	GH	OL	8172.93	4628.5	4471.41	7054.64	5304.03	10533.5	7222.74	8999.06	6991.9
APLP	GH	TACHP	5371.02	5162.01	5784.21	9077.12	5304.99	7196.11	8458.96	4891.26	6988.83
APLP	GH	TACLP	5361.01	5225.78	5800.04	16058.9	5304.55	7127.63	15486.8	4861.78	6990.82
APLP	GL	MADHP	8646.65	4401.96	4296.56	11912.5	13583.9	10782.2	12017.7	17920.3	6546.74
APLP	GL	MADLP	8680.94	4450.3	4234.12	11212.8	13583.9	10761.2	11421.6	18017	6547.09
APLP	GL	OH	8394.26	4440.14	4337.86	4742.55	13583.9	10481.9	4848.27	17627.7	6546.75
APLP	GL	OL	8445.63	4446.75	4317.74	7054.64	13583.9	10534	7199.75	17698.3	6547.1
APLP	GL	TACHP	5721.43	5057.97	5538.05	9074.87	13583.9	7195.94	8601.91	13759.7	6545.66
APLP	GL	TACLP	5727.4	5137.72	5518.84	16054.4	13583.9	7126.71	15676.7	13786	6546.29
APLP	MADHP	MADLP	2964.17	2978.21	12858.6	11214.1	11912.7	10761.5	1307.61	2015.51	10780.3
APLP	MADHP	OH	4162.13	4452.69	8974.49	4742.51	11913.5	10486.4	229.406	7093.63	10785.3
APLP	MADHP	OL	3847.37	4093.17	9848.92	7054.64	11912.2	10531.9	1317.02	5903.78	10780.7
APLP	MADHP	TACHP	4696.91	8278.13	4356.15	9078.06	11913.5	7194.42	13001.5	12248.1	10778.9
APLP	MADHP	TACLP	4654.92	8309.92	4349.06	16059.6	11912.5	7127.54	20022.3	12212.1	10782.4
APLP	MADLP	OH	4144.13	4420.65	9053.19	4742.8	11215.4	10479.3	115.795	6285.06	10759.5
APLP	MADLP	OL	3831.13	4062.88	9943.99	7054.64	11212.9	10532	1184.31	5079.45	10761.7
APLP	MADLP	TACHP	4741.33	8308.51	4299.37	9088.84	11213.1	7197.41	13098.9	11645.8	10761.9
APLP	MADLP	TACLP	4689.67	8330.63	4320.8	16057.3	11212.8	7128.04	20066.4	11576.1	10764.2
APLP	OH	OL	4355.35	4310.58	8803.21	7054.64	4742.51	10535.1	2565.04	303.69	10484.8
APLP	OH	TACHP	4808.68	8099.34	4391.48	9075.93	4741.8	7198.13	12789.2	5166.61	10483.5
APLP	OH	TACLP	4775.41	8139.85	4410.72	16056.4	4742.76	7130.63	19788.5	5119.23	10486.6
APLP	OL	TACHP	4843.61	8179.04	4350.24	9073.68	7054.64	7199.21	12899.7	7552.82	10535.1
APLP	OL	TACLP	4784.23	8193.44	4378.66	16058	7054.64	7128.04	19875.5	7458.83	10534.5
APLP	TACHP	TACLP	2348.92	2422.69	11962.5	16058.1	9073.73	7128.21	6521.17	-552.874	7198.42
GH	GL	MADHP	12845.5	2827.23	2733.61	11922.6	7819.72	9096.84	12018.7	17920.3	-924.127
GH	GL	MADLP	12916.7	2825.97	2708.15	11304.2	7819.72	9171.48	11424.2	18017	-924.66
GH	GL	OH	12652.9	2854.54	2834.7	4826.7	7819.72	8880.15	4847.27	17627.7	-925.077
GH	GL	OL	12738.8	2821.09	2849.18	7222.74	7819.72	8999.7	7199.75	17698.3	-925.21
GH	GL	TACHP	9278.88	3475.85	3333.74	8458.06	7819.72	4890.76	8602.52	13759.7	-924.654
GH	GL	TACLP	9284.51	3507.31	3314.18	15486.3	7819.72	4860.78	15680.3	13786	-925.738
GH	MADHP	MADLP	2982.76	2910.23	12889	11301.2	11921.6	9171.89	1307.43	2014.83	9096.76
GH	MADHP	OH	4173.96	4393.87	8998.11	4827.5	11921.6	8880.9	229.522	7093.22	9097.28
GH	MADHP	OL	3903.62	4004.12	9916.96	7222.74	11921.3	9001.73	1317.02	5904.28	9097.84
GH	MADHP	TACHP	4505.32	8720.54	4176.35	8460.98	11921.6	4891.68	13006	12247.1	9097.17
GH	MADHP	TACLP	4477.52	8718.57	4183.46	15485.6	11922.6	4862.45	20020.2	12213.1	9096.84
GH	MADLP	OH	4103.75	4396.2	9111.17	4826.25	11303.6	8880.07	114.004	6286.04	9170.98
GH	MADLP	OL	3830.69	4003.72	10041.9	7222.74	11303.6	8999.73	1184.31	5080.66	9170.98
GH	MADLP	TACHP	4488.95	8776.7	4145.36	8461.36	11302.9	4891.71	13088.7	11646	9170.59
GH	MADLP	TACLP	4444.74	8758.32	4174.24	15485	11302	4862.45	20068.7	11575.5	9171.06
GH	OH	OL	4386.71	4267.29	8917.01	7222.74	4827.7	9000.28	2565.04	304.44	8880.57
GH	OH	TACHP	4548.91	8544.21	4214.15	8460.57	4827.56	4889.76	12790.5	5167.29	8880.32
GH	OH	TACLP	4522.64	8543.77	4240.38	15484.7	4826.95	4862.45	19789.4	5118.45	8879.57
GH	OL	TACHP	4531.92	8646.64	4195.64	8452.15	7222.74	4891.29	12898.7	7552.82	8999.86
GH	OL	TACLP	4488.15	8628.69	4239.66	15488.5	7222.74	4862.45	19878.7	7458.83	8999.86
GH	TACHP	TACLP	2397.8	2423.63	11389.2	15484.9	8459.48	4860.86	6520.65	-547.87	4889.76
GL	MADHP	MADLP	2978.77	2882.03	12978.6	11421.1	12017.7	18017	1306.19	2014.83	17920.3
GL	MADHP	OH	4124.88	4418.56	9042.64	4848.27	12017.4	17627.7	230.072	7092.89	17920.3
GL	MADHP	OL	3842.21	4064.41	9949.16	7199.75	12017.7	17698.3	1317.02	5904.61	17920.3
GL	MADHP	TACHP	4446.54	8613.26	4211.19	8613.77	12017.7	13759.7	13008	12247.1	17920.3
GL	MADHP	TACLP	4428.26	8569.79	4227.81	15680.6	12018.6	13786	20020.6	12212.8	17920.3
GL	MADLP	OH	4042.39	4432.81	9167.63	4848.07	11424.3	17627.7	115.004	6285.15	18017
GL	MADLP	OL	3758.12	4077.05	10087.2	7199.75	11423.2	17698.3	1184.31	5081.05	18017
GL	MADLP	TACHP	4424.63	8688.08	4198.86	8600.93	11424.3	13759.7	13082	11648.1	18017
GL	MADLP	TACLP	4383.06	8621.32	4230.38	15679.2	11425.2	13786	20068.5	11580.7	18017
GL	OH	OL	4332.54	4261.05	8882.69	7199.75	4848.32	17698.3	2565.04	303.479	17627.7
GL	OH	TACHP	4562.32	8435.35	4247.4	8604.6	4848.27	13759.7	12785.6	5167.36	17627.7
GL	OH	TACLP	4550.3	8398.14	4287.89	15678.5	4848.07	13786	19789.7	5118.98	17627.7
GL	OL	TACHP	4578.88	8523.4	4214.52	8601.52	7199.75	13759.7	12906.9	7552.82	17698.3
GL	OL	TACLP	4551.5	8470.83	4274.93	15679.2	7199.75	13786	19875.4	7458.83	17698.3
GL	TACHP	TACLP	2428.98	2403.79	11562.5	15679.6	8600.53	13786	6520.23	-559.466	13759.7
MADHP	MADLP	OH	8991.96	3909.9	4020.64	228.656	1307.53	7092.97	114.504	6282.89	2014.83
MADHP	MADLP	OL	8000.65	4107.78	4233.14	1317.02	1307.56	5904.28	1184.31	5078.59	2014.5
MADHP	MADLP	TACHP	13166.5	2931.32	2844.17	13005.6	1309.37	12248.1	13090.4	11646.8	2015.51
MADHP	MADLP	TACLP	13122.2	2921.94	2872.98	20019.3	1307.97	12213.1	20067.7	11577.4	2015.51
MADHP	OH	OL	5303.15	6492.34	5229.23	1317.02	229.322	5904.11	2565.04	303.69	7092.63
MADHP	OH	TACHP	9280.5	4127.38	4341.5	13013.1	229.406	12248.1	12799.3	5167.11	7093.63
MADHP	OH	TACLP	9247.33	4129.11	4360.84	20021.3	229.406	12213.1	19790.5	5119.2	7093.63
MADHP	OL	TACHP	10180	3837.68	3930.87	13005.2	1317.02	12247.1	12910.9	7552.82	5904.61
MADHP	OL	TACLP	10124.6	3817.19	3963.27	20018.6	1317.02	12212.8	19874.1	7458.83	5904.78
MADHP	TACHP	TACLP	1961.44	1996.34	15497	20020.3	13000.9	12212.1	6520.74	-555.46	12247.1
MADLP	OH	OL	5331	6534.8	5146.33	1184.31	115.254	5081.82	2565.04	303.69	6285.07
MADLP	OH	TACHP	9397.09	4046.08	4347.35	13068.3	116.254	11646.2	12773.3	5168.11	6284.7
MADLP	OH	TACLP	9344.62	4066.7	4347.38	20067.4	115.545	11576.9	19788.8	5118.98	6283.88
MADLP	OL	TACHP	10315.2	3760.35	3940.7	13090.1	1184.31	11644.2	12913.2	7552.82	5079
MADLP	OL	TACLP	10239.9	3758.13	3953.17	20068.5	1184.31	11576.3	19875.5	7458.83	5080.62
MADLP	TACHP	TACLP	1927.17	2000.26	15549.9	20068.7	13083.8	11576.9	6521.34	-550.367	11646.1
OH	OL	TACHP	9205.22	4340.15	4219.22	12784.1	2565.04	5168.11	12904.2	7552.82	304.69
OH	OL	TACLP	9147.49	4334.93	4249.28	19788.4	2565.04	5118.2	19873.7	7458.83	303.19
OH	TACHP	TACLP	1968.39	2020.89	15289.9	19790.3	12788	5119.2	6520.71	-559.203	5167.36
OL	TACHP	TACLP	1938.87	2026.65	15381.3	19875.3	12915.9	7458.83	6520.75	-547.576	7552.82
