0.22596,0.162101,0.0189996,-0.018402,0.0733121,-0.0375778,0.108306,0.0796229,0.135411,0.138545,0.040483,0.0846945,0.0372322,0.126057,0.055133,0.185492,0.101853,-0.0228421,-0.018186,-0.0357589	0.107163,-0.0572271,-0.337477,-0.2469,-0.289652,-0.401176,-0.186286,-0.239947,-0.25877,-0.298828,-0.299168,-0.347138,-0.370101,-0.195654,-0.191723,-0.213316,-0.18445,-0.323507,-0.351192,-0.445515	0.121745,0.217312,0.354205,0.229541,0.355417,0.369163,0.288766,0.313579,0.380837,0.419985,0.335587,0.419499,0.401796,0.313967,0.244274,0.383628,0.281024,0.302904,0.335146,0.41639
0.187459,0.131197,0.0379666,0.021554,0.0751657,-0.0150318,0.150891,0.079114,0.149735,0.139582,0.00635217,0.0854015,0.0053823,0.125132,0.0749344,0.21826,0.0326826,-0.0548289,-0.0101259,-0.0454332	-0.0237033,-0.0675429,-0.274433,-0.252129,-0.281222,-0.360273,-0.136308,-0.25631,-0.234411,-0.273042,-0.309179,-0.351726,-0.400114,-0.196886,-0.182272,-0.139195,-0.270374,-0.328458,-0.327069,-0.454881	0.210228,0.196995,0.309178,0.272204,0.34901,0.347121,0.281411,0.328757,0.37112,0.397475,0.314912,0.42438,0.404625,0.314275,0.253741,0.346915,0.300402,0.278647,0.317996,0.418088
-0.439106,-0.198136,-0.0624897,-0.0406729,-0.133403,-0.0687265,-0.0930375,-0.125447,-0.0325285,-0.0365278,-0.0295894,0.0478082,-0.0325692,-0.0514269,-0.00105589,-0.0246177,-0.0375425,-0.0354573,0.0423737,-0.0601027	-0.597474,-0.366882,-0.601642,-0.509826,-0.580388,-0.591334,-0.487171,-0.500636,-0.566938,-0.692714,-0.617088,-0.524054,-0.578651,-0.524936,-0.479815,-0.618315,-0.557638,-0.609995,-0.523398,-0.600771	0.214694,0.181974,0.560214,0.479088,0.484497,0.544746,0.412846,0.400331,0.54445,0.673221,0.598425,0.557885,0.556571,0.486647,0.479002,0.602874,0.531217,0.587239,0.553496,0.560922
-0.433507,-0.194946,-0.0553048,-0.0479116,-0.134817,-0.0761312,-0.0838961,-0.126013,-0.0374611,-0.0310245,-0.0255492,0.0474339,-0.0268001,-0.0530335,0.00501971,-0.0303873,-0.0404966,-0.0315402,0.0144863,-0.0522474	-0.587676,-0.356224,-0.586676,-0.511913,-0.587136,-0.597433,-0.48548,-0.499839,-0.573675,-0.689667,-0.617208,-0.523585,-0.578274,-0.521637,-0.467567,-0.626907,-0.562018,-0.606851,-0.554731,-0.585843	0.206872,0.173314,0.54919,0.475668,0.491201,0.546142,0.418635,0.398954,0.547991,0.673043,0.601139,0.557181,0.560155,0.481936,0.47148,0.608104,0.533667,0.586537,0.56468,0.550444
-0.423017,-0.172689,-0.0747526,-0.0889959,-0.105068,-0.0354974,-0.074459,-0.0983445,-0.01751,-0.0143012,-0.0300516,0.0462747,-0.000152009,-0.0692709,-0.0119199,-0.0269193,-0.0491702,-0.0403862,0.0267595,-0.0312813	-0.605924,-0.331159,-0.595183,-0.50011,-0.574704,-0.576568,-0.479275,-0.483208,-0.550236,-0.641531,-0.592944,-0.514549,-0.572854,-0.53433,-0.493309,-0.619749,-0.573437,-0.604958,-0.51489,-0.569721	0.245947,0.168083,0.544664,0.430264,0.499817,0.552376,0.419797,0.404065,0.537909,0.633037,0.573104,0.547781,0.572752,0.482934,0.484237,0.602888,0.539478,0.578711,0.534288,0.54821
-0.439851,-0.168273,-0.0942886,-0.0924549,-0.135461,-0.0452178,-0.0749097,-0.117731,-0.0336729,-0.0215213,-0.0381882,0.0397553,-0.015725,-0.06125,0.00913684,-0.0300446,-0.0568272,-0.030006,0.0156185,-0.0357843	-0.61703,-0.323785,-0.610448,-0.493523,-0.585359,-0.57891,-0.478211,-0.488931,-0.571405,-0.666293,-0.619214,-0.527145,-0.590767,-0.533705,-0.461722,-0.615912,-0.577761,-0.608612,-0.535298,-0.574406	0.243179,0.164473,0.547683,0.420243,0.488645,0.548039,0.418285,0.393872,0.548281,0.654152,0.595098,0.555264,0.580435,0.488421,0.468881,0.596913,0.538617,0.589369,0.546349,0.549926
0.175051,0.119284,0.0611941,-0.0232123,0.0254577,-0.0345629,0.102792,0.018483,0.119276,0.0585416,0.00252958,-0.0516754,-0.0221174,0.0279531,-0.0128907,0.0822004,0.16943,0.0636201,0.058597,0.012803	0.00244447,-0.452937,-0.528889,-0.23851,-0.333971,-0.443796,-0.260818,-0.368116,-0.229727,-0.40615,-0.375169,-0.416313,-0.33934,-0.249296,-0.253677,-0.28508,-0.124335,-0.239698,-0.303173,-0.431586	0.172681,0.54289,0.571584,0.216496,0.356398,0.415608,0.354116,0.383986,0.339695,0.453899,0.37734,0.372655,0.319622,0.27533,0.241577,0.358871,0.287704,0.298762,0.355456,0.441947
0.170629,0.171127,0.0518178,-0.0279571,0.00451926,-0.0379861,0.0520636,0.0221752,0.131283,0.0523594,0.00386329,-0.091304,-0.0245671,0.0266938,-0.0278586,0.0874308,0.173219,0.0517588,0.0691673,0.00193105	-0.0587881,-0.478842,-0.574602,-0.230964,-0.334865,-0.441038,-0.277161,-0.36324,-0.243645,-0.396296,-0.387315,-0.448703,-0.340379,-0.279033,-0.254372,-0.283789,-0.110215,-0.2516,-0.289082,-0.443297	0.227138,0.600743,0.608307,0.204327,0.338871,0.409919,0.324541,0.382336,0.363307,0.439536,0.390594,0.372667,0.318475,0.303466,0.22813,0.362233,0.278125,0.29946,0.351227,0.444847
0.594225,0.57815,0.620494,0.640549,0.632939,0.531359,0.488748,0.512174,0.456923,0.70426,0.649725,0.460986,0.620481,0.58852,0.659299,0.532582,0.73008,0.650796,0.594618,0.793136	0.48217,0.597978,0.7212,0.582639,0.648227,0.587295,0.513631,0.485524,0.494053,0.745897,0.679842,0.451453,0.59472,0.590717,0.647498,0.613035,0.66966,0.682708,0.63226,0.785783	0.157054,-0.0303044,-0.182272,0.0923907,-0.025925,-0.0813096,-0.0332233,0.0354704,-0.0479547,-0.0877127,-0.0539461,0.0120388,0.0408265,-0.00336779,0.0205899,-0.119454,0.118218,-0.0574266,-0.0603196,0.0195177
-0.310913,-0.145227,0.143505,-0.0581479,-0.0354085,-0.0277839,-0.064645,-0.0224473,-0.027375,-0.0705855,-0.0389847,-0.0386044,0.0631284,0.0619885,-0.0233964,-0.0221701,-0.0826682,0.0198213,-0.00742341,-0.0689281	-0.462416,-0.155461,-0.243154,-0.355035,-0.275311,-0.301613,-0.263913,-0.191511,-0.324707,-0.499792,-0.424522,-0.244061,-0.215862,-0.225664,-0.323943,-0.406676,-0.413316,-0.38757,-0.31749,-0.301989	0.176942,0.0104703,0.373622,0.303145,0.242265,0.276143,0.202727,0.169793,0.299999,0.444902,0.392025,0.207411,0.27524,0.283684,0.302842,0.388004,0.342345,0.404285,0.310799,0.238015
-0.309653,-0.151062,0.0877111,-0.0810911,-0.0421559,-0.0151602,-0.0688641,-0.0285453,-0.0291653,-0.0618015,-0.0554656,-0.0446538,0.0858688,0.0867125,-0.0324626,-0.0319821,-0.0840482,0.011748,0.00959648,-0.0695441	-0.453968,-0.151869,-0.2616,-0.370101,-0.288933,-0.294152,-0.274288,-0.195295,-0.332305,-0.490627,-0.435444,-0.24839,-0.201137,-0.202579,-0.320706,-0.42146,-0.418843,-0.391587,-0.331641,-0.281917	0.16792,0.00082554,0.341476,0.297952,0.24982,0.280242,0.209379,0.167685,0.306106,0.442235,0.389383,0.206022,0.282133,0.284298,0.291276,0.394799,0.34701,0.401488,0.340155,0.21662
-0.285484,-0.139677,0.0365184,-0.0272419,-0.0469571,-0.00947498,-0.033441,-0.0124077,-0.0326559,0.0106469,-0.0428192,0.0063358,0.04522,0.0417566,-0.0246224,-0.0133423,-0.0706571,0.0330797,0.00673948,-0.0460877	-0.468025,-0.134123,-0.304714,-0.288642,-0.295685,-0.289779,-0.24299,-0.180349,-0.308507,-0.38076,-0.392832,-0.196059,-0.245005,-0.240252,-0.33452,-0.397109,-0.419487,-0.366878,-0.279163,-0.253773	0.210692,-0.00565944,0.337478,0.263471,0.252229,0.281076,0.211266,0.168318,0.278659,0.389826,0.356001,0.202144,0.287045,0.279208,0.312471,0.385811,0.359485,0.395162,0.285365,0.210143
-0.300374,-0.131985,0.0531139,-0.00899871,-0.0716091,-0.0217169,-0.0474133,-0.0156879,-0.0349153,-0.0202395,-0.0584552,-0.00946585,0.0642754,0.0538177,-0.0473307,-0.00796061,-0.0754815,0.0135635,-0.0125199,-0.0806121	-0.479278,-0.120599,-0.305494,-0.262648,-0.306945,-0.295322,-0.254801,-0.174565,-0.331705,-0.44029,-0.434719,-0.224107,-0.249071,-0.236692,-0.32397,-0.389668,-0.422323,-0.392567,-0.31605,-0.282022	0.208991,-0.0115698,0.352882,0.25425,0.240625,0.275371,0.209923,0.159313,0.300268,0.423828,0.386075,0.215098,0.308409,0.286855,0.280947,0.382896,0.358262,0.40398,0.304736,0.206096
0.315939,0.303515,-0.046151,0.114051,0.0793041,0.112572,0.0609205,0.0865159,0.100236,0.208985,0.112378,0.126388,-0.00600085,0.0391579,0.0159395,0.189525,0.148409,0.0567353,0.0428996,0.248315	0.25695,-0.176487,-0.3087,0.134628,0.061742,0.0435202,-0.0120024,-0.0184173,0.16437,0.125368,0.037833,0.15828,0.116931,0.0735241,0.0125836,0.198884,0.16195,0.0877394,0.0365819,0.232918	0.0642007,0.455597,0.266343,-0.0208969,0.0176486,0.0693915,0.0728696,0.104766,-0.0652088,0.0858669,0.0748638,-0.0325428,-0.122845,-0.0344655,0.00335662,-0.00972565,-0.0138743,-0.0311591,0.00632762,0.0163427
0.315485,0.343045,0.0208431,0.132113,0.096757,0.13416,0.117873,0.0695801,0.140653,0.216748,0.133705,0.117096,-0.00413053,0.0639183,-0.0183908,0.18535,0.148978,0.0494626,0.0328255,0.261568	0.189834,-0.223002,-0.318411,0.169163,0.0989848,0.0677205,0.0642024,-0.028513,0.172155,0.154301,0.0368703,0.137417,0.117339,0.0600884,-0.00632379,0.190089,0.178878,0.0732945,0.0425864,0.233984	0.133656,0.525822,0.337018,-0.0378963,-0.00224933,0.0670487,0.0540804,0.0978988,-0.0322842,0.0646071,0.0973148,-0.0206529,-0.121411,0.00384471,-0.0120685,-0.00491164,-0.0307184,-0.0239186,-0.00977461,0.0293816
-0.33958,-0.100333,0.147552,-0.0350696,-0.0862744,-0.0952386,-0.0785654,-0.0317865,-0.0987356,-0.0581377,-0.037727,-0.00989548,0.0814738,0.053788,-0.0601208,-0.114439,-0.115017,0.0119007,0.0131723,-0.0870993	-0.453751,-0.125189,-0.295649,-0.309426,-0.325138,-0.380515,-0.290351,-0.180818,-0.394857,-0.504,-0.437888,-0.213889,-0.183934,-0.233978,-0.345352,-0.497172,-0.408045,-0.406108,-0.323567,-0.31248	0.134967,0.0251722,0.424675,0.277367,0.245757,0.296004,0.21673,0.149894,0.308135,0.459321,0.406882,0.204426,0.261489,0.284189,0.291279,0.405823,0.307457,0.415998,0.33531,0.231687
-0.333928,-0.0949568,0.0991096,-0.0573203,-0.0825136,-0.0722118,-0.0985683,-0.047354,-0.084216,-0.0527983,-0.0540645,-0.0144551,0.106838,0.0656783,-0.0725402,-0.105444,-0.117925,-0.00878936,0.0358248,-0.0749339	-0.440928,-0.110021,-0.309453,-0.323992,-0.329944,-0.36481,-0.312918,-0.193106,-0.390653,-0.496483,-0.44757,-0.217095,-0.166372,-0.221547,-0.345902,-0.500213,-0.41539,-0.419026,-0.334778,-0.282553	0.125474,0.0152235,0.396405,0.271717,0.254355,0.300515,0.221171,0.147097,0.316862,0.455628,0.403263,0.203278,0.268439,0.283106,0.280397,0.41675,0.312786,0.411753,0.366211,0.21211
-0.314539,-0.0793009,0.0214637,0.000916137,-0.0936803,-0.0120824,-0.0263873,-0.0308943,-0.06558,0.019485,-0.0517998,-0.0240788,0.0631461,0.0469047,-0.0579366,-0.0745558,-0.0973038,0.0261427,0.0269281,-0.0556414	-0.459775,-0.0877685,-0.366115,-0.233406,-0.340953,-0.319317,-0.251986,-0.178273,-0.355841,-0.391049,-0.413044,-0.21422,-0.213779,-0.239558,-0.35326,-0.467584,-0.411628,-0.3876,-0.286183,-0.257708	0.169791,0.00852694,0.384557,0.234272,0.255431,0.308424,0.227108,0.148195,0.297196,0.407429,0.369143,0.191127,0.273236,0.283279,0.301494,0.407225,0.327439,0.409593,0.310716,0.205007
-0.334919,-0.0630907,0.0353271,0.0274928,-0.128294,-0.0461905,-0.0455783,-0.0240167,-0.0713935,-0.0184128,-0.0596975,-0.0612482,0.0722526,0.0622143,-0.0912613,-0.0607486,-0.0916975,0.00576957,0.00928994,-0.100249	-0.477199,-0.0656281,-0.367531,-0.198425,-0.360061,-0.341762,-0.267726,-0.162649,-0.379875,-0.452762,-0.448597,-0.259568,-0.226454,-0.232798,-0.350594,-0.457278,-0.406372,-0.412685,-0.320961,-0.293356	0.169345,0.00254796,0.397695,0.224692,0.242991,0.300312,0.224892,0.139176,0.317081,0.438,0.399601,0.201524,0.293898,0.290801,0.267905,0.407859,0.326854,0.41746,0.32927,0.198958
0.196834,0.303754,-0.0933256,0.160401,0.145726,0.1792,0.147832,0.0753079,0.165019,0.225384,0.105195,0.144547,0.0161398,0.00729639,0.0233118,0.340968,0.103342,0.0611252,0.0919087,0.257031	0.248166,-0.186465,-0.400286,0.234122,0.1148,0.0621609,0.0491249,-0.0070745,0.19876,0.109182,0.00851518,0.184734,0.162513,0.0391318,0.0289141,0.277142,0.16559,0.0681849,0.0566839,0.247615	-0.053968,0.463942,0.318873,-0.0765982,0.0314521,0.118358,0.0994295,0.0823385,-0.0348851,0.119133,0.0967667,-0.0412892,-0.146758,-0.0318445,-0.00560611,0.070487,-0.0633318,-0.00708926,0.0354093,0.0100557
0.247054,0.338222,-0.0332261,0.169519,0.166143,0.208761,0.142866,0.0505877,0.192164,0.241492,0.137273,0.117819,0.0121954,0.0337704,-0.0160333,0.347755,0.109763,0.0586258,0.0866393,0.278039	0.2304,-0.234435,-0.414948,0.261777,0.155846,0.0944881,0.0676814,-0.0249358,0.191389,0.145887,0.0164703,0.14629,0.156535,0.0282177,0.00504143,0.278581,0.189269,0.0590314,0.0674404,0.256304	0.0176587,0.530586,0.387058,-0.0965416,0.0105705,0.116573,0.0759187,0.0754284,0.000805161,0.0990969,0.121076,-0.0289699,-0.144616,0.005558,-0.021073,0.0765948,-0.0811931,-0.000407005,0.0193117,0.0234025
0.909637,0.78146,0.620496,0.705046,0.743484,0.864849,0.745915,0.732195,0.747952,0.710065,0.713029,0.707759,0.691245,0.73016,0.658467,0.704515,0.832944,0.730322,0.655749,0.725257	0.918105,0.794621,0.652648,0.711258,0.73548,0.863682,0.733867,0.734569,0.737863,0.732376,0.713429,0.707587,0.69011,0.732886,0.673848,0.69011,0.826699,0.735055,0.614479,0.763588	-0.0513629,-0.0347219,-0.0540327,-0.0124602,0.0176627,0.00461142,0.0266194,-0.00513706,0.0225154,-0.0464859,-0.000813996,0.000344442,0.00217007,-0.00586462,-0.0276486,0.0280356,0.0200553,-0.0102204,0.0691232,-0.0859062
0.83747,0.614288,0.430308,0.251257,0.325594,0.417537,0.481341,0.446434,0.355828,0.22551,0.299349,0.297179,0.456953,0.397158,0.362943,0.39289,0.388278,0.362214,0.226673,0.297487	0.803865,0.636844,0.43561,0.318411,0.312283,0.413395,0.471568,0.450118,0.391277,0.356867,0.356189,0.308036,0.432626,0.399873,0.352538,0.404356,0.359652,0.377536,0.268492,0.343024	0.102834,-0.0370503,-0.00652614,-0.0729942,0.0148172,0.00500519,0.0126428,-0.00461128,-0.0411822,-0.142853,-0.0636237,-0.0119501,0.0303205,-0.00322755,0.0119316,-0.0136318,0.0332721,-0.0177485,-0.0445295,-0.0507129
0.862358,0.608667,0.501236,0.29403,0.500337,0.590757,0.533811,0.522312,0.524837,0.414724,0.483766,0.428416,0.539476,0.510859,0.429131,0.47627,0.534932,0.456528,0.381179,0.455144	0.826328,0.639047,0.481698,0.381304,0.50275,0.591985,0.522802,0.537481,0.526099,0.474531,0.492553,0.416666,0.490732,0.503945,0.459651,0.486368,0.511385,0.453964,0.389591,0.504415	0.125363,-0.0497197,0.0257569,-0.0982943,-0.0032246,-0.00188858,0.0152699,-0.0210888,-0.00174352,-0.074462,-0.011536,0.0143031,0.066295,0.00931097,-0.03802,-0.0131418,0.0324135,0.00323494,-0.00987956,-0.0639533
-0.490895,-0.363118,-0.37176,-0.318616,-0.290485,-0.332407,-0.251233,-0.213041,-0.440687,-0.482808,-0.405198,-0.361294,-0.410835,-0.342075,-0.315308,-0.434024,-0.413283,-0.4547,-0.313644,-0.336635	-0.362898,-0.608493,-0.27318,0.0178627,-0.0687349,-0.121651,-0.108674,-0.137972,-0.14458,-0.0980886,-0.0809169,-0.156415,-0.0774454,-0.0611972,-0.0199424,-0.0534191,-0.0665088,-0.0559837,-0.0161127,-0.1283	-0.155743,0.314969,-0.109723,-0.334575,-0.226268,-0.219638,-0.146561,-0.077342,-0.316257,-0.403844,-0.335274,-0.21715,-0.344346,-0.286884,-0.297234,-0.389639,-0.356575,-0.409131,-0.299043,-0.21774
-0.454686,-0.372786,-0.357243,-0.339696,-0.327843,-0.322714,-0.177274,-0.223627,-0.445166,-0.497532,-0.385444,-0.360024,-0.399067,-0.325462,-0.304062,-0.415202,-0.426654,-0.436073,-0.335898,-0.33888	-0.343045,-0.647693,-0.307729,0.00467924,-0.0966858,-0.108437,-0.00282133,-0.14449,-0.173271,-0.10668,-0.0716741,-0.164488,-0.0620137,-0.0748218,0.013694,-0.0291817,-0.0738739,-0.0367233,-0.0268424,-0.142228	-0.132272,0.362411,-0.0556298,-0.343828,-0.238724,-0.222048,-0.17454,-0.0817791,-0.29462,-0.412759,-0.322685,-0.207844,-0.345606,-0.256896,-0.316438,-0.390755,-0.364262,-0.405849,-0.311868,-0.20661
0.841349,0.61655,0.469478,0.266853,0.332379,0.422453,0.468395,0.454795,0.361323,0.246591,0.293982,0.337245,0.476025,0.401793,0.341543,0.394451,0.412464,0.36633,0.203605,0.323401	0.799003,0.625564,0.444169,0.329512,0.326752,0.419535,0.471249,0.456101,0.407193,0.359206,0.350285,0.348347,0.452713,0.401783,0.316225,0.42021,0.389946,0.376888,0.28327,0.333912	0.1292,-0.014673,0.0319759,-0.0686995,0.00631255,0.0035464,-0.00366286,-0.00164712,-0.0537831,-0.12356,-0.062767,-0.0125799,0.0297159,1.11597e-05,0.0283829,-0.030877,0.0268341,-0.0122493,-0.084541,-0.0117833
0.864403,0.595922,0.53062,0.325869,0.511422,0.593658,0.528092,0.529489,0.538182,0.44008,0.506575,0.451246,0.53522,0.52147,0.427726,0.472347,0.533418,0.470875,0.341875,0.477409	0.819925,0.612812,0.48032,0.408884,0.52211,0.596155,0.529717,0.542339,0.549872,0.478762,0.514992,0.439746,0.487319,0.511799,0.443177,0.496779,0.516219,0.463624,0.389627,0.489437	0.152711,-0.0266074,0.0675052,-0.0957759,-0.0145811,-0.0038656,-0.00225598,-0.0180274,-0.0166033,-0.0490074,-0.0113886,0.0143474,0.0648035,0.0131912,-0.0190656,-0.0319232,0.0237335,0.00927704,-0.0550907,-0.0156956
-0.488092,-0.375072,-0.348928,-0.330473,-0.334269,-0.340419,-0.256226,-0.207529,-0.448698,-0.480499,-0.407286,-0.354801,-0.398046,-0.322372,-0.321463,-0.434251,-0.421234,-0.449144,-0.335359,-0.334647	-0.368323,-0.619056,-0.270633,-0.00353317,-0.114975,-0.129478,-0.106411,-0.134207,-0.147672,-0.103521,-0.0816086,-0.15343,-0.0572692,-0.0396681,-0.041372,-0.0407645,-0.0742651,-0.0514225,-0.00985587,-0.151758	-0.14602,0.317766,-0.086459,-0.327322,-0.228059,-0.220667,-0.154014,-0.0754223,-0.322387,-0.396711,-0.336874,-0.212964,-0.348726,-0.286366,-0.283867,-0.400578,-0.358174,-0.407125,-0.326583,-0.192675
-0.447335,-0.378179,-0.336574,-0.348876,-0.365852,-0.32238,-0.198642,-0.21229,-0.454492,-0.502577,-0.386247,-0.346679,-0.382816,-0.317362,-0.318645,-0.420373,-0.429157,-0.431361,-0.353476,-0.341035	-0.343832,-0.653813,-0.308198,-0.0135433,-0.137345,-0.10558,-0.0189368,-0.134208,-0.177335,-0.124879,-0.071086,-0.153295,-0.0378045,-0.0697226,-0.0194999,-0.025498,-0.0737434,-0.0335639,-0.0155465,-0.170181	-0.122316,0.366173,-0.0316596,-0.336925,-0.240597,-0.224439,-0.180383,-0.0803713,-0.301454,-0.402989,-0.324058,-0.204237,-0.350078,-0.253243,-0.301016,-0.399153,-0.367029,-0.403641,-0.339797,-0.181381
0.817589,0.533864,0.497158,0.360936,0.337529,0.441208,0.472913,0.441245,0.39756,0.348752,0.357961,0.329883,0.431167,0.422484,0.330824,0.355702,0.418108,0.345912,0.274257,0.283911	0.814039,0.541745,0.473852,0.379054,0.353578,0.446548,0.471673,0.4526,0.362912,0.273347,0.309256,0.307845,0.40792,0.412921,0.371543,0.354351,0.423848,0.328416,0.240157,0.284697	0.0106144,-0.0110867,0.0304883,-0.0209896,-0.0182246,-0.00665041,0.00159612,-0.0141887,0.0404907,0.0833512,0.0547672,0.0245288,0.0282084,0.0115835,-0.0464259,0.00154584,-0.00697572,0.0197376,0.0365034,-0.000855404
-0.508924,-0.350524,-0.368114,-0.293307,-0.309325,-0.330318,-0.250319,-0.179969,-0.416401,-0.391062,-0.355432,-0.28626,-0.40977,-0.358546,-0.332991,-0.41592,-0.407363,-0.420867,-0.30052,-0.291421	-0.354441,-0.605196,-0.276673,-0.0123907,-0.079372,-0.116625,-0.100918,-0.104568,-0.130463,-0.0690642,-0.0594227,-0.0775399,-0.0606869,-0.0818105,-0.0283536,-0.0323468,-0.0317128,-0.0236238,-0.0319758,-0.108076	-0.188482,0.323243,-0.101811,-0.281941,-0.235741,-0.222256,-0.153273,-0.0768472,-0.302365,-0.330936,-0.302396,-0.213458,-0.357985,-0.285098,-0.307541,-0.388804,-0.380567,-0.401232,-0.27115,-0.189308
-0.481715,-0.357705,-0.35351,-0.304544,-0.335544,-0.316179,-0.203478,-0.194505,-0.396128,-0.395716,-0.342459,-0.279994,-0.399131,-0.342216,-0.343307,-0.408679,-0.415989,-0.408139,-0.31196,-0.291654	-0.343363,-0.643083,-0.30963,-0.011853,-0.0931382,-0.0981422,-0.0276049,-0.114906,-0.126413,-0.0592678,-0.061093,-0.0795902,-0.0480733,-0.0949243,-0.024721,-0.0275908,-0.0302349,-0.0124659,-0.028902,-0.118489	-0.165771,0.370638,-0.0492727,-0.293752,-0.250226,-0.225019,-0.176866,-0.0814191,-0.283933,-0.344529,-0.287378,-0.204971,-0.357925,-0.255594,-0.321313,-0.385435,-0.390667,-0.397697,-0.285634,-0.179364
-0.520109,-0.336916,-0.374996,-0.260339,-0.321568,-0.334129,-0.260715,-0.187367,-0.439001,-0.449977,-0.432767,-0.356769,-0.446419,-0.344336,-0.302751,-0.40696,-0.413523,-0.441641,-0.328264,-0.321962	-0.368286,-0.601168,-0.268117,0.0141711,-0.106113,-0.125442,-0.11288,-0.122017,-0.136276,-0.0988372,-0.12353,-0.148243,-0.0923845,-0.0556011,-0.0246728,-0.0222153,-0.0423868,-0.0377507,-0.0384351,-0.143946	-0.187795,0.331368,-0.118826,-0.273502,-0.223067,-0.217816,-0.152317,-0.0668799,-0.321988,-0.367484,-0.326702,-0.220171,-0.369264,-0.294371,-0.280171,-0.388255,-0.377758,-0.410738,-0.293532,-0.186667
-0.492999,-0.336892,-0.359229,-0.267004,-0.347147,-0.318226,-0.189571,-0.201626,-0.426395,-0.460013,-0.420043,-0.341443,-0.432763,-0.33085,-0.309991,-0.400565,-0.424563,-0.428505,-0.341159,-0.32676	-0.356211,-0.634755,-0.29885,0.0210133,-0.119445,-0.10505,-0.0115794,-0.132049,-0.141701,-0.101026,-0.123706,-0.138542,-0.0750868,-0.0737189,-0.0162017,-0.0190154,-0.0455249,-0.0256384,-0.0373367,-0.159283	-0.165927,0.378886,-0.0676406,-0.28641,-0.237552,-0.220549,-0.178384,-0.0714799,-0.303001,-0.376484,-0.312579,-0.212976,-0.369689,-0.26356,-0.295272,-0.384478,-0.386508,-0.407341,-0.307742,-0.176673
0.815649,0.728375,0.735232,0.83138,0.752701,0.814459,0.502304,0.819297,0.766253,0.777891,0.842117,0.817141,0.863954,0.828924,0.800714,0.855804,0.842922,0.84373,0.736632,0.826921	0.737051,0.592189,0.623066,0.850223,0.778284,0.818335,0.529933,0.82734,0.725656,0.803817,0.8152,0.803452,0.862658,0.780062,0.821452,0.850379,0.863613,0.834486,0.758119,0.81237	0.197073,0.239484,0.206986,-0.0642793,-0.0617657,-0.0116222,-0.0376522,-0.024968,0.0914424,-0.069187,0.0858575,0.0398542,0.00508983,0.138266,-0.0605916,0.0199285,-0.0760557,0.031241,-0.0486629,0.0443298
0.539994,0.530198,0.606085,0.628009,0.610883,0.534169,0.405102,0.480979,0.387117,0.667944,0.655666,0.415609,0.6223,0.54462,0.62494,0.427641,0.747121,0.679161,0.592261,0.799128	0.360878,0.515443,0.728766,0.611205,0.628454,0.611623,0.478666,0.452846,0.437614,0.715961,0.649745,0.406632,0.567562,0.544885,0.636474,0.554774,0.607489,0.676965,0.637515,0.783481	0.222469,0.0203031,-0.219738,0.0272718,-0.028521,-0.115038,-0.0912599,0.0359673,-0.0607965,-0.0920264,0.0103154,0.0108019,0.0846294,-0.00037626,-0.019152,-0.166677,0.255675,0.00406494,-0.0727054,0.0418472
0.148807,0.0295432,0.19599,-0.0258827,0.0635934,0.0200689,0.00876191,0.0793725,-0.00344439,-0.0501045,-0.0170073,-0.0746357,0.0869613,0.112319,-0.0229683,-0.00419154,-0.0570839,0.0462168,-0.0383832,-0.0294253	-0.527713,-0.258598,-0.251029,-0.344129,-0.29973,-0.278794,-0.318894,-0.231793,-0.386465,-0.547169,-0.43731,-0.300076,-0.232336,-0.301172,-0.354988,-0.485502,-0.459663,-0.373441,-0.311756,-0.279492	0.627263,0.285957,0.426057,0.321107,0.356528,0.2972,0.326743,0.305544,0.383532,0.511076,0.423452,0.230605,0.312974,0.399961,0.334749,0.482292,0.413427,0.412538,0.276683,0.25214
0.141734,0.0198105,0.132284,-0.0429007,0.0581458,0.0378711,-0.0033405,0.0738266,-0.00149113,-0.0447006,-0.0369041,-0.0806943,0.10605,0.14035,-0.0374027,-0.0102639,-0.0560654,0.0354179,-0.00126517,-0.0351963	-0.522281,-0.255839,-0.269801,-0.357037,-0.312787,-0.271247,-0.329655,-0.235916,-0.393533,-0.541045,-0.448444,-0.304489,-0.218703,-0.277521,-0.353036,-0.498218,-0.464829,-0.378269,-0.322903,-0.260789	0.618249,0.274259,0.388229,0.319023,0.364307,0.305975,0.326674,0.304441,0.392272,0.508646,0.418466,0.229432,0.317391,0.402205,0.319857,0.490462,0.419701,0.408218,0.321769,0.227682
0.160359,0.0112857,0.094487,0.0460025,0.030095,0.0151421,0.026292,0.0675513,-0.0210312,0.0217402,-0.0205448,-0.0265857,0.046017,0.104206,-0.0150457,0.0071278,-0.0348329,0.0627692,-0.0128535,-0.0254727	-0.532816,-0.243155,-0.311363,-0.269833,-0.322202,-0.269264,-0.301235,-0.22438,-0.374851,-0.438382,-0.406637,-0.250301,-0.264374,-0.31104,-0.365686,-0.476895,-0.464214,-0.351761,-0.271905,-0.233807	0.638611,0.253745,0.394251,0.311963,0.348914,0.283251,0.324953,0.287573,0.356631,0.455779,0.389345,0.225214,0.306661,0.402209,0.35258,0.482383,0.436439,0.405575,0.25996,0.209583
0.163943,0.0156483,0.127178,0.0674725,0.0279353,0.00968405,0.0120755,0.0801442,-0.0107723,-0.0061984,-0.0301223,-0.0381979,0.0764032,0.110697,-0.0565061,0.0156703,-0.0335999,0.0359062,-0.0238189,-0.0570889	-0.539759,-0.232929,-0.310732,-0.244202,-0.330486,-0.274259,-0.3126,-0.217227,-0.393874,-0.492178,-0.445957,-0.276583,-0.26663,-0.308636,-0.359424,-0.46935,-0.465497,-0.379441,-0.30824,-0.26173	0.646494,0.247675,0.421262,0.306622,0.355142,0.283191,0.323455,0.292282,0.384734,0.487467,0.421497,0.24093,0.336184,0.40548,0.309198,0.481479,0.438759,0.409764,0.286525,0.207745
0.201627,0.235795,-0.0883921,0.133839,0.064183,0.134556,-0.020514,0.077187,0.0143879,0.182545,0.112933,0.168487,0.00928779,0.0192653,0.027339,0.145562,0.0157303,0.0102554,-2.60636e-05,0.235627	0.0673942,-0.301509,-0.327409,0.150654,0.0103266,0.0686537,-0.102707,-0.0784606,0.0638042,0.0369898,0.00841412,0.094706,0.0853706,-0.0279491,-0.0334132,0.0630148,0.0892688,0.1091,0.051449,0.256577	0.136082,0.50164,0.24614,-0.0171612,0.0538921,0.0665172,0.0823663,0.154711,-0.0494618,0.146545,0.104618,0.0749776,-0.0761431,0.047189,0.0606967,0.0833113,-0.0736419,-0.0989555,-0.051475,-0.0222978
0.204981,0.233263,-0.0147281,0.155778,0.0985244,0.158141,0.0823751,0.0562301,0.0482354,0.195549,0.133745,0.189428,0.012858,0.0471084,0.00463523,0.136603,0.013376,0.0116769,-0.0174746,0.255664	0.00101682,-0.351355,-0.337845,0.184734,0.0470986,0.0920107,-0.0216207,-0.0891306,0.0751967,0.0663015,0.00774814,0.0730661,0.0856246,-0.0388967,-0.0520394,0.0548344,0.10694,0.0928617,0.0586269,0.256592	0.204007,0.540333,0.324733,-0.029814,0.0516655,0.0671072,0.103811,0.144636,-0.0270594,0.130945,0.126128,0.117995,-0.0728468,0.0858478,0.0566609,0.0823857,-0.0936984,-0.081273,-0.0760237,-0.000993605
0.0847966,0.0808454,0.208564,-0.00282289,0.0124591,-0.0464355,-0.00507414,0.0678207,-0.079895,-0.0364419,-0.0150685,-0.0446077,0.103514,0.104306,-0.0613908,-0.10841,-0.0881551,0.0382538,-0.0191981,-0.0474721	-0.506976,-0.209411,-0.314162,-0.321471,-0.347019,-0.367962,-0.374028,-0.222495,-0.459964,-0.550477,-0.435351,-0.270494,-0.183818,-0.309866,-0.389094,-0.586853,-0.417762,-0.37817,-0.323022,-0.285289	0.567381,0.285424,0.490582,0.318938,0.35793,0.327116,0.369655,0.286,0.394569,0.524558,0.423058,0.228645,0.281967,0.401204,0.335722,0.510951,0.34221,0.410485,0.30572,0.241082
0.0828206,0.083292,0.150526,-0.0196092,0.0177647,-0.0182444,-0.035795,0.0519889,-0.0601867,-0.0348875,-0.034567,-0.049028,0.125216,0.118788,-0.079578,-0.0931993,-0.0885028,0.0151746,0.0243082,-0.040531	-0.497071,-0.196538,-0.328252,-0.33351,-0.351727,-0.352344,-0.396438,-0.233983,-0.454612,-0.546434,-0.444586,-0.273469,-0.167298,-0.296812,-0.391315,-0.588229,-0.424143,-0.392262,-0.330178,-0.256647	0.556963,0.275323,0.456235,0.315967,0.367198,0.336261,0.365834,0.282535,0.405521,0.521488,0.416419,0.227491,0.286512,0.401446,0.321757,0.523743,0.348731,0.405026,0.351664,0.218387
0.0955067,0.0802586,0.0847263,0.0742507,-0.0174117,0.0131654,0.0362504,0.0467174,-0.0562904,0.0313373,-0.0288272,-0.0574774,0.0632706,0.111665,-0.049958,-0.0611978,-0.0613581,0.0559527,0.00653958,-0.0348579	-0.512221,-0.179823,-0.382581,-0.239702,-0.365854,-0.310049,-0.338909,-0.221895,-0.427342,-0.448262,-0.410598,-0.267777,-0.216353,-0.311839,-0.396226,-0.557792,-0.420724,-0.358249,-0.283877,-0.23263	0.579384,0.256381,0.452635,0.308463,0.350676,0.3219,0.370606,0.265856,0.380197,0.472955,0.386343,0.213587,0.275848,0.409253,0.35326,0.514145,0.368889,0.406062,0.289878,0.199389
0.0928426,0.0927527,0.11635,0.104596,-0.0299611,-0.0140934,0.0154988,0.0692723,-0.0494533,-0.00412124,-0.0304835,-0.091121,0.0831075,0.121276,-0.102855,-0.0427786,-0.0497532,0.0283311,-0.00258211,-0.0762959	-0.525642,-0.161126,-0.382495,-0.206386,-0.380979,-0.332018,-0.354019,-0.205805,-0.446824,-0.503925,-0.444527,-0.311262,-0.22763,-0.305786,-0.39816,-0.5481,-0.413659,-0.386192,-0.317798,-0.26759	0.589706,0.250141,0.47759,0.304411,0.355071,0.319419,0.367502,0.271211,0.406349,0.500844,0.419731,0.226567,0.304968,0.411792,0.307914,0.517454,0.371553,0.410037,0.315474,0.195281
0.0649482,0.22733,-0.141367,0.185119,0.134922,0.203584,0.0748268,0.0648878,0.0826781,0.199832,0.102936,0.184878,0.0307865,-0.015063,0.0355794,0.324903,-0.0268135,0.0136361,0.0477098,0.243126	0.0978279,-0.288419,-0.431896,0.217969,0.0632585,0.0715595,-0.0733311,-0.0666009,0.0920434,0.0197605,0.0039036,0.120106,0.154056,-0.0609533,-0.0347121,0.123448,0.155984,0.114862,0.0663679,0.277473	-0.0330899,0.484014,0.309421,-0.0342318,0.07228,0.133976,0.147349,0.130923,-0.00943711,0.180785,0.0990727,0.0662422,-0.123857,0.0459324,0.0702048,0.209872,-0.182036,-0.101385,-0.0187174,-0.0368311
0.125765,0.222622,-0.0743811,0.198267,0.173272,0.234805,0.113105,0.0358979,0.102142,0.221911,0.134008,0.186469,0.0285463,0.0142772,0.00721002,0.329549,-0.0231996,0.0198025,0.0347397,0.270434	0.0824498,-0.343071,-0.446886,0.244157,0.103629,0.102919,-0.0515269,-0.0852369,0.0871841,0.0570505,0.0118525,0.0811658,0.147972,-0.0699455,-0.058348,0.125485,0.182667,0.103505,0.0783498,0.284702	0.0437688,0.525554,0.385313,-0.048225,0.0709163,0.135152,0.163678,0.120765,0.015092,0.166974,0.12235,0.106921,-0.119933,0.0841387,0.0655304,0.212867,-0.204998,-0.0838747,-0.0437292,-0.0154581
0.926195,0.811391,0.632342,0.719553,0.763626,0.870778,0.758312,0.756172,0.755114,0.714881,0.715427,0.697569,0.691968,0.743246,0.658064,0.710682,0.839415,0.732945,0.659399,0.731253	0.935645,0.824306,0.66831,0.720104,0.756508,0.865889,0.752616,0.757936,0.741953,0.740331,0.718612,0.697217,0.694985,0.744201,0.678307,0.692875,0.831342,0.740087,0.597873,0.774053	-0.0708384,-0.0389982,-0.0622939,-0.00114161,0.0168537,0.0198729,0.013267,-0.00413256,0.0299281,-0.0540622,-0.00655389,0.00068479,-0.00581256,-0.00213738,-0.0365638,0.0350817,0.026718,-0.015609,0.101568,-0.0986238
0.872677,0.659212,0.4589,0.302797,0.365348,0.427058,0.501432,0.476411,0.357034,0.229106,0.312274,0.276237,0.44781,0.431863,0.370718,0.402429,0.41405,0.378365,0.215886,0.306254	0.849613,0.699691,0.455244,0.332173,0.372982,0.443469,0.505465,0.500851,0.402142,0.371309,0.368286,0.286862,0.445536,0.421314,0.352201,0.412668,0.377235,0.390239,0.24764,0.369083	0.0892029,-0.075135,0.00462158,-0.0326615,-0.00883831,-0.0202458,-0.00540272,-0.0321004,-0.0526704,-0.155426,-0.0632899,-0.0115396,0.0028404,0.0128959,0.021298,-0.012278,0.0436299,-0.0139318,-0.0335469,-0.0708357
0.895698,0.650292,0.536319,0.347319,0.540223,0.599852,0.552043,0.558334,0.531317,0.419903,0.49662,0.414601,0.536217,0.5364,0.424472,0.487401,0.559569,0.464707,0.379701,0.461209	0.859045,0.702838,0.495959,0.392527,0.543188,0.61546,0.554037,0.5785,0.532189,0.487181,0.499826,0.397562,0.499981,0.522302,0.46289,0.493883,0.523139,0.465636,0.369951,0.525707	0.158975,-0.0967789,0.0549853,-0.0523447,-0.00419614,-0.0247419,-0.00287248,-0.0297882,-0.00121685,-0.0845807,-0.00426422,0.0204015,0.0495105,0.0195853,-0.0478124,-0.00853669,0.051508,-0.00118551,0.0113436,-0.0851411
-0.53034,-0.39601,-0.394376,-0.301566,-0.289993,-0.31462,-0.305169,-0.216235,-0.492421,-0.501933,-0.406209,-0.343443,-0.393485,-0.351585,-0.305989,-0.465401,-0.494032,-0.478325,-0.346636,-0.339866	0.0729042,-0.513372,-0.245671,0.0516631,0.0279044,-0.0768474,-0.0403125,-0.0472171,-0.12853,-0.077279,-0.0611746,-0.188638,-0.0510567,-0.0211116,-0.0188245,-0.0360467,-0.0410644,-0.0298372,-0.0476731,-0.092398	-0.580788,0.147311,-0.164658,-0.347811,-0.315346,-0.243663,-0.268155,-0.170761,-0.388478,-0.441791,-0.353827,-0.16553,-0.349449,-0.332944,-0.288828,-0.43668,-0.462348,-0.454981,-0.303987,-0.255491
-0.496749,-0.438525,-0.377266,-0.318957,-0.315641,-0.304558,-0.201591,-0.229157,-0.503703,-0.513749,-0.387214,-0.31885,-0.380414,-0.33375,-0.286042,-0.448267,-0.506066,-0.456262,-0.375462,-0.336301	0.0982188,-0.574595,-0.28274,0.0388,0.00155734,-0.0638993,0.0720592,-0.0541215,-0.160933,-0.085597,-0.052155,-0.193203,-0.0358845,-0.0359921,0.0142881,-0.0110368,-0.0488241,-0.0102844,-0.0602356,-0.106577	-0.56729,0.181907,-0.105813,-0.353384,-0.317043,-0.245436,-0.269732,-0.177233,-0.373007,-0.447846,-0.341965,-0.133895,-0.349298,-0.301379,-0.299108,-0.439404,-0.468826,-0.44808,-0.322521,-0.238263
0.87694,0.661581,0.498473,0.31784,0.372967,0.431343,0.491364,0.48376,0.361408,0.250846,0.307732,0.316799,0.467134,0.434519,0.35034,0.402549,0.437296,0.383127,0.190082,0.332875	0.843844,0.688366,0.460079,0.34724,0.388168,0.453294,0.501245,0.50652,0.419949,0.371635,0.360655,0.327827,0.461922,0.423096,0.312273,0.430447,0.408595,0.38783,0.277613,0.356206	0.127294,-0.049184,0.0498193,-0.0330478,-0.0177737,-0.027286,-0.01311,-0.0301466,-0.0690151,-0.133207,-0.0595295,-0.0123061,0.00664591,0.0139956,0.0427432,-0.033745,0.0349449,-0.00552359,-0.0924072,-0.0264695
0.898658,0.640525,0.567717,0.378008,0.55166,0.601568,0.548616,0.565079,0.544043,0.446014,0.520797,0.436871,0.533086,0.545013,0.424907,0.482217,0.557461,0.47986,0.334582,0.483653	0.852394,0.679537,0.49234,0.423517,0.562117,0.622682,0.556497,0.583551,0.558465,0.489096,0.52083,0.420345,0.493626,0.52999,0.443593,0.506424,0.529352,0.473641,0.383052,0.506359	0.19772,-0.0690808,0.104619,-0.0541825,-0.0151566,-0.0337601,-0.0113452,-0.0275606,-0.020716,-0.0551019,-4.46786e-05,0.0202431,0.053552,0.0211249,-0.0230263,-0.0320288,0.039876,0.00804741,-0.0555947,-0.0300706
-0.529973,-0.40725,-0.374244,-0.311608,-0.332398,-0.322178,-0.31031,-0.211355,-0.496747,-0.501153,-0.409873,-0.337295,-0.380793,-0.331656,-0.314026,-0.465024,-0.50019,-0.474359,-0.363494,-0.338849	0.0557934,-0.527719,-0.248383,0.0360977,-0.0184046,-0.0800691,-0.0457264,-0.043404,-0.126815,-0.0867649,-0.0650109,-0.18487,-0.0356451,0.00224838,-0.045106,-0.0184942,-0.0471713,-0.0283787,-0.0207974,-0.121752	-0.568943,0.153446,-0.138759,-0.343838,-0.315926,-0.24852,-0.268392,-0.169506,-0.394803,-0.433225,-0.354303,-0.162562,-0.349897,-0.333655,-0.272784,-0.450403,-0.463966,-0.452066,-0.345307,-0.226439
-0.491974,-0.444573,-0.358816,-0.3262,-0.353432,-0.303854,-0.222427,-0.218628,-0.508175,-0.520428,-0.389046,-0.305873,-0.364475,-0.324937,-0.302671,-0.452809,-0.507483,-0.452979,-0.38664,-0.339094	0.0876701,-0.584014,-0.288127,0.0265501,-0.039353,-0.0561402,0.047939,-0.0432038,-0.15943,-0.108474,-0.0545271,-0.181442,-0.0166701,-0.0295425,-0.0233838,-0.00288779,-0.0462028,-0.0101694,-0.0271016,-0.140089	-0.555677,0.188341,-0.0788397,-0.349722,-0.318509,-0.252013,-0.267514,-0.177097,-0.37949,-0.436601,-0.341769,-0.131742,-0.349931,-0.298258,-0.281278,-0.45051,-0.472355,-0.444859,-0.363346,-0.20893
0.864238,0.593236,0.526504,0.404117,0.398206,0.459644,0.498735,0.488303,0.409589,0.356607,0.373852,0.313491,0.43625,0.446042,0.325288,0.367952,0.443298,0.355853,0.268035,0.29903	0.849635,0.605572,0.492186,0.419012,0.393368,0.458915,0.496725,0.483999,0.364663,0.277534,0.320818,0.286651,0.403009,0.44258,0.382169,0.364217,0.444267,0.345138,0.226682,0.29725	0.0549594,-0.0192523,0.0463218,-0.0179307,0.00573657,0.00092305,0.00267228,0.00563647,0.0528137,0.0877583,0.0602616,0.0294901,0.0403323,0.00431306,-0.0649558,0.00431408,-0.00120687,0.0122141,0.0440272,0.00195386
-0.547738,-0.390807,-0.3923,-0.268411,-0.312503,-0.31308,-0.305946,-0.186453,-0.471891,-0.415658,-0.355502,-0.262519,-0.398019,-0.364706,-0.322741,-0.448215,-0.486366,-0.443866,-0.334196,-0.297607	0.0576845,-0.525452,-0.244461,0.0614928,-0.00418705,-0.0931047,-0.0473311,-0.032649,-0.124869,-0.0619453,-0.0387494,-0.107621,-0.0596877,-0.0272039,-0.0182715,-0.0127129,0.00878084,0.00712154,-0.0527109,-0.0901419	-0.586879,0.169438,-0.163521,-0.324547,-0.30872,-0.22658,-0.262415,-0.154746,-0.36875,-0.363061,-0.321177,-0.159402,-0.346565,-0.340884,-0.306275,-0.437998,-0.493041,-0.449567,-0.286532,-0.213184
-0.521701,-0.432909,-0.374176,-0.276094,-0.327597,-0.298005,-0.227861,-0.203017,-0.459343,-0.417579,-0.342671,-0.232415,-0.386706,-0.348085,-0.323176,-0.44279,-0.495232,-0.427243,-0.351171,-0.292421	0.0678692,-0.584901,-0.279931,0.0628413,-0.0163531,-0.0748969,0.0309605,-0.0431886,-0.121689,-0.0515463,-0.0407281,-0.10771,-0.047314,-0.041978,-0.0143086,-0.00797915,0.0110414,0.0182649,-0.0504315,-0.10052	-0.569409,0.203527,-0.105272,-0.333155,-0.31292,-0.228201,-0.257008,-0.161242,-0.357645,-0.374084,-0.306217,-0.127907,-0.345718,-0.310646,-0.310302,-0.436353,-0.503521,-0.442058,-0.306161,-0.197712
-0.555081,-0.381282,-0.395516,-0.236236,-0.321131,-0.31776,-0.315901,-0.191711,-0.491184,-0.470498,-0.433582,-0.335257,-0.432562,-0.351488,-0.295117,-0.43889,-0.490079,-0.46599,-0.359188,-0.329158	0.0636066,-0.524437,-0.222752,0.0905553,-0.00940821,-0.0962177,-0.0598002,-0.0361911,-0.118635,-0.0875593,-0.0986627,-0.172891,-0.0790054,-0.00698091,-0.0318262,0.000466915,0.00356003,-0.0155401,-0.0510993,-0.124726	-0.597588,0.178934,-0.189455,-0.319947,-0.312668,-0.228529,-0.261032,-0.156606,-0.395601,-0.399392,-0.349887,-0.172357,-0.366067,-0.345354,-0.265787,-0.439267,-0.492779,-0.453736,-0.313849,-0.213184
-0.52959,-0.417015,-0.376509,-0.23927,-0.336209,-0.301267,-0.214545,-0.208047,-0.485755,-0.47795,-0.420861,-0.296989,-0.418209,-0.337211,-0.292818,-0.434152,-0.500544,-0.449381,-0.377936,-0.328385	0.0763601,-0.57853,-0.256276,0.0978558,-0.0207692,-0.0761112,0.0479332,-0.046425,-0.125729,-0.0895109,-0.0990952,-0.160703,-0.0620821,-0.0267285,-0.023384,0.00353923,0.00060228,-0.0032559,-0.0507709,-0.139933	-0.582398,0.212872,-0.133074,-0.329413,-0.317657,-0.23044,-0.259807,-0.163198,-0.383444,-0.4058,-0.335769,-0.143117,-0.365619,-0.313306,-0.271291,-0.43702,-0.500995,-0.446778,-0.333565,-0.197529
0.79527,0.671042,0.727303,0.838743,0.760319,0.822164,0.500796,0.814271,0.733186,0.773147,0.83846,0.837694,0.870287,0.825699,0.814705,0.841454,0.815915,0.84567,0.713726,0.829176	0.699363,0.573042,0.603529,0.852157,0.765586,0.822188,0.478441,0.825966,0.702578,0.794731,0.812881,0.790583,0.866218,0.774416,0.818943,0.84143,0.843318,0.822944,0.745792,0.805033	0.216095,0.159229,0.22061,-0.0470214,-0.0126021,-7.31903e-05,0.0293988,-0.0357153,0.0631236,-0.0559815,0.0803285,0.139492,0.0165298,0.142229,-0.0127316,8.32269e-05,-0.0878496,0.0747408,-0.0685588,0.0726128
-0.0847404,0.0893026,-0.0117074,0.0454862,-0.107762,-0.128566,-0.0205794,-0.0163007,-0.114684,0.0350076,0.00482455,0.0428013,0.0400817,-0.0167212,-0.0821684,-0.169187,-0.0940513,-0.019689,0.0445197,-0.0713081	-0.744316,-0.611522,-0.762237,-0.734834,-0.76526,-0.744852,-0.633999,-0.60275,-0.693565,-0.851681,-0.81248,-0.572665,-0.683211,-0.708432,-0.787224,-0.797628,-0.836378,-0.809123,-0.729588,-0.869592	0.703978,0.664534,0.757288,0.755082,0.716593,0.681553,0.621529,0.592268,0.628905,0.861017,0.814113,0.600741,0.704014,0.700003,0.753816,0.726478,0.805706,0.802214,0.749755,0.851057
-0.0762463,0.111077,0.0122367,0.0467025,-0.0851903,-0.109135,-0.0459417,-0.0322572,-0.0891901,0.0250099,0.00543288,0.0446122,0.0472579,-0.0424911,-0.0924949,-0.134857,-0.0975354,-0.0491725,0.0550061,-0.0210643	-0.736485,-0.601334,-0.760546,-0.741798,-0.765057,-0.735859,-0.648303,-0.611852,-0.690371,-0.852631,-0.815511,-0.570812,-0.679917,-0.706306,-0.794314,-0.795844,-0.839639,-0.814246,-0.733879,-0.857116	0.699519,0.667805,0.765657,0.762099,0.727267,0.68145,0.620852,0.591264,0.640627,0.859316,0.817323,0.600142,0.704537,0.684353,0.757471,0.740457,0.808299,0.796983,0.758276,0.851424
-0.083462,0.119043,-0.0401229,0.057422,-0.101527,-0.00463274,0.0121761,-0.0313104,-0.0510021,0.0245246,-0.0203467,-0.0455421,0.0391247,0.00889005,-0.0741767,-0.114072,-0.0750051,-0.0183665,0.0424376,-0.0352178	-0.744741,-0.587783,-0.777142,-0.708822,-0.775211,-0.697536,-0.613735,-0.60735,-0.664136,-0.827064,-0.810535,-0.586321,-0.696284,-0.695918,-0.789384,-0.781858,-0.833697,-0.802465,-0.713757,-0.847804	0.705107,0.660602,0.76074,0.736276,0.731236,0.69515,0.621269,0.587206,0.634631,0.834659,0.803438,0.555615,0.715906,0.700474,0.75969,0.733176,0.809299,0.795828,0.733963,0.837595
-0.0948239,0.132924,-0.0493106,0.0751721,-0.122457,-0.0458366,0.00390452,-0.0145633,-0.0561736,0.00551009,-0.000819456,-0.0768249,0.0184893,0.0154053,-0.100064,-0.099009,-0.0492251,-0.0195889,0.0470464,-0.0763396	-0.753515,-0.575313,-0.78087,-0.69226,-0.783713,-0.713109,-0.62099,-0.59529,-0.675067,-0.844639,-0.818185,-0.610638,-0.705166,-0.695599,-0.792132,-0.776605,-0.831468,-0.812364,-0.726181,-0.862295	0.709377,0.657923,0.760856,0.729471,0.731454,0.68982,0.623383,0.585805,0.643288,0.846211,0.817914,0.560088,0.714342,0.703466,0.751646,0.734037,0.815625,0.805595,0.747683,0.841338
-0.171876,0.000649777,-0.0930166,0.103563,0.141001,0.120201,0.142765,-0.0169591,0.102015,0.0405454,-0.023343,0.0346816,0.0467916,-0.0603587,0.0169998,0.289694,-0.108381,0.00849022,0.103881,0.0385191	-0.464505,-0.7044,-0.796436,-0.491074,-0.544747,-0.48924,-0.444295,-0.524338,-0.318703,-0.669129,-0.672635,-0.333492,-0.535988,-0.578298,-0.638586,-0.324317,-0.66758,-0.628172,-0.554958,-0.722644	0.318019,0.704727,0.7597,0.565859,0.636833,0.575592,0.552044,0.511931,0.40747,0.690929,0.659649,0.363964,0.568521,0.536672,0.648546,0.561278,0.602814,0.633285,0.622927,0.740549
-0.0951772,-0.00822316,-0.113842,0.0847388,0.143207,0.136765,0.0411857,-0.0305095,0.0783458,0.066126,7.53987e-05,0.00507204,0.0342581,-0.0574609,0.00544807,0.306494,-0.0938445,0.0206526,0.11437,0.0717125	-0.459765,-0.737348,-0.803207,-0.485389,-0.519172,-0.46162,-0.452043,-0.535795,-0.329043,-0.64737,-0.663076,-0.364612,-0.538402,-0.58223,-0.646915,-0.321047,-0.658878,-0.627788,-0.551666,-0.71113	0.381272,0.733573,0.758743,0.547604,0.61654,0.56285,0.484214,0.513682,0.397151,0.684206,0.663119,0.369002,0.562289,0.542933,0.650072,0.571324,0.602273,0.640141,0.626507,0.744857
0.92403,0.81287,0.613839,0.729382,0.753393,0.861819,0.759039,0.745439,0.756542,0.71778,0.721501,0.714153,0.650091,0.693251,0.671893,0.716396,0.841776,0.733271,0.652887,0.740153	0.931894,0.816931,0.597157,0.714422,0.739856,0.871216,0.74334,0.741633,0.745027,0.747248,0.708082,0.707856,0.671705,0.722241,0.678648,0.693835,0.83522,0.730982,0.627077,0.776756	-0.0566144,-0.0120895,0.0263365,0.0312372,0.0305857,-0.0377097,0.0360266,0.00851085,0.0263905,-0.0635589,0.0274352,0.0127352,-0.0383688,-0.0580605,-0.0124157,0.0448596,0.0220783,0.00493458,0.0437019,-0.0861089
0.863266,0.66367,0.436463,0.265182,0.356053,0.417942,0.48388,0.450984,0.375992,0.210864,0.321518,0.280977,0.435697,0.373489,0.380993,0.398274,0.419892,0.345685,0.221255,0.320304	0.844169,0.686916,0.354627,0.359777,0.332492,0.430105,0.50369,0.46498,0.406626,0.402238,0.37364,0.335102,0.39341,0.356208,0.36974,0.417347,0.402154,0.373239,0.275417,0.386177	0.070403,-0.0427221,0.0968218,-0.104572,0.0267241,-0.0148282,-0.0261933,-0.0177098,-0.036163,-0.20911,-0.0592379,-0.0597512,0.0510343,0.0199334,0.0130979,-0.0228758,0.0213413,-0.0316365,-0.0576766,-0.0751703
0.886878,0.647001,0.501488,0.291968,0.542436,0.595266,0.545596,0.529219,0.541604,0.414194,0.50871,0.419046,0.507885,0.481231,0.458827,0.480262,0.559185,0.454435,0.389594,0.494948	0.854983,0.686558,0.408592,0.424135,0.510888,0.601761,0.550648,0.551262,0.536166,0.512478,0.501042,0.436057,0.458245,0.466027,0.467494,0.502561,0.543435,0.446428,0.393424,0.531136	0.131942,-0.0711725,0.116836,-0.150847,0.0436423,-0.0101197,-0.00722146,-0.0311231,0.00766255,-0.124768,0.0102899,-0.0208145,0.0646977,0.0195988,-0.0110344,-0.0293942,0.0226258,0.0100446,-0.00452302,-0.0490945
-0.619078,-0.538959,-0.368317,-0.388311,-0.343189,-0.409518,-0.284898,-0.285102,-0.510708,-0.584514,-0.473993,-0.442296,-0.419255,-0.385667,-0.321,-0.542842,-0.486781,-0.499356,-0.345438,-0.503117	-0.078254,-0.569968,-0.377055,0.084806,-0.0352693,-0.104318,-0.046699,-0.125781,-0.131075,-0.0350963,-0.0494901,-0.124729,-0.14608,-0.127643,0.00299578,-0.0355516,0.0203473,-0.0809789,-0.00935238,-0.0758979	-0.568358,0.0447579,0.0101473,-0.458033,-0.311692,-0.31882,-0.241411,-0.165247,-0.406869,-0.560925,-0.4347,-0.336109,-0.290998,-0.271384,-0.323685,-0.517273,-0.502154,-0.436008,-0.337175,-0.444181
-0.585332,-0.573109,-0.388302,-0.420954,-0.387165,-0.414994,-0.258632,-0.282428,-0.534864,-0.603952,-0.46783,-0.43804,-0.407862,-0.388034,-0.286095,-0.525735,-0.499003,-0.476431,-0.359024,-0.516296	-0.0484818,-0.628854,-0.409414,0.0730054,-0.0636613,-0.0912339,0.0661193,-0.131824,-0.1651,-0.0452285,-0.0404567,-0.134811,-0.130544,-0.14229,0.0365188,-0.00788628,0.0129976,-0.0598464,-0.0200951,-0.0966339	-0.55253,0.0871565,0.0251021,-0.479231,-0.331679,-0.336501,-0.319291,-0.156428,-0.405578,-0.574414,-0.435618,-0.32226,-0.292914,-0.260106,-0.319278,-0.520005,-0.508702,-0.428811,-0.341392,-0.441699
0.866382,0.662696,0.466492,0.278136,0.360993,0.426498,0.470312,0.457402,0.381146,0.231769,0.313327,0.31756,0.464252,0.38675,0.3572,0.39572,0.442071,0.347468,0.200597,0.3453	0.838978,0.681513,0.398908,0.389484,0.350728,0.428599,0.505975,0.475342,0.423748,0.398052,0.378013,0.377936,0.400366,0.341126,0.339334,0.437017,0.43102,0.376917,0.278467,0.37699	0.100335,-0.0343145,0.083036,-0.124875,0.0117529,-0.00257071,-0.0467999,-0.0229242,-0.050808,-0.183182,-0.0733774,-0.0686102,0.0784713,0.0525581,0.02033,-0.0499318,0.0136518,-0.0338879,-0.0824772,-0.0364328
0.888396,0.635082,0.515783,0.320808,0.550183,0.604041,0.538378,0.53342,0.555747,0.439322,0.526546,0.439348,0.509381,0.503144,0.454331,0.470876,0.557045,0.466944,0.354136,0.516743	0.848575,0.670355,0.438216,0.471214,0.532278,0.600431,0.559687,0.559407,0.562237,0.509193,0.53245,0.462439,0.43794,0.458865,0.456282,0.515577,0.548089,0.461247,0.382458,0.516671	0.161792,-0.0614214,0.100219,-0.177192,0.0253197,0.00566409,-0.0304987,-0.0370391,-0.00943988,-0.0900056,-0.00820307,-0.0289782,0.0919547,0.0575694,-0.00246094,-0.0590333,0.0128914,0.00726182,-0.0327592,9.82477e-05
-0.617955,-0.547206,-0.330862,-0.394951,-0.383362,-0.42199,-0.289503,-0.278154,-0.51532,-0.586438,-0.473991,-0.436107,-0.416879,-0.373353,-0.32808,-0.54041,-0.493037,-0.490995,-0.371038,-0.507008	-0.0890797,-0.579096,-0.329401,0.0865898,-0.0770066,-0.127106,-0.0407123,-0.115495,-0.131342,-0.0521912,-0.0329052,-0.117021,-0.153287,-0.13233,-0.00967998,-0.00956152,0.0124034,-0.0670296,-0.0201802,-0.105888	-0.559684,0.0466843,-0.00163944,-0.465617,-0.315674,-0.311597,-0.251758,-0.168059,-0.411853,-0.551114,-0.448074,-0.336245,-0.281586,-0.25355,-0.319414,-0.533606,-0.502368,-0.438393,-0.353505,-0.423876
-0.58025,-0.577175,-0.35732,-0.42504,-0.421889,-0.421076,-0.276163,-0.268939,-0.5416,-0.611951,-0.469399,-0.425397,-0.400037,-0.387807,-0.300896,-0.528024,-0.500459,-0.468893,-0.37976,-0.525052	-0.0521249,-0.633672,-0.369433,0.0787529,-0.099668,-0.10286,0.0530068,-0.114088,-0.166784,-0.0782607,-0.0227606,-0.118393,-0.132359,-0.16344,0.012944,0.00770483,0.0138197,-0.0476478,-0.0259914,-0.133441	-0.544597,0.0890751,0.0139556,-0.487475,-0.336364,-0.332622,-0.324421,-0.159752,-0.412035,-0.560535,-0.451461,-0.323286,-0.282643,-0.23955,-0.312623,-0.533558,-0.510747,-0.430872,-0.357295,-0.421117
0.85455,0.584776,0.471774,0.365764,0.382162,0.454491,0.495956,0.45153,0.417066,0.363522,0.388632,0.333522,0.391304,0.385891,0.362463,0.359878,0.450255,0.343489,0.285038,0.338609	0.840947,0.601442,0.461871,0.401626,0.374884,0.448857,0.48131,0.459412,0.380769,0.263659,0.328945,0.296429,0.385376,0.388205,0.382256,0.362929,0.452448,0.308945,0.234051,0.307024	0.0483445,-0.0257066,0.0126618,-0.0420379,0.00849541,0.00707789,0.0192388,-0.00994541,0.0431487,0.110449,0.0684354,0.0411625,0.0069804,-0.002722,-0.0229765,-0.0035103,-0.00275449,0.0386454,0.0546319,0.0352488
-0.636627,-0.53609,-0.343513,-0.375987,-0.35691,-0.412642,-0.288075,-0.251409,-0.480505,-0.528408,-0.426562,-0.384258,-0.4141,-0.393947,-0.337562,-0.529997,-0.482301,-0.465347,-0.335106,-0.468759	-0.10623,-0.576024,-0.296829,0.0170194,-0.0342619,-0.118849,-0.0698056,-0.0982438,-0.106053,-0.0946359,-0.021377,-0.0900872,-0.10966,-0.126342,-0.00399969,-0.0217484,0.0462445,-0.059866,-0.0402213,-0.077431	-0.568869,0.0577742,-0.0519856,-0.390507,-0.326642,-0.308944,-0.222749,-0.157044,-0.394558,-0.456605,-0.408914,-0.304719,-0.318923,-0.281622,-0.334014,-0.514176,-0.517014,-0.417101,-0.298913,-0.406067
-0.610777,-0.569703,-0.367246,-0.400436,-0.390529,-0.415578,-0.288537,-0.250641,-0.485108,-0.540045,-0.429256,-0.373051,-0.403417,-0.395052,-0.322947,-0.523892,-0.488642,-0.446647,-0.337801,-0.479778	-0.0912799,-0.633545,-0.335681,0.0184226,-0.0474288,-0.100646,0.00610548,-0.107495,-0.10409,-0.0844526,-0.0245265,-0.0925408,-0.0965639,-0.140144,0.000102248,-0.0165435,0.0487364,-0.0472338,-0.0367158,-0.0923787	-0.55017,0.0998984,-0.036003,-0.415791,-0.349575,-0.32868,-0.294124,-0.14711,-0.401281,-0.477365,-0.409036,-0.29054,-0.319291,-0.269848,-0.323039,-0.511785,-0.524878,-0.408021,-0.304866,-0.405366
-0.642501,-0.526781,-0.357964,-0.346653,-0.367,-0.412216,-0.29667,-0.258558,-0.499158,-0.572279,-0.497873,-0.44228,-0.455567,-0.382302,-0.304108,-0.523846,-0.488154,-0.479745,-0.360073,-0.488355	-0.104271,-0.574049,-0.305151,0.0254365,-0.0375216,-0.114793,-0.0685511,-0.11368,-0.109376,-0.095773,-0.0768217,-0.14699,-0.16145,-0.112382,0.0221035,-0.016362,0.0398715,-0.053658,-0.0274547,-0.0799531	-0.576878,0.0677574,-0.0592888,-0.368837,-0.334079,-0.312196,-0.232855,-0.149265,-0.412292,-0.504138,-0.437796,-0.315821,-0.317467,-0.282038,-0.324034,-0.511872,-0.517945,-0.437346,-0.335939,-0.424996
-0.6166,-0.556607,-0.377344,-0.367375,-0.399735,-0.413609,-0.27363,-0.258058,-0.509516,-0.590923,-0.501245,-0.425589,-0.442846,-0.387418,-0.28603,-0.517177,-0.497897,-0.461336,-0.364096,-0.503273	-0.0870448,-0.628187,-0.339481,0.033725,-0.0498523,-0.0946243,0.0383756,-0.122705,-0.117774,-0.100927,-0.0800377,-0.138327,-0.144099,-0.131279,0.0308402,-0.0127847,0.0373378,-0.0404626,-0.0255961,-0.101462	-0.559589,0.110064,-0.043427,-0.396191,-0.356997,-0.331978,-0.308763,-0.139778,-0.416751,-0.521072,-0.438812,-0.305231,-0.319111,-0.269865,-0.3141,-0.50775,-0.525467,-0.428879,-0.341684,-0.423433
0.760231,0.575383,0.709796,0.787547,0.706789,0.769621,0.414552,0.807964,0.69724,0.714134,0.819999,0.787906,0.86072,0.802687,0.814517,0.818919,0.801403,0.833679,0.747071,0.750663	0.650487,0.451173,0.676322,0.83506,0.759394,0.809835,0.52187,0.793105,0.714819,0.76396,0.819072,0.756733,0.862331,0.786227,0.789581,0.806431,0.82474,0.813517,0.754256,0.755594	0.217108,0.16776,0.0643803,-0.138784,-0.113553,-0.106744,-0.136945,0.041368,-0.0350462,-0.109646,0.00282278,0.0772055,-0.00624864,0.0446196,0.069876,0.0367717,-0.0688304,0.0626565,-0.0164615,-0.011393
0.923102,0.802523,0.611653,0.726333,0.759211,0.86024,0.768723,0.749329,0.764157,0.719058,0.721235,0.712173,0.637439,0.699677,0.686577,0.726019,0.847764,0.739541,0.650007,0.735911	0.932369,0.819732,0.603746,0.711206,0.756427,0.876764,0.739586,0.735951,0.7672,0.745784,0.707991,0.707294,0.662376,0.714792,0.690389,0.720584,0.840637,0.726742,0.627994,0.784854	-0.0665099,-0.0502993,0.012537,0.0312916,0.00653986,-0.0672299,0.0675297,0.0298258,-0.00735608,-0.0576313,0.0270644,0.00983092,-0.0431601,-0.0302382,-0.0072457,0.0113984,0.0248049,0.0276714,0.0371977,-0.115864
0.866532,0.638542,0.450112,0.248544,0.379795,0.403666,0.475273,0.461088,0.384136,0.206916,0.326502,0.314921,0.424013,0.365959,0.398256,0.418458,0.434795,0.347144,0.209986,0.324164	0.847287,0.682292,0.357391,0.349936,0.361071,0.469351,0.514007,0.465851,0.449593,0.396025,0.370077,0.311066,0.381009,0.361545,0.390705,0.461585,0.423032,0.374785,0.263908,0.397835	0.0724058,-0.0775259,0.110496,-0.11105,0.0216991,-0.0810384,-0.0512552,-0.00606633,-0.0791221,-0.205989,-0.0495641,0.00427315,0.0512893,0.00508777,0.00894223,-0.0534506,0.0144143,-0.0317751,-0.0570851,-0.084578
0.890912,0.615484,0.516788,0.268215,0.564306,0.587314,0.538708,0.530021,0.546573,0.416978,0.509345,0.472544,0.504562,0.471567,0.481327,0.490845,0.563016,0.457037,0.380392,0.50476	0.856715,0.684944,0.409895,0.416311,0.529823,0.628561,0.557804,0.55292,0.573843,0.507614,0.499704,0.408101,0.443833,0.47271,0.483207,0.543385,0.562329,0.449197,0.385493,0.538731	0.14445,-0.120085,0.135622,-0.166712,0.0491909,-0.0653861,-0.0272982,-0.0323919,-0.0397318,-0.114971,0.0129326,0.0798399,0.0782524,-0.00147081,-0.00244927,-0.0716516,0.00100501,0.00986573,-0.00597787,-0.0466591
-0.563711,-0.565749,-0.344493,-0.431799,-0.385289,-0.434977,-0.353453,-0.272037,-0.529284,-0.598559,-0.471512,-0.460239,-0.442145,-0.361284,-0.321129,-0.602631,-0.455931,-0.496598,-0.386285,-0.502264	-0.0151255,-0.6143,-0.370709,0.0628604,0.0177528,-0.0370786,-0.0374221,-0.113338,-0.0541397,-0.0512608,-0.0517057,-0.15551,-0.171317,-0.117174,0.0396087,0.0790409,0.0603458,-0.0716459,-0.0315106,-0.0535862	-0.553303,0.0744119,0.0300543,-0.481587,-0.400304,-0.404421,-0.320267,-0.163747,-0.489161,-0.564622,-0.430297,-0.328221,-0.293023,-0.2549,-0.356207,-0.650679,-0.502453,-0.44063,-0.359146,-0.461087
-0.545163,-0.593668,-0.358685,-0.459686,-0.427939,-0.443322,-0.277326,-0.263948,-0.54362,-0.625294,-0.470177,-0.438636,-0.427341,-0.364459,-0.283774,-0.592171,-0.475045,-0.478641,-0.402563,-0.520972	0.0113682,-0.664867,-0.401506,0.0493942,-0.0117701,-0.0226167,0.0821478,-0.119383,-0.089181,-0.0633111,-0.0428256,-0.161176,-0.155301,-0.131668,0.0735101,0.112125,0.0546074,-0.0513965,-0.0432764,-0.0749848	-0.553103,0.117629,0.0500264,-0.497778,-0.418276,-0.424966,-0.351467,-0.149269,-0.477593,-0.585148,-0.436133,-0.298568,-0.291377,-0.244525,-0.349983,-0.660444,-0.51626,-0.43802,-0.365657,-0.464118
0.869883,0.642033,0.482167,0.261872,0.386325,0.41317,0.458474,0.465117,0.39194,0.227121,0.319033,0.350987,0.453362,0.375981,0.374603,0.420055,0.455675,0.34752,0.189982,0.35175	0.840814,0.667763,0.395416,0.380444,0.370147,0.461301,0.526751,0.483567,0.454651,0.393564,0.375164,0.35186,0.385554,0.356729,0.363287,0.46885,0.45133,0.387407,0.264006,0.379364	0.108227,-0.0450398,0.107188,-0.131692,0.0188776,-0.0594651,-0.0900159,-0.023804,-0.0763091,-0.182781,-0.0637629,-0.000995982,0.0821711,0.0222349,0.0130988,-0.0607613,0.00547009,-0.0460922,-0.0779327,-0.0318662
0.892136,0.607789,0.533856,0.298031,0.5738,0.598859,0.528616,0.532003,0.564072,0.441441,0.529241,0.491346,0.506184,0.489619,0.475183,0.487064,0.561503,0.467003,0.345612,0.530701	0.848613,0.659725,0.434035,0.465384,0.541866,0.622691,0.577852,0.568684,0.588351,0.506293,0.532996,0.432446,0.420466,0.475579,0.47326,0.545482,0.568268,0.471939,0.371402,0.51582	0.179162,-0.0867004,0.129926,-0.194303,0.0463428,-0.0380045,-0.0708895,-0.0525923,-0.0363397,-0.0835177,-0.00523073,0.0747911,0.108893,0.018301,0.00248118,-0.079554,-0.00993526,-0.0063309,-0.0295874,0.0204898
-0.562333,-0.575939,-0.310579,-0.437246,-0.426788,-0.448132,-0.3544,-0.263081,-0.538224,-0.599538,-0.470629,-0.457563,-0.442977,-0.344516,-0.329196,-0.603947,-0.463157,-0.485144,-0.413545,-0.51024	-0.0306324,-0.628853,-0.332909,0.0643469,-0.0391807,-0.0706303,-0.0136279,-0.0934045,-0.0742463,-0.0643595,-0.0352283,-0.150667,-0.183661,-0.107751,0.0305132,0.083282,0.0536223,-0.0446666,-0.0485426,-0.0994659	-0.54102,0.082962,0.0249053,-0.487867,-0.394199,-0.389841,-0.342425,-0.173951,-0.483291,-0.556657,-0.442742,-0.32962,-0.282282,-0.245894,-0.356132,-0.654318,-0.504256,-0.450234,-0.37248,-0.432736
-0.542059,-0.599393,-0.331911,-0.462754,-0.464597,-0.45112,-0.291474,-0.248997,-0.553974,-0.631637,-0.471619,-0.430024,-0.421588,-0.359158,-0.299729,-0.599305,-0.477423,-0.468366,-0.424739,-0.534235	0.00247187,-0.674389,-0.372034,0.0551457,-0.0628003,-0.0443154,0.085326,-0.0923844,-0.109724,-0.0928607,-0.0252891,-0.148171,-0.161354,-0.138256,0.0536656,0.104671,0.0564907,-0.0262388,-0.0550683,-0.128292	-0.543802,0.12588,0.0457751,-0.505012,-0.413872,-0.415103,-0.367656,-0.1603,-0.473001,-0.572347,-0.451717,-0.301034,-0.279228,-0.232445,-0.347801,-0.662422,-0.519892,-0.447629,-0.378524,-0.435812
0.859847,0.5557,0.482309,0.343259,0.41015,0.465647,0.496642,0.453256,0.435412,0.363815,0.385866,0.370861,0.386608,0.379292,0.389404,0.382051,0.458407,0.345968,0.272531,0.353064	0.844046,0.582106,0.469377,0.388479,0.39483,0.441705,0.477166,0.471338,0.396395,0.258417,0.333017,0.312916,0.370678,0.384858,0.398796,0.391341,0.469432,0.31144,0.222992,0.311454	0.0576162,-0.0390325,0.0167162,-0.0521778,0.01828,0.0301413,0.0255254,-0.0229942,0.0471559,0.116335,0.0606415,0.065552,0.018594,-0.00651761,-0.0111188,-0.0109232,-0.0140482,0.0386971,0.0527439,0.0467507
-0.582961,-0.566108,-0.319789,-0.424161,-0.396785,-0.451637,-0.360122,-0.238109,-0.515808,-0.539857,-0.419789,-0.392889,-0.435711,-0.370832,-0.338809,-0.59618,-0.45305,-0.464305,-0.377855,-0.471556	-0.0417036,-0.628936,-0.282152,-0.0156083,0.0136727,-0.120653,-0.08461,-0.0777849,-0.0762995,-0.106105,-0.012892,-0.0577439,-0.133236,-0.128335,0.029436,0.0547463,0.0779646,-0.0517762,-0.0634431,-0.0661873	-0.554744,0.0975663,-0.0413694,-0.411276,-0.408243,-0.350059,-0.284171,-0.163349,-0.457514,-0.460107,-0.409111,-0.342925,-0.321117,-0.254614,-0.364608,-0.630353,-0.512898,-0.422691,-0.322134,-0.418428
-0.574883,-0.594206,-0.33799,-0.443992,-0.429692,-0.459791,-0.310518,-0.231021,-0.510505,-0.558413,-0.428029,-0.366379,-0.42004,-0.371525,-0.322086,-0.595914,-0.465442,-0.449061,-0.383304,-0.488414	-0.0301884,-0.677805,-0.319997,-0.0153348,0.000795754,-0.102207,-0.00186655,-0.0868168,-0.0730604,-0.0974493,-0.0160888,-0.0591183,-0.11891,-0.141102,0.0335355,0.0611608,0.0818735,-0.0395386,-0.06013,-0.0818404	-0.554314,0.139975,-0.0201747,-0.431596,-0.43034,-0.375217,-0.308831,-0.147156,-0.454392,-0.487491,-0.414796,-0.314063,-0.316962,-0.24317,-0.351821,-0.633969,-0.527224,-0.416925,-0.330798,-0.423502
-0.590088,-0.55569,-0.333713,-0.39538,-0.40471,-0.446601,-0.366652,-0.246031,-0.534181,-0.582453,-0.49345,-0.440437,-0.474063,-0.359967,-0.303856,-0.59478,-0.461335,-0.478868,-0.402208,-0.487255	-0.032665,-0.628694,-0.287217,-0.0165997,0.0210638,-0.0935421,-0.0776392,-0.102745,-0.0762752,-0.0999502,-0.0762546,-0.0908045,-0.174453,-0.118172,0.0668781,0.0505566,0.0603497,-0.0452367,-0.0525731,-0.0554536	-0.568378,0.112203,-0.051425,-0.381283,-0.422175,-0.368451,-0.297481,-0.147002,-0.477355,-0.512328,-0.433508,-0.364198,-0.326623,-0.252538,-0.363351,-0.626498,-0.507554,-0.443233,-0.357188,-0.443793
-0.578793,-0.581772,-0.347547,-0.411,-0.43616,-0.452446,-0.294016,-0.239712,-0.535008,-0.608656,-0.501517,-0.408701,-0.457168,-0.364463,-0.282902,-0.593621,-0.47748,-0.464836,-0.409089,-0.506631	-0.0184953,-0.675688,-0.320553,-0.00940108,0.00928433,-0.0723042,0.0368197,-0.111608,-0.0841032,-0.107312,-0.0797856,-0.080106,-0.156057,-0.135781,0.0755392,0.0546231,0.0590473,-0.0325178,-0.0510639,-0.0772235	-0.56636,0.154746,-0.0303789,-0.403157,-0.443647,-0.392998,-0.327292,-0.131625,-0.47215,-0.536379,-0.43931,-0.339717,-0.324243,-0.240588,-0.350942,-0.627885,-0.521815,-0.438953,-0.365664,-0.446891
0.763156,0.583543,0.728757,0.779499,0.681481,0.73269,0.422223,0.817535,0.692327,0.698483,0.818667,0.781865,0.864435,0.811562,0.828249,0.771377,0.80609,0.830498,0.732111,0.736592	0.744305,0.452095,0.684963,0.813592,0.740874,0.791056,0.449973,0.791624,0.686654,0.763831,0.831113,0.724687,0.856734,0.79765,0.796001,0.772993,0.838321,0.817876,0.746037,0.756925	0.0436393,0.178553,0.087443,-0.0932008,-0.119959,-0.138835,-0.0342595,0.0734388,0.0108154,-0.140088,-0.0389418,0.131931,0.0296866,0.0394509,0.0946467,-0.00400153,-0.0994056,0.0393501,-0.0306852,-0.0459549
0.0243638,0.012057,0.0617696,0.0273859,0.0067339,0.0134906,-0.00531359,0.0153483,0.0172523,0.0393393,-0.0127641,0.101463,0.0491642,0.0143227,-0.0534451,0.00274099,0.0952091,0.0161671,-0.042076,0.0543505	-0.515405,-0.401726,-0.269173,-0.523234,-0.58809,-0.748526,-0.490661,-0.482887,-0.564511,-0.531057,-0.529563,-0.507936,-0.388908,-0.50325,-0.485206,-0.466475,-0.655651,-0.548528,-0.502951,-0.584461	0.533075,0.411788,0.32553,0.542842,0.592478,0.754399,0.486616,0.49457,0.576152,0.558723,0.520316,0.579532,0.429853,0.513868,0.443256,0.468616,0.706742,0.559732,0.470839,0.619144
0.00797788,-0.0478238,0.0397462,0.0704507,0.0204741,-0.00273947,0.0139269,0.0118406,0.0455923,0.0454449,0.0600864,0.0699401,-0.0180112,0.0281251,-0.0162883,-0.0159303,0.00113278,0.0458176,-0.0761558,0.0317004	-0.408226,-0.438126,-0.207683,-0.472158,-0.446368,-0.652576,-0.434664,-0.396483,-0.423645,-0.43341,-0.366836,-0.435363,-0.372072,-0.405881,-0.376675,-0.38792,-0.608764,-0.471111,-0.426479,-0.475437	0.414852,0.398655,0.245404,0.525141,0.462614,0.651,0.445891,0.406416,0.460346,0.469606,0.417715,0.490372,0.356449,0.429108,0.362612,0.374303,0.609477,0.506006,0.362083,0.499608
0.034105,-0.0473884,0.0592434,-0.0290441,-0.114357,-0.0289295,-0.0249985,0.0124467,-0.0264276,0.0401306,0.000848967,-0.00311782,0.031768,0.051394,-0.0091692,-0.00659817,-0.0419599,0.0187398,-0.0572577,0.0298641	-0.925709,-0.910991,-0.706846,-0.717204,-0.780884,-0.882062,-0.76706,-0.762511,-0.769904,-0.728284,-0.730149,-0.739926,-0.69353,-0.737928,-0.679496,-0.717505,-0.844444,-0.743589,-0.649876,-0.763747	0.930439,0.902567,0.735298,0.7028,0.731884,0.875473,0.756569,0.767672,0.758918,0.746594,0.730545,0.738512,0.709663,0.760481,0.674529,0.714288,0.831963,0.751852,0.615522,0.775914
0.0469704,-0.0196845,0.054095,-0.0224985,-0.10045,0.00768826,-0.0610808,0.0285288,-0.0269623,0.018569,0.00295702,0.0122774,0.0380781,0.0148242,-0.0287238,-0.0227825,-0.0201351,0.016289,-0.0502872,0.0181819	-0.922979,-0.913887,-0.715599,-0.719941,-0.782022,-0.873077,-0.757897,-0.76004,-0.775849,-0.734422,-0.731038,-0.738245,-0.685877,-0.747613,-0.682046,-0.718924,-0.841402,-0.740329,-0.652179,-0.768762	0.929646,0.910583,0.741009,0.708925,0.739677,0.874893,0.73064,0.771834,0.764888,0.74286,0.732412,0.743781,0.705529,0.754079,0.666378,0.707733,0.83542,0.747603,0.622301,0.776096
-0.103476,-0.179104,0.0298343,0.0773212,-0.223426,-0.227832,-0.0927148,-0.132351,-0.206768,-0.121328,-0.179252,-0.130139,-0.164529,-0.131194,-0.137852,-0.192148,-0.15737,-0.161573,-0.146132,-0.246788	0.0615438,-0.1716,0.117681,0.156009,0.0356746,0.0595992,-0.00193497,0.00718538,0.00628352,0.0583081,0.0135735,0.0249718,-0.0728229,0.0290105,0.00318059,-0.0666017,0.0699384,-0.0464453,0.0162863,-0.0389791	-0.163975,-0.00774202,-0.0881565,-0.0796484,-0.257052,-0.283581,-0.0907961,-0.139404,-0.212776,-0.178374,-0.192358,-0.154608,-0.0928178,-0.159598,-0.140971,-0.127174,-0.224834,-0.115998,-0.162033,-0.209827
-0.103316,0.0190556,-0.0116653,0.0441712,-0.0256975,7.66699e-06,-0.00360046,0.0531833,0.0579943,0.168615,0.0841149,0.0903049,-0.0130569,-0.0194034,-0.0204198,0.0353507,0.0016422,0.0482117,0.0293853,0.0717673	-0.870552,-0.82259,-0.557787,-0.265288,-0.375258,-0.470629,-0.523938,-0.495493,-0.41009,-0.259615,-0.327703,-0.323331,-0.477329,-0.445218,-0.382915,-0.405467,-0.399418,-0.367622,-0.245793,-0.353467	0.843063,0.828656,0.549699,0.305875,0.352965,0.470635,0.521321,0.534589,0.45721,0.41027,0.40077,0.401901,0.467184,0.429525,0.365352,0.434588,0.400797,0.408592,0.273205,0.414714
-0.120567,0.0250696,-0.0143075,0.0583087,-0.00970874,0.00582462,-0.0455981,0.0486447,0.0922794,0.183863,0.0746782,0.0985236,-0.0159042,-0.0189559,-0.052181,0.0155259,0.0103209,0.0412251,0.0429761,0.0762829	-0.872433,-0.832086,-0.572413,-0.264459,-0.375773,-0.458917,-0.505009,-0.50255,-0.402999,-0.252005,-0.334628,-0.326043,-0.470565,-0.451902,-0.388242,-0.40843,-0.397614,-0.364042,-0.244671,-0.357571	0.840249,0.839641,0.562714,0.317866,0.367404,0.463503,0.470239,0.538041,0.47752,0.416567,0.399327,0.411353,0.458089,0.436687,0.34301,0.421285,0.406268,0.399275,0.284654,0.422334
-0.166475,0.0584835,-0.0404811,0.0954668,-0.0451361,-0.00415105,-0.023437,0.0470041,0.0162715,0.0726446,-0.0388534,-0.00975044,-0.0826497,-0.00105202,0.0331599,0.0482732,-0.002277,0.0156444,-0.0137159,0.0439882	-0.893854,-0.815221,-0.613494,-0.287351,-0.554372,-0.633607,-0.580385,-0.574644,-0.56394,-0.458802,-0.541209,-0.490296,-0.571871,-0.534388,-0.443375,-0.483073,-0.545821,-0.471054,-0.402779,-0.522212	0.854538,0.833944,0.587606,0.372597,0.522305,0.631116,0.564628,0.605299,0.574936,0.514305,0.513145,0.482854,0.513491,0.533636,0.46963,0.519237,0.544221,0.483138,0.391225,0.553486
-0.182076,0.0746289,-0.0380186,0.117098,-0.0240166,0.00576784,-0.0280474,0.0422027,0.0459572,0.0780798,-0.0524455,0.0118498,-0.0804889,-0.00662117,0.00415914,0.024659,0.00275583,0.00849326,-0.000732452,0.043206	-0.895374,-0.822008,-0.623784,-0.281932,-0.551965,-0.623179,-0.545197,-0.580259,-0.560792,-0.457191,-0.549495,-0.484146,-0.564157,-0.541434,-0.446544,-0.4867,-0.545731,-0.467037,-0.401642,-0.527744	0.852235,0.844812,0.599994,0.386277,0.535041,0.626694,0.525181,0.607583,0.591505,0.516822,0.511799,0.493166,0.506676,0.536737,0.449867,0.505295,0.547664,0.473651,0.401028,0.558222
0.861923,0.799504,0.82437,0.900078,0.854812,0.864357,0.564443,0.861694,0.862663,0.893135,0.902243,0.880969,0.913103,0.887625,0.855316,0.911305,0.923307,0.909461,0.831323,0.891789	0.881364,0.691377,0.774234,0.888741,0.829698,0.876956,0.682069,0.854781,0.837299,0.887562,0.908985,0.873169,0.925927,0.873625,0.885808,0.929914,0.917597,0.924185,0.821523,0.875623	-0.0808918,0.241765,0.138595,0.0566688,0.0863736,-0.0520615,-0.191258,0.0262416,0.0913391,0.026884,-0.0374851,0.0337983,-0.0829878,0.0623466,-0.125815,-0.121971,0.0373747,-0.0923205,0.0309104,0.0737729
-0.106927,-0.146814,0.00295633,0.0422159,-0.236722,-0.229213,-0.0988633,-0.139985,-0.232129,-0.147354,-0.210007,-0.172678,-0.157643,-0.148319,-0.124547,-0.186096,-0.162888,-0.184261,-0.101248,-0.266947	0.0485771,-0.171469,0.0766296,0.147336,0.0324129,0.0546767,0.00150265,-0.00275044,-0.00436646,0.0355379,0.0224943,-0.037947,-0.106511,0.0201305,0.0402404,-0.0690549,0.0254238,-0.0563054,0.0431532,-0.0702958	-0.154701,0.0252921,-0.0736899,-0.105778,-0.267085,-0.280375,-0.100351,-0.137288,-0.227994,-0.181939,-0.231408,-0.13562,-0.0520051,-0.167948,-0.163966,-0.118565,-0.187535,-0.129297,-0.143773,-0.200412
-0.121206,0.0468289,-0.0544476,0.0604704,0.0329506,0.00952884,0.0115374,0.0461127,0.0735872,0.152899,0.0829231,0.0945444,-0.034499,-0.0475101,-0.0144418,0.0394649,0.0173172,0.0382663,0.0629911,0.0591591	-0.872276,-0.817638,-0.594884,-0.278192,-0.370329,-0.474751,-0.511104,-0.502394,-0.415739,-0.279942,-0.32217,-0.357121,-0.501615,-0.456052,-0.3593,-0.407215,-0.420776,-0.372238,-0.223382,-0.372618	0.839865,0.832588,0.558527,0.33306,0.398418,0.482099,0.519577,0.536087,0.474801,0.415075,0.394553,0.436914,0.475341,0.41759,0.346656,0.439615,0.434924,0.404739,0.282399,0.422464
-0.145761,0.0364202,-0.054243,0.0716447,0.041685,0.00336677,-0.00735039,0.031633,0.108835,0.179921,0.0725307,0.0948071,-0.0415761,-0.0271492,-0.0338865,0.0288146,0.0181053,0.0325456,0.0727114,0.0693021	-0.874967,-0.829693,-0.609544,-0.277741,-0.373225,-0.466455,-0.485176,-0.511035,-0.408645,-0.270669,-0.329368,-0.361678,-0.495817,-0.457418,-0.361327,-0.407755,-0.420404,-0.368427,-0.223161,-0.375493	0.8358,0.840709,0.574289,0.342569,0.408554,0.469085,0.479536,0.534035,0.495445,0.429666,0.392522,0.441351,0.463802,0.43568,0.331499,0.4315,0.435196,0.396221,0.291148,0.433514
-0.182926,0.0839937,-0.0871355,0.116459,0.0272242,0.00795044,-0.00667637,0.0391538,0.0348941,0.0498716,-0.0404538,-0.00789115,-0.105286,-0.0336907,0.0390986,0.0524683,0.0162535,0.00489883,0.024924,0.0273496	-0.893777,-0.804643,-0.642925,-0.31683,-0.550527,-0.634456,-0.575104,-0.581363,-0.578862,-0.481254,-0.560555,-0.505584,-0.57387,-0.553714,-0.43539,-0.478242,-0.542802,-0.485153,-0.363759,-0.537264	0.849788,0.83238,0.588774,0.417871,0.56922,0.639182,0.570619,0.606706,0.601604,0.518677,0.532169,0.499686,0.498717,0.529908,0.466547,0.517719,0.554166,0.48889,0.385191,0.556437
-0.205346,0.0837487,-0.0811186,0.135677,0.0397614,0.00258039,0.012219,0.0233168,0.066379,0.0690634,-0.056007,0.0044439,-0.107671,-0.0162593,0.0231834,0.039147,0.0116506,-0.000869698,0.0329105,0.0335466	-0.895673,-0.814436,-0.652305,-0.312072,-0.551181,-0.62813,-0.5339,-0.589044,-0.575754,-0.477359,-0.570102,-0.501619,-0.567203,-0.555037,-0.434868,-0.479937,-0.54433,-0.480254,-0.364098,-0.54164	0.845909,0.840833,0.603099,0.429561,0.578269,0.62969,0.542579,0.604064,0.618495,0.528983,0.531052,0.504937,0.489421,0.543685,0.453479,0.509512,0.552477,0.479585,0.392308,0.564922
0.85757,0.794704,0.81779,0.899312,0.859749,0.85923,0.5779,0.860228,0.866901,0.89992,0.899255,0.873035,0.908445,0.894287,0.85973,0.915669,0.920881,0.910245,0.83612,0.891368	0.882058,0.69508,0.763621,0.891011,0.84152,0.882285,0.674618,0.86087,0.841481,0.884786,0.906877,0.871755,0.924853,0.864914,0.879933,0.927153,0.921839,0.924052,0.831117,0.870288	-0.100536,0.222564,0.14425,0.041772,0.0659284,-0.0952997,-0.158519,-0.00247373,0.0939689,0.074269,-0.0413156,0.00535383,-0.102667,0.129672,-0.0829678,-0.0760333,-0.00634295,-0.0868933,0.0163958,0.0940018
-0.0471933,0.0332104,-0.0258668,0.0508494,-0.0113575,-0.00333407,-0.018078,-0.0109331,-0.0457493,-0.112413,-0.116333,-0.097501,-0.0588346,0.018831,0.0504228,0.00791172,-0.00368015,-0.0325469,-0.0419008,-0.0360858	-0.858533,-0.776064,-0.600531,-0.351379,-0.402022,-0.498362,-0.529132,-0.51302,-0.458357,-0.404368,-0.429777,-0.414848,-0.471664,-0.446486,-0.345479,-0.366903,-0.441236,-0.366172,-0.294664,-0.372131	0.845601,0.788941,0.583731,0.395167,0.392456,0.495852,0.515989,0.504919,0.421445,0.305858,0.329941,0.330724,0.424612,0.461438,0.389123,0.37373,0.438268,0.337649,0.255923,0.34062
-0.044778,0.0423283,-0.0211467,0.0575288,-0.0101831,-0.00136166,0.018996,-0.0105788,-0.055731,-0.123496,-0.118021,-0.0867283,-0.0542,0.0132825,0.0556151,0.00651759,-0.00840755,-0.0319039,-0.0442713,-0.0412136	-0.858455,-0.787187,-0.611914,-0.347246,-0.406632,-0.488312,-0.479339,-0.518294,-0.463561,-0.407182,-0.435901,-0.41084,-0.462193,-0.454945,-0.340697,-0.365536,-0.44401,-0.360218,-0.297392,-0.380861	0.846205,0.802767,0.598512,0.396847,0.398097,0.487274,0.493838,0.510514,0.418645,0.298706,0.33512,0.336087,0.418476,0.465415,0.388943,0.37117,0.437234,0.332131,0.256498,0.345064
0.868625,0.79664,0.816034,0.885482,0.846022,0.857664,0.58182,0.859249,0.843114,0.866671,0.894859,0.865727,0.911782,0.889177,0.873696,0.919289,0.917922,0.907709,0.821274,0.877674	0.876773,0.690541,0.764845,0.886125,0.835131,0.875385,0.661764,0.848146,0.844992,0.875704,0.8924,0.863431,0.922076,0.875668,0.877269,0.92281,0.919504,0.916916,0.825117,0.865375	-0.034174,0.235835,0.136191,-0.00298526,0.0371135,-0.0711066,-0.129996,0.0409331,-0.00653086,-0.0374737,0.0122094,0.00909414,-0.0646349,0.0610222,-0.0152965,-0.0232163,-0.0101396,-0.0548947,-0.0119217,0.051145
0.871655,0.785623,0.817064,0.877296,0.85045,0.8581,0.564596,0.860421,0.853299,0.881179,0.906783,0.869672,0.913709,0.890541,0.866173,0.91818,0.923124,0.912586,0.827428,0.886153	0.881398,0.684079,0.771035,0.8835,0.840531,0.877504,0.674853,0.849717,0.847254,0.879735,0.90492,0.877003,0.926888,0.872806,0.874233,0.920577,0.920905,0.922131,0.829437,0.869229	-0.0420457,0.21952,0.124396,-0.0275831,0.0347821,-0.0785548,-0.178127,0.0398066,0.0218198,0.00642396,0.0103805,-0.0308934,-0.086088,0.0796214,-0.0331999,-0.015494,0.0148046,-0.0602276,-0.00640445,0.0736685
