0.196013,0.0960337,0.0981448,0.139668,0.00745831,0.116344,0.11764,0.111159,0.24123,0.23666,0.0255457,0.179787,-0.011849,0.0104844,0.0517449,-0.0498125,-0.00821405,-0.120759,-0.284287,-0.235742	-0.378985,-0.297333,-0.462784,-0.409739,-0.338579,-0.13827,-0.111209,-0.0776724,-0.023379,-0.0318194,-0.169903,-0.0668454,-0.224572,-0.331676,-0.263025,-0.224637,-0.420272,-0.339421,-0.644053,-0.516056	0.535237,0.382446,0.536558,0.519667,0.345165,0.250583,0.225894,0.187215,0.263125,0.266473,0.194604,0.243704,0.213291,0.340974,0.310543,0.176803,0.413486,0.228008,0.440402,0.319139
0.204229,0.0770515,0.113452,0.120756,-0.00177792,0.152545,0.115176,0.109366,0.275807,0.252529,-0.0207424,0.202105,0.0161617,-0.00427237,0.062093,-0.0692766,0.0510409,-0.106259,-0.21244,-0.262556	-0.36146,-0.324292,-0.44084,-0.3998,-0.350467,-0.0817422,-0.110601,-0.0464346,-0.0155971,-0.00958806,-0.168607,-0.0711212,-0.209417,-0.34463,-0.268949,-0.232585,-0.309156,-0.283949,-0.59069,-0.606797	0.5268,0.391559,0.52789,0.496582,0.348907,0.231402,0.222937,0.155013,0.290156,0.261484,0.148383,0.269354,0.224818,0.34086,0.325604,0.165983,0.354602,0.183218,0.432526,0.409478
0.000426806,-0.0132487,-0.0705314,-0.0447297,-0.115571,-0.0493153,-0.0574787,-0.0657857,-0.0185313,-0.0773101,-0.105816,-0.0934125,-0.0509012,-0.113111,-0.0526667,-0.0498568,0.0246794,-0.0757013,0.265893,0.383875	-0.67885,-0.504057,-0.667894,-0.687296,-0.550912,-0.473894,-0.496801,-0.38462,-0.375669,-0.492929,-0.454316,-0.487185,-0.553011,-0.552392,-0.539618,-0.456287,-0.537211,-0.487552,-0.293458,0.202885	0.67908,0.494108,0.626894,0.662947,0.464944,0.434739,0.452236,0.327111,0.359642,0.432085,0.366101,0.412547,0.516653,0.468557,0.501196,0.415892,0.554538,0.427634,0.518865,0.196277
0.00347036,-0.0108044,-0.0647624,-0.0442506,-0.117628,-0.0610912,-0.0715791,-0.0640179,-0.0309628,-0.0846068,-0.113543,-0.0994937,-0.0567016,-0.0949471,-0.0431802,-0.0479872,0.0137578,-0.0859994,0.258278,0.323079	-0.68364,-0.499778,-0.662421,-0.687895,-0.558107,-0.477159,-0.505764,-0.383875,-0.404366,-0.49138,-0.468073,-0.478444,-0.560678,-0.543315,-0.529319,-0.453787,-0.546416,-0.488023,-0.370708,-0.0545325	0.685484,0.491628,0.624448,0.663852,0.471428,0.428561,0.450494,0.327916,0.378138,0.424418,0.37443,0.397891,0.520524,0.472756,0.49751,0.414833,0.555995,0.419635,0.574025,0.371074
0.00837416,-0.0109855,-0.0472035,-0.0285225,-0.0612117,-0.0557106,-0.061903,-0.0684218,-0.0176727,-0.0627001,-0.0917389,-0.0908297,-0.0685782,-0.0879512,-0.0320529,-0.00220947,-0.00093088,-0.0663278,0.307042,0.319845	-0.662394,-0.507457,-0.673126,-0.678264,-0.517703,-0.471416,-0.489142,-0.397247,-0.406212,-0.459764,-0.442299,-0.47029,-0.568164,-0.527237,-0.514424,-0.421408,-0.540716,-0.467542,-0.308507,-0.119122	0.667068,0.499254,0.646463,0.662559,0.471431,0.426918,0.440579,0.338013,0.391349,0.40885,0.365386,0.396393,0.519841,0.460646,0.490458,0.419589,0.540057,0.414055,0.562286,0.422856
0.00719734,-0.0201045,-0.0641893,-0.040627,-0.0859706,-0.0787852,-0.0678423,-0.0771285,-0.02914,-0.0718832,-0.100808,-0.0954422,-0.0709341,-0.0979823,-0.0498101,-0.0185688,-0.0116886,-0.0690745,0.360998,0.364226	-0.67301,-0.502835,-0.675345,-0.687056,-0.52637,-0.482907,-0.483124,-0.401742,-0.404229,-0.472573,-0.461383,-0.481881,-0.566852,-0.531456,-0.531559,-0.430478,-0.550812,-0.463751,-0.231444,0.041443	0.676928,0.48766,0.63885,0.664991,0.461273,0.420105,0.429354,0.334993,0.37956,0.414779,0.378164,0.405068,0.516693,0.457286,0.494851,0.415228,0.542617,0.407738,0.54676,0.32773
0.152842,0.0483387,0.083017,0.110879,0.0300282,0.0436871,0.0706903,0.0429021,0.0670206,0.0671848,0.0283028,0.174111,0.105527,0.132546,0.0220684,0.0418415,-0.00865192,-0.149051,-0.133841,-0.165772	-0.403737,-0.307533,-0.467543,-0.430275,-0.353968,-0.228984,-0.186851,-0.148851,-0.17174,-0.184709,-0.211585,-0.134374,-0.188901,-0.305102,-0.307912,-0.217673,-0.444878,-0.320177,-0.546675,-0.683213	0.52423,0.350659,0.529989,0.516512,0.379958,0.269971,0.254184,0.190536,0.236043,0.248807,0.23846,0.301432,0.288674,0.420637,0.327753,0.257173,0.437911,0.179702,0.445424,0.58353
0.160568,0.0227822,0.0860646,0.0866426,0.0119534,0.0402382,0.0665743,0.0476601,0.0538833,0.0781332,0.0174651,0.169986,0.098624,0.134782,0.0434198,0.0650604,-0.0191125,-0.149948,-0.197468,-0.147708	-0.400269,-0.340339,-0.458069,-0.448811,-0.366689,-0.233877,-0.188673,-0.170731,-0.198415,-0.185829,-0.227547,-0.141017,-0.201707,-0.296746,-0.282038,-0.209139,-0.441911,-0.330142,-0.611704,-0.68417	0.526968,0.360327,0.523495,0.515411,0.376989,0.271559,0.252081,0.216629,0.249629,0.260184,0.244042,0.303722,0.294473,0.414932,0.32152,0.270519,0.4264,0.189578,0.471147,0.59677
0.765183,0.684684,0.686585,0.697168,0.725184,0.783511,0.789136,0.663328,0.689619,0.793739,0.621195,0.712647,0.666333,0.684223,0.622383,0.663905,0.356685,0.525319,0.482645,0.512984	0.805232,0.664081,0.720322,0.736895,0.711556,0.825987,0.791538,0.704789,0.661341,0.81052,0.688886,0.67907,0.653031,0.673713,0.598531,0.675154,0.50493,0.608852,0.531776,0.30904	-0.104334,0.0377822,-0.0667475,-0.0817001,0.0281572,-0.120386,-0.00640007,-0.077862,0.0519891,-0.0470528,-0.118326,0.0650639,0.0235484,0.0194976,0.0380124,-0.0203878,-0.180809,-0.122814,-0.0660937,0.242367
-0.112336,-0.0027013,-0.0722448,-0.0125486,0.0107509,-0.103955,-0.0910427,-0.0570515,-0.0758769,-0.00525922,0.0290189,-0.0910519,-0.0967668,-0.0653609,-0.0881701,0.0498453,-0.0658117,0.082185,-0.46209,-0.473023	-0.46087,-0.197056,-0.297218,-0.365241,-0.203093,-0.345923,-0.37621,-0.239973,-0.248194,-0.269835,-0.207855,-0.332743,-0.45355,-0.264199,-0.356617,-0.250086,-0.260809,-0.191368,-0.419725,-0.255789	0.367564,0.194459,0.22991,0.354316,0.213378,0.250994,0.295281,0.18546,0.175625,0.264952,0.235454,0.249242,0.373161,0.202332,0.277162,0.296239,0.198403,0.269317,-0.0525586,-0.247135
-0.108565,-0.00375682,-0.0581768,-0.0156665,0.0296977,-0.0838593,-0.0839478,-0.0494097,-0.0653452,-0.0161016,0.063702,-0.0793485,-0.0967288,-0.0488303,-0.0898758,0.0200602,-0.073739,0.106417,-0.384249,-0.36905	-0.466481,-0.192373,-0.285634,-0.366998,-0.197275,-0.324316,-0.372529,-0.234581,-0.26475,-0.270022,-0.191721,-0.30682,-0.459861,-0.248541,-0.350276,-0.270101,-0.276097,-0.163706,-0.397177,-0.265632	0.377009,0.188753,0.231301,0.353363,0.225651,0.247179,0.297897,0.187343,0.202915,0.255029,0.252342,0.233147,0.380037,0.202165,0.268864,0.288598,0.206563,0.265497,0.0152572,-0.114657
-0.0681391,-0.000182625,-0.0321087,-0.0617257,0.0313683,-0.0376543,-0.0853381,-0.0270128,-0.0306084,-0.0421584,0.0728814,-0.0460918,-0.0830873,-0.0360293,-0.0863764,0.0400515,-0.0321299,0.0766166,-0.377763,-0.32442	-0.40893,-0.207348,-0.293433,-0.386516,-0.173789,-0.286704,-0.362109,-0.227848,-0.247911,-0.262587,-0.168815,-0.278376,-0.449558,-0.218248,-0.334051,-0.24823,-0.223267,-0.172169,-0.362883,-0.271748	0.350559,0.207173,0.26381,0.332729,0.204044,0.251767,0.285597,0.202079,0.218964,0.222896,0.238759,0.235303,0.38069,0.183663,0.255034,0.285443,0.192519,0.245547,-0.017244,-0.0577651
-0.083453,-0.00707876,-0.0677173,-0.0637416,0.0118777,-0.0658132,-0.106119,-0.0345394,-0.0639691,-0.0348709,0.0740439,-0.0758516,-0.0822189,-0.0345094,-0.0967293,0.0517114,-0.037432,0.0854889,-0.42398,-0.37982	-0.4332,-0.199534,-0.314306,-0.395384,-0.183441,-0.306285,-0.364336,-0.233281,-0.264886,-0.266713,-0.188481,-0.313006,-0.447953,-0.217705,-0.355036,-0.237017,-0.234967,-0.157293,-0.378183,-0.23323	0.362865,0.192727,0.251951,0.340216,0.194894,0.245419,0.268603,0.200356,0.20438,0.234018,0.258911,0.242921,0.379719,0.184583,0.267493,0.285232,0.199288,0.239561,-0.0545427,-0.160838
0.15123,0.0621122,0.149911,0.0851851,0.119779,0.35735,0.14786,0.213183,0.0847548,0.0365179,0.0757471,0.158959,0.199341,0.242351,0.140521,0.224004,0.203899,0.430129,0.288005,0.416963	0.131976,0.0947607,0.170816,0.0648756,0.070194,0.308022,0.0977304,0.19895,0.0786307,0.0330142,0.0266028,0.0940893,0.130144,0.162614,0.106276,0.134812,0.168455,0.50499,0.37969,-0.107022	0.0196454,-0.0328418,-0.0214545,0.0204224,0.0500051,0.0554285,0.050865,0.0148637,0.00616519,0.00350788,0.0492435,0.0658545,0.0710408,0.0830083,0.0347637,0.0919696,0.036705,-0.0956348,-0.102943,0.501602
0.155436,0.0626728,0.143799,0.0977123,0.0761443,0.375867,0.142908,0.210512,0.081036,0.0159467,0.0976039,0.192415,0.216969,0.253267,0.13503,0.22159,0.198567,0.446862,0.457864,0.489208	0.13629,0.069207,0.178422,0.0699669,0.0293946,0.319027,0.0912949,0.162433,0.0540241,0.00258562,0.0363926,0.121057,0.137337,0.180844,0.119669,0.117452,0.177994,0.506163,0.471167,-0.0692161	0.0195607,-0.00656263,-0.0355344,0.0279364,0.0468545,0.0645846,0.0522955,0.0497814,0.0271307,0.0133616,0.0614295,0.0730599,0.0820777,0.0759001,0.0156139,0.106922,0.0213274,-0.0766353,-0.0169626,0.540135
-0.12541,-0.0389882,-0.100139,0.00858579,0.00126605,-0.103721,-0.134647,0.0106457,-0.0782278,-0.0537237,0.0961202,-0.112119,-0.0952272,-0.0537166,-0.0584657,0.060624,0.00527925,0.0500967,-0.437507,-0.600724	-0.486413,-0.216821,-0.334408,-0.363142,-0.202886,-0.368286,-0.405299,-0.208201,-0.233913,-0.318714,-0.196105,-0.328873,-0.447017,-0.246647,-0.320218,-0.248864,-0.299193,-0.268302,-0.41548,-0.32019	0.384456,0.179349,0.242386,0.370572,0.2041,0.275073,0.286275,0.218363,0.158587,0.269606,0.286818,0.225053,0.367431,0.195521,0.266746,0.304888,0.303992,0.314175,-0.0269196,-0.347344
-0.113822,-0.0406157,-0.0832747,0.0162697,0.0216783,-0.0875193,-0.115181,0.0061735,-0.0680689,-0.0597899,0.130815,-0.11431,-0.0888294,-0.0471377,-0.0756481,0.0154896,-0.0221255,0.0494016,-0.404246,-0.530066	-0.487688,-0.212806,-0.321761,-0.358366,-0.195378,-0.349891,-0.393475,-0.21298,-0.251423,-0.316897,-0.181884,-0.312939,-0.44957,-0.239508,-0.324555,-0.280146,-0.323911,-0.260544,-0.438253,-0.334122	0.395839,0.173692,0.245053,0.372464,0.216141,0.27066,0.291505,0.218865,0.186547,0.262073,0.305431,0.205998,0.375746,0.194567,0.255172,0.294358,0.303964,0.306007,0.0413291,-0.238116
-0.0594532,-0.0291185,-0.0674553,-0.0494014,0.0197481,-0.0412836,-0.107037,0.0136667,-0.0324676,-0.078066,0.127739,-0.0737256,-0.0661322,-0.0222112,-0.0673415,0.113332,0.0149446,0.0452869,-0.360884,-0.48381	-0.421929,-0.220982,-0.335895,-0.393775,-0.174811,-0.313205,-0.378253,-0.219448,-0.232679,-0.304251,-0.170184,-0.27901,-0.435125,-0.198102,-0.304818,-0.19863,-0.281038,-0.24928,-0.369697,-0.322707	0.371803,0.193106,0.274663,0.351206,0.19389,0.275484,0.282661,0.232417,0.201736,0.231688,0.291584,0.209596,0.379926,0.176668,0.242453,0.305094,0.294745,0.291279,0.0101691,-0.190909
-0.0778183,-0.0438784,-0.108427,-0.0482944,0.0173714,-0.0761739,-0.143221,0.0213705,-0.05565,-0.0779279,0.136218,-0.0947782,-0.0749739,-0.0272623,-0.0931189,0.107073,0.0187589,0.0488221,-0.414394,-0.538158	-0.447237,-0.219746,-0.360115,-0.399154,-0.169427,-0.337321,-0.391267,-0.212145,-0.242068,-0.313751,-0.182968,-0.308056,-0.438895,-0.203404,-0.33765,-0.20075,-0.282922,-0.239969,-0.390979,-0.307696	0.382739,0.17758,0.261915,0.357756,0.18625,0.268034,0.262772,0.232462,0.188964,0.241734,0.311424,0.219692,0.376304,0.177124,0.252469,0.301345,0.300089,0.285446,-0.0279427,-0.276197
0.157744,0.0519235,0.195654,0.16303,0.0943516,0.422371,0.129344,0.290008,-0.00629689,-0.0126526,0.0816461,0.19774,0.0843502,0.189466,0.0634532,0.171087,0.191538,0.523727,0.320386,0.324863	0.10978,0.100071,0.190107,0.113212,0.0557452,0.334391,0.0787875,0.239131,0.0091496,-0.0285799,-0.0190116,0.161388,0.0303672,0.12296,0.0497121,0.0772676,0.029149,0.518476,0.362201,-0.0266034	0.0488092,-0.0483993,0.0057609,0.0507554,0.0388106,0.102451,0.0510772,0.0546681,-0.0154456,0.0159331,0.100502,0.0375504,0.0541217,0.0680927,0.0137846,0.0950765,0.163301,0.00720803,-0.0473049,0.348454
0.167835,0.039916,0.187617,0.18209,0.0631602,0.448287,0.122076,0.28527,-0.0358197,-0.00745094,0.115744,0.241543,0.106383,0.212826,0.0586408,0.156199,0.221498,0.54663,0.364101,0.283735	0.119493,0.061238,0.195933,0.124157,0.0267227,0.352174,0.0701482,0.20154,-0.0404584,-0.0333805,0.00208537,0.198887,0.0424504,0.152765,0.0630757,0.0495306,0.0721337,0.523709,0.326687,-0.0855805	0.0493318,-0.0213743,-0.00863306,0.0592732,0.036499,0.114131,0.0523765,0.0888375,0.00464542,0.025936,0.113686,0.0448083,0.0642223,0.0620793,-0.00445139,0.1075,0.15179,0.032115,0.042465,0.36056
0.725039,0.720932,0.741249,0.71145,0.81178,0.692044,0.62689,0.738382,0.70003,0.736936,0.741779,0.679699,0.627829,0.65353,0.589173,0.642166,0.531004,0.670596,0.740582,0.643832	0.718938,0.730366,0.738353,0.715736,0.800683,0.701119,0.619156,0.73677,0.664126,0.751956,0.72991,0.712864,0.613919,0.660194,0.597764,0.638806,0.513317,0.677052,0.620782,0.391791	0.0127433,-0.0199274,0.0063973,-0.00873304,0.0317027,-0.0176295,0.01264,0.00353452,0.0670981,-0.0336872,0.0258813,-0.06434,0.0226335,-0.0117223,-0.0132601,0.00569619,0.0243147,-0.0118248,0.221746,0.337065
0.298466,0.342462,0.353402,0.23886,0.327113,0.359852,0.358683,0.458347,0.472463,0.3337,0.430453,0.420231,0.385736,0.458729,0.314479,0.424457,0.4847,0.459136,0.411295,0.438657	0.344998,0.320578,0.305148,0.262278,0.344337,0.374528,0.370919,0.439387,0.418077,0.393295,0.4384,0.447043,0.376245,0.49458,0.35006,0.43313,0.499262,0.488278,0.348507,0.113691	-0.0518737,0.0245831,0.0540866,-0.0249835,-0.01941,-0.0169622,-0.0141128,0.0237419,0.0677728,-0.0685981,-0.00979443,-0.0330144,0.0111026,-0.0463716,-0.0399826,-0.0106265,-0.0192115,-0.0375637,0.0732935,0.342023
0.41705,0.37254,0.464792,0.403286,0.424051,0.462308,0.420927,0.517691,0.48672,0.417487,0.539735,0.493458,0.49596,0.517203,0.398635,0.461039,0.497559,0.546995,0.413841,0.432373	0.442024,0.36978,0.42561,0.416937,0.451686,0.479254,0.457516,0.501146,0.445952,0.460507,0.518603,0.497986,0.482033,0.550187,0.408244,0.469908,0.49881,0.590573,0.414452,0.260628	-0.0306188,0.00320171,0.0488443,-0.0164099,-0.0341825,-0.02177,-0.0453154,0.0223414,0.0520699,-0.0532603,0.0293459,-0.00600339,0.0183032,-0.0461027,-0.0114765,-0.0113216,-0.00166328,-0.0643734,-0.000736734,0.193557
-0.415148,-0.247128,-0.347245,-0.390223,-0.25293,-0.319323,-0.364422,-0.232627,-0.289495,-0.355871,-0.316465,-0.332172,-0.503105,-0.30402,-0.336376,-0.374639,-0.44045,-0.281032,-0.451982,-0.213669	-0.0572282,-0.0357909,-0.118722,-0.0758209,-0.100766,-0.107961,-0.125833,-0.0568571,-0.13688,-0.117002,-0.144038,-0.143715,-0.233253,-0.17388,-0.0885951,-0.181137,-0.303766,0.0262492,-0.455651,-0.671586	-0.36663,-0.213223,-0.238349,-0.323988,-0.156144,-0.218909,-0.250056,-0.178126,-0.158912,-0.249247,-0.180663,-0.197905,-0.305729,-0.137404,-0.255392,-0.207589,-0.157796,-0.305031,0.0046205,0.534635
-0.409285,-0.211414,-0.362401,-0.35828,-0.251839,-0.319526,-0.359594,-0.217676,-0.294911,-0.361514,-0.291331,-0.322034,-0.501382,-0.322495,-0.348615,-0.368743,-0.450346,-0.28784,-0.494674,-0.199767	-0.0496399,-0.0192768,-0.127439,-0.034325,-0.0986168,-0.114013,-0.121853,-0.0688926,-0.161568,-0.130119,-0.125693,-0.135231,-0.238641,-0.190795,-0.0877783,-0.187655,-0.308069,0.00513515,-0.529308,-0.67391	-0.367104,-0.192924,-0.246339,-0.327989,-0.157125,-0.213283,-0.248636,-0.151048,-0.140015,-0.242817,-0.171934,-0.195309,-0.298451,-0.140335,-0.269071,-0.19455,-0.165196,-0.292543,0.0469199,0.547905
0.312855,0.351262,0.347171,0.240848,0.31735,0.371807,0.363741,0.454071,0.454257,0.351495,0.440997,0.452758,0.390875,0.472516,0.371388,0.385041,0.426836,0.500846,0.411732,0.362436	0.365915,0.320547,0.302059,0.260351,0.345754,0.377471,0.383325,0.436618,0.435275,0.395974,0.461161,0.447265,0.395157,0.501984,0.398951,0.396773,0.458759,0.523553,0.463864,0.276667	-0.0599191,0.0346116,0.0503975,-0.0208085,-0.0319051,-0.00658841,-0.0227575,0.0217683,0.0236606,-0.0516707,-0.0253116,0.00688784,-0.00506429,-0.0386311,-0.0323572,-0.0138472,-0.0396964,-0.0307782,-0.0644387,0.0953277
0.405615,0.380021,0.476592,0.390679,0.418626,0.467525,0.431711,0.509978,0.468458,0.418244,0.552454,0.512909,0.494004,0.527678,0.449048,0.437377,0.500357,0.539256,0.407947,0.323728	0.436939,0.368434,0.44055,0.400208,0.457711,0.475398,0.47568,0.494854,0.463014,0.445996,0.543042,0.484877,0.493894,0.554276,0.450229,0.449365,0.518801,0.576028,0.52401,0.400142	-0.0380712,0.0134733,0.0456206,-0.0112952,-0.0483491,-0.0101225,-0.0553313,0.0202291,0.00695211,-0.0341159,0.0134454,0.0373107,0.000145675,-0.0375928,-0.00148058,-0.0149212,-0.0249101,-0.0533408,-0.147619,-0.0877846
-0.4208,-0.247865,-0.33857,-0.378227,-0.25169,-0.306407,-0.375586,-0.249478,-0.305227,-0.367314,-0.299488,-0.337492,-0.497839,-0.299674,-0.314941,-0.384209,-0.435126,-0.26733,-0.470273,-0.229427	-0.0586139,-0.0433418,-0.106945,-0.0603796,-0.0898822,-0.0996375,-0.136427,-0.0754023,-0.129332,-0.142913,-0.111378,-0.171606,-0.216006,-0.171824,-0.0708963,-0.193896,-0.287261,0.0328912,-0.417222,-0.618887	-0.371345,-0.206745,-0.240326,-0.325276,-0.165553,-0.213281,-0.252076,-0.177413,-0.183123,-0.236834,-0.194601,-0.176084,-0.315791,-0.134791,-0.249618,-0.205632,-0.168987,-0.297605,-0.0660008,0.45391
-0.414176,-0.215746,-0.35719,-0.350515,-0.257068,-0.299261,-0.378622,-0.231391,-0.309013,-0.377559,-0.265093,-0.319783,-0.495292,-0.314052,-0.325974,-0.380411,-0.438892,-0.272735,-0.454826,-0.208396	-0.0467864,-0.031104,-0.12036,-0.02655,-0.0952848,-0.0969165,-0.14395,-0.0837591,-0.152231,-0.161878,-0.0820561,-0.154166,-0.219933,-0.183832,-0.067131,-0.20263,-0.282993,0.0132558,-0.436801,-0.621229	-0.37465,-0.18589,-0.24747,-0.327008,-0.165846,-0.208388,-0.248199,-0.150549,-0.164521,-0.229721,-0.187107,-0.174206,-0.309021,-0.138199,-0.264634,-0.192629,-0.178008,-0.28496,-0.0224936,0.474227
0.32902,0.305489,0.301274,0.314597,0.320008,0.36895,0.339239,0.419484,0.422612,0.371921,0.437606,0.435336,0.365895,0.458636,0.382048,0.404334,0.470972,0.498628,0.434432,0.222812	0.306676,0.32398,0.311674,0.303881,0.330167,0.371036,0.362662,0.421804,0.436019,0.354965,0.408594,0.413227,0.361563,0.455614,0.355752,0.404544,0.457837,0.512067,0.496336,0.38059	0.0248513,-0.0205214,-0.011478,0.0118497,-0.0113588,-0.00241622,-0.0267091,-0.00281836,-0.0164352,0.0195351,0.0353288,0.026959,0.00499239,0.00382046,0.0304324,-0.000251909,0.0167464,-0.0180472,-0.0789212,-0.172397
-0.375619,-0.25407,-0.3457,-0.371682,-0.213673,-0.279176,-0.336346,-0.24832,-0.324771,-0.323203,-0.261444,-0.305339,-0.486287,-0.283766,-0.302469,-0.349973,-0.391999,-0.245973,-0.431926,-0.201806	-0.0432338,-0.0315325,-0.0812245,-0.0668043,-0.0674481,-0.0673181,-0.100617,-0.0612207,-0.137326,-0.119284,-0.0850816,-0.132112,-0.204461,-0.174364,-0.0741575,-0.157426,-0.254493,0.0420128,-0.403657,-0.578069	-0.337872,-0.224334,-0.272116,-0.312641,-0.148363,-0.215916,-0.243986,-0.189987,-0.196195,-0.212095,-0.180374,-0.180509,-0.312941,-0.115097,-0.23355,-0.203774,-0.152744,-0.28504,-0.0342389,0.425955
-0.365001,-0.228598,-0.361019,-0.338604,-0.208009,-0.284196,-0.337353,-0.249702,-0.320451,-0.337168,-0.248134,-0.28495,-0.474315,-0.295278,-0.323715,-0.344809,-0.404378,-0.24453,-0.42754,-0.170412	-0.0287892,-0.026766,-0.0909124,-0.0285372,-0.0593474,-0.0796715,-0.105645,-0.0931906,-0.150162,-0.144069,-0.0809289,-0.111558,-0.194667,-0.182171,-0.0830023,-0.165427,-0.26025,0.0309158,-0.436226,-0.577502	-0.339782,-0.203074,-0.279273,-0.313093,-0.15052,-0.209263,-0.240271,-0.16024,-0.178897,-0.202958,-0.170632,-0.179084,-0.308096,-0.119536,-0.247359,-0.190233,-0.161081,-0.273379,0.0106776,0.451527
-0.390838,-0.24968,-0.355891,-0.401456,-0.23909,-0.288133,-0.343053,-0.258551,-0.317909,-0.352559,-0.309256,-0.344956,-0.497593,-0.28061,-0.319839,-0.355377,-0.428515,-0.247189,-0.467255,-0.228157	-0.0419449,-0.0404339,-0.102766,-0.0949811,-0.104111,-0.0805841,-0.125892,-0.0746562,-0.140909,-0.142395,-0.119935,-0.165217,-0.217416,-0.170091,-0.0780263,-0.16577,-0.290193,0.0310356,-0.471149,-0.637485	-0.354708,-0.21138,-0.262734,-0.318625,-0.138425,-0.212483,-0.226963,-0.187514,-0.185301,-0.221273,-0.196614,-0.190602,-0.314165,-0.116058,-0.248002,-0.201477,-0.157964,-0.276106,0.00499388,0.478996
-0.382061,-0.229171,-0.371348,-0.371188,-0.240147,-0.287032,-0.336539,-0.258911,-0.313713,-0.366246,-0.2833,-0.322764,-0.490518,-0.293881,-0.336979,-0.348493,-0.435315,-0.243659,-0.467316,-0.20354	-0.0302493,-0.0415391,-0.113247,-0.0595374,-0.104047,-0.0859736,-0.122029,-0.104888,-0.153672,-0.166677,-0.100039,-0.141606,-0.214657,-0.180175,-0.0816427,-0.171064,-0.290243,0.0221822,-0.504068,-0.636073	-0.355925,-0.189435,-0.269431,-0.318694,-0.139588,-0.206145,-0.223697,-0.158322,-0.168147,-0.212544,-0.188607,-0.189835,-0.308325,-0.120064,-0.26256,-0.188676,-0.166052,-0.264412,0.0480773,0.49686
0.784467,0.791847,0.791144,0.787764,0.8547,0.837878,0.815419,0.849634,0.767386,0.842015,0.796907,0.842946,0.898624,0.837349,0.799966,0.855508,0.825543,0.88327,0.817039,0.647041	0.784832,0.75863,0.809153,0.777883,0.856277,0.829912,0.812321,0.808286,0.740447,0.828478,0.781603,0.835881,0.886548,0.846068,0.822603,0.834963,0.843629,0.865227,0.729096,0.589228	-0.000949231,0.083193,-0.0500461,0.0255177,-0.00587933,0.0261482,0.00917497,0.131997,0.0623885,0.0447622,0.0405804,0.0239169,0.0593903,-0.0299083,-0.0662012,0.071916,-0.059582,0.0765237,0.217519,0.0934356
0.726616,0.66904,0.655029,0.674842,0.725524,0.724235,0.761192,0.618953,0.567476,0.724152,0.639785,0.636591,0.648855,0.686811,0.596273,0.686583,0.324277,0.560652,0.53343,0.622543	0.778584,0.625949,0.703786,0.701117,0.702737,0.819639,0.761532,0.664178,0.580143,0.763059,0.651711,0.62754,0.665923,0.662641,0.582499,0.675084,0.527503,0.653601,0.631905,0.407438	-0.119668,0.0741395,-0.0904588,-0.0498707,0.0464893,-0.23476,-0.000809839,-0.0767935,-0.0188829,-0.0869578,-0.0204545,0.0150729,-0.030054,0.0443582,0.021103,0.0214317,-0.245163,-0.14671,-0.148547,0.288208
-0.1245,0.00720109,-0.0342599,0.015646,0.0995696,-0.0672602,-0.0449242,0.000562561,-0.0696861,0.0669872,0.122159,-0.0141054,-0.0542774,0.0163849,-0.0486526,0.0895784,-0.0816066,0.135445,-0.548563,-0.65574	-0.533799,-0.255111,-0.330029,-0.411896,-0.197011,-0.406222,-0.433187,-0.313339,-0.408847,-0.406368,-0.214311,-0.431377,-0.441194,-0.259016,-0.377385,-0.21285,-0.259777,-0.107276,-0.285287,-0.0323528	0.438437,0.261831,0.299152,0.424804,0.290875,0.348483,0.395968,0.313846,0.349108,0.460811,0.327885,0.419826,0.396409,0.274237,0.334881,0.296769,0.182029,0.239245,-0.312122,-0.636899
-0.122713,0.00422603,-0.0227134,0.0121055,0.120049,-0.0359006,-0.0248806,0.00731517,-0.0450316,0.0619191,0.165413,0.00548073,-0.0493275,0.0197879,-0.0579323,0.0585785,-0.0822693,0.164758,-0.477163,-0.542057	-0.540393,-0.251242,-0.318619,-0.415042,-0.190959,-0.384216,-0.42656,-0.308636,-0.421558,-0.40806,-0.199334,-0.4085,-0.446772,-0.24637,-0.371366,-0.232765,-0.273354,-0.0802506,-0.258407,-0.0764475	0.447345,0.255197,0.298063,0.425012,0.304038,0.353187,0.405988,0.31524,0.383813,0.458397,0.353105,0.413056,0.406401,0.264867,0.320325,0.287425,0.195481,0.241811,-0.249523,-0.485738
-0.0814982,0.00814477,-0.00629764,-0.0470094,0.0778013,0.00908953,-0.0346648,0.0356402,-0.017903,0.0102839,0.155658,0.0342297,-0.0262385,0.0276052,-0.0631684,0.0408307,-0.031446,0.122071,-0.49274,-0.49781	-0.488096,-0.263347,-0.325594,-0.436949,-0.173598,-0.350543,-0.419091,-0.299819,-0.405137,-0.408546,-0.179479,-0.382496,-0.43499,-0.218764,-0.358272,-0.216463,-0.218964,-0.0885919,-0.217177,-0.1008	0.423441,0.270911,0.319952,0.398117,0.248049,0.35849,0.390093,0.331912,0.390063,0.417078,0.326029,0.41134,0.413471,0.24489,0.301937,0.255039,0.188818,0.208409,-0.308585,-0.417984
-0.0978592,0.00782861,-0.0331529,-0.0411881,0.0775903,-0.000544184,-0.0515788,0.0361994,-0.0451308,0.027299,0.165366,0.00423101,-0.0231305,0.036404,-0.0592389,0.0654732,-0.0299051,0.133218,-0.555286,-0.56463	-0.511184,-0.255522,-0.34453,-0.442456,-0.181168,-0.366156,-0.420153,-0.30395,-0.418512,-0.409107,-0.197355,-0.412472,-0.432501,-0.215783,-0.373705,-0.203734,-0.230187,-0.0730597,-0.24091,-0.0223655	0.43509,0.262824,0.314975,0.408716,0.255172,0.365684,0.376739,0.336447,0.380569,0.431586,0.351257,0.415978,0.413507,0.250221,0.321585,0.265664,0.201671,0.20429,-0.362926,-0.5492
0.0639329,0.0293107,0.107721,0.0208053,0.0978436,0.341979,0.094326,0.187307,0.0321891,-0.0203525,0.0516695,0.01728,0.116423,0.147387,0.124815,0.182444,0.210007,0.505122,0.325789,0.484911	0.018349,0.0258217,0.117503,-0.0147089,0.0658009,0.217603,0.0025582,0.105687,-0.130474,-0.170816,0.00460848,-0.0599644,0.15044,0.165071,0.0667269,0.179907,0.174216,0.545039,0.543276,0.00554744	0.0456375,0.00349158,-0.00990711,0.0355033,0.0322503,0.134375,0.0917899,0.0832683,0.161983,0.150988,0.0470722,0.0771644,-0.0346228,-0.0181256,0.0585757,0.00262331,0.0371509,-0.0550815,-0.264259,0.480656
0.0630056,0.0490081,0.100043,0.0493889,0.0675345,0.360962,0.092506,0.180752,0.0411204,-0.053634,0.0832674,0.0592358,0.139602,0.156688,0.10241,0.160396,0.211819,0.521938,0.505494,0.536971	0.0222573,0.0016012,0.125641,-0.00864267,0.0242251,0.227353,-0.00253251,0.0724143,-0.149448,-0.201002,0.014648,-0.0280844,0.157152,0.184523,0.0800059,0.162817,0.182865,0.546433,0.60873,0.035283	0.0408055,0.0474106,-0.0259242,0.0580068,0.0433804,0.145554,0.0950162,0.109775,0.189404,0.148974,0.0687032,0.0871752,-0.0179442,-0.0286634,0.0225896,-0.00248665,0.0301215,-0.0342689,-0.149122,0.511377
-0.140593,-0.0311214,-0.0632388,0.0372072,0.0895239,-0.0673195,-0.0913753,0.0760491,-0.0738727,0.0125647,0.186802,-0.0410734,-0.0536242,0.0267463,-0.0188597,0.100431,-0.0131557,0.108642,-0.53649,-0.728718	-0.562498,-0.264229,-0.37204,-0.401397,-0.191469,-0.448385,-0.456876,-0.284786,-0.41719,-0.458859,-0.171445,-0.442449,-0.448316,-0.23407,-0.346743,-0.200469,-0.332935,-0.191923,-0.327496,-0.0920946	0.458136,0.235041,0.316241,0.43215,0.276258,0.392926,0.381424,0.353186,0.354234,0.468722,0.34713,0.408805,0.404414,0.259193,0.330041,0.294961,0.321186,0.294426,-0.25354,-0.682421
-0.130126,-0.0346544,-0.048485,0.0452817,0.111162,-0.0393838,-0.0582777,0.0692946,-0.0493857,0.0135859,0.22933,-0.0378138,-0.0420343,0.020502,-0.0444111,0.0546926,-0.0328916,0.115253,-0.503803,-0.648207	-0.564807,-0.260834,-0.359969,-0.398897,-0.183696,-0.43077,-0.442167,-0.28897,-0.430853,-0.459745,-0.158074,-0.429387,-0.449662,-0.22902,-0.35208,-0.232711,-0.35218,-0.183185,-0.35406,-0.13862	0.469162,0.228243,0.317017,0.436298,0.288958,0.398141,0.394043,0.351232,0.389761,0.470392,0.373851,0.398036,0.415481,0.248356,0.312556,0.283791,0.32303,0.292268,-0.182253,-0.559896
-0.0728413,-0.0222477,-0.0425701,-0.0334646,0.0654801,0.00678003,-0.0577523,0.0806196,-0.0207146,-0.0301637,0.207932,0.000481106,-0.00899249,0.0402056,-0.0444157,0.11271,0.0161881,0.0956103,-0.490651,-0.604729	-0.504571,-0.266232,-0.373051,-0.436455,-0.168608,-0.398166,-0.432408,-0.291037,-0.412079,-0.456375,-0.148124,-0.398441,-0.434236,-0.189805,-0.335938,-0.154915,-0.309613,-0.173607,-0.27802,-0.136673	0.448203,0.245438,0.335814,0.408964,0.231531,0.403856,0.384251,0.363136,0.394734,0.43216,0.345417,0.398846,0.426911,0.228268,0.295938,0.263032,0.324176,0.264821,-0.246218,-0.510226
-0.092745,-0.0309571,-0.0752342,-0.0244676,0.0821029,-0.00994017,-0.0907259,0.0981081,-0.0363871,-0.021053,0.224568,-0.019881,-0.0160264,0.0421882,-0.0566903,0.120135,0.0280702,0.102013,-0.564442,-0.666251	-0.5285,-0.265039,-0.394734,-0.437681,-0.161962,-0.417392,-0.441856,-0.283942,-0.418498,-0.461352,-0.160366,-0.423972,-0.437045,-0.192756,-0.36215,-0.156332,-0.309428,-0.164002,-0.312927,-0.0946161	0.458214,0.236018,0.329278,0.417686,0.240862,0.40915,0.365794,0.371696,0.388019,0.444618,0.371553,0.407526,0.423988,0.233049,0.311862,0.271371,0.334592,0.261637,-0.30547,-0.610094
0.068027,0.0185267,0.155602,0.101229,0.0714894,0.421934,0.0748272,0.264807,-0.0756371,-0.0791871,0.0552846,0.0686458,0.00114156,0.0971797,0.0472455,0.129083,0.203385,0.597926,0.36268,0.391309	-0.0115528,0.0457071,0.12867,0.046046,0.0573358,0.215385,-0.0141148,0.145936,-0.232155,-0.245334,-0.00131336,-0.00234114,0.0191752,0.134105,0.0027945,0.13622,-0.00421999,0.546161,0.473922,0.0997228	0.0795173,-0.0272034,0.0274828,0.0554412,0.0142118,0.227196,0.0888482,0.123649,0.159315,0.169438,0.0565938,0.0709755,-0.018034,-0.0374125,0.0444568,-0.00726426,0.207427,0.0768669,-0.13433,0.303426
0.0735908,0.0249368,0.146297,0.136728,0.0541876,0.44942,0.0704503,0.256697,-0.0968047,-0.0833351,0.0986543,0.122766,0.0292615,0.118984,0.0259878,0.0961958,0.241617,0.620185,0.435441,0.345886	-0.00190272,0.0075657,0.135341,0.0572648,0.0280497,0.232566,-0.0215114,0.112576,-0.273022,-0.250429,0.019809,0.0411671,0.0321097,0.165958,0.015271,0.107642,0.0385225,0.551013,0.428147,0.0350075	0.075483,0.0173744,0.0111772,0.0800903,0.0261777,0.242165,0.0918226,0.14841,0.181001,0.170656,0.0789997,0.0820138,-0.00285085,-0.0479204,0.010721,-0.0115658,0.205003,0.105083,0.00896595,0.314689
0.726306,0.724381,0.747144,0.714872,0.82721,0.709988,0.651687,0.752528,0.711956,0.754274,0.761079,0.706206,0.643178,0.6748,0.598052,0.650016,0.53011,0.699803,0.693262,0.530867	0.721805,0.735732,0.746928,0.719534,0.816053,0.709693,0.632106,0.752465,0.665767,0.763614,0.74526,0.733848,0.625446,0.695692,0.613051,0.647813,0.504455,0.696416,0.537285,0.126291	0.00946249,-0.0243023,0.000489542,-0.00960125,0.0343319,0.000592835,0.0332983,0.000145862,0.0878113,-0.0220259,0.0365524,-0.0573776,0.0296655,-0.0393782,-0.0236812,0.00380534,0.0350203,0.00660768,0.24856,0.43365
0.296142,0.348331,0.362903,0.245462,0.345529,0.385817,0.388009,0.490096,0.480165,0.358925,0.463797,0.459346,0.413652,0.489817,0.326906,0.416024,0.490681,0.487998,0.25036,0.210321	0.347161,0.3279,0.328088,0.276825,0.403834,0.395333,0.395444,0.469507,0.427035,0.429201,0.483315,0.486464,0.392685,0.544616,0.377118,0.46365,0.487418,0.524048,0.214543,-0.217834	-0.0568653,0.0230658,0.0395203,-0.033649,-0.0677594,-0.0112281,-0.00878239,0.0267425,0.0668335,-0.0830741,-0.0251566,-0.0349203,0.0250325,-0.0747361,-0.0572717,-0.0590075,0.00428933,-0.0484377,0.0378505,0.409398
0.415798,0.383562,0.47868,0.411239,0.450258,0.499693,0.451953,0.553997,0.502556,0.444677,0.56952,0.533384,0.521361,0.548682,0.418549,0.462442,0.510389,0.572546,0.205833,0.136562	0.444531,0.375416,0.443766,0.427263,0.499837,0.492842,0.478376,0.527992,0.452798,0.491437,0.553665,0.534672,0.493662,0.59193,0.429669,0.496582,0.486148,0.620281,0.301161,-0.0865736	-0.0352484,0.00951612,0.044331,-0.0194393,-0.0639773,0.0090899,-0.0337114,0.0367566,0.0644159,-0.0598361,0.0231567,-0.00180152,0.0372988,-0.0640508,-0.0135578,-0.0443173,0.0322405,-0.0740231,-0.101628,0.220529
-0.477045,-0.274644,-0.374103,-0.425992,-0.261221,-0.336437,-0.394293,-0.25882,-0.332411,-0.384053,-0.317416,-0.421801,-0.549511,-0.36603,-0.342474,-0.391679,-0.443791,-0.178176,-0.424172,-0.0804641	-0.0626517,-0.0270094,-0.0821405,-0.0514505,-0.0185854,-0.0695905,-0.0823363,0.00157228,-0.126949,-0.055544,-0.0543598,-0.0756597,-0.209632,-0.103323,-0.0490796,-0.144693,-0.321008,0.0845742,-0.571221,-0.780293	-0.42716,-0.249486,-0.301219,-0.382935,-0.243819,-0.273244,-0.322425,-0.260286,-0.214514,-0.33567,-0.267675,-0.357552,-0.384129,-0.273033,-0.29841,-0.261824,-0.143181,-0.258849,0.194072,0.746711
-0.475397,-0.224053,-0.389125,-0.387266,-0.249901,-0.335776,-0.386792,-0.248251,-0.327811,-0.396451,-0.286793,-0.408895,-0.543366,-0.383782,-0.366532,-0.400909,-0.445128,-0.18432,-0.437214,-0.0896575	-0.0548814,-0.010167,-0.0906299,-0.00816945,-0.0163167,-0.076135,-0.0778822,-0.0118265,-0.151217,-0.0693367,-0.0372351,-0.0655578,-0.214055,-0.121784,-0.048285,-0.154685,-0.320775,0.064851,-0.625184,-0.789687	-0.431781,-0.214374,-0.309407,-0.3803,-0.234541,-0.266453,-0.318504,-0.237121,-0.185805,-0.33636,-0.252252,-0.352795,-0.372655,-0.274844,-0.323981,-0.262503,-0.145067,-0.246227,0.258677,0.753369
0.310634,0.357364,0.356951,0.247315,0.336453,0.394396,0.390044,0.486257,0.459187,0.374722,0.473542,0.489606,0.417222,0.506821,0.383352,0.377637,0.430663,0.523371,0.260958,0.147602	0.366638,0.326291,0.322715,0.274395,0.406586,0.404127,0.416257,0.465653,0.451784,0.435424,0.509898,0.489393,0.413906,0.540771,0.419069,0.426598,0.452313,0.562367,0.367641,0.0547016	-0.0632024,0.035174,0.0386932,-0.029052,-0.0812463,-0.0115758,-0.0312937,0.0266357,0.0093412,-0.0725365,-0.0479285,0.000280412,0.00400818,-0.0467676,-0.042553,-0.0583628,-0.0268868,-0.0552606,-0.118004,0.0936567
0.404287,0.391086,0.49001,0.399171,0.44527,0.501415,0.458166,0.54791,0.481088,0.443694,0.581115,0.550311,0.517042,0.564714,0.468966,0.439395,0.510022,0.562033,0.213405,0.0539144	0.437785,0.372323,0.45569,0.410709,0.506811,0.494882,0.503418,0.521656,0.477067,0.480751,0.581346,0.523982,0.507038,0.587287,0.465182,0.475298,0.510537,0.612698,0.451443,0.187366	-0.0407016,0.0219601,0.0441877,-0.0138001,-0.0794767,0.00868896,-0.0588186,0.0367608,0.00521819,-0.0471045,-0.000348977,0.0369965,0.0135593,-0.0337747,0.00483991,-0.0453805,-0.000695519,-0.077275,-0.263415,-0.134813
-0.482058,-0.275793,-0.365488,-0.415305,-0.259499,-0.323167,-0.401026,-0.274992,-0.346848,-0.396048,-0.301631,-0.429184,-0.544477,-0.364832,-0.321545,-0.39925,-0.435405,-0.163634,-0.443649,-0.115226	-0.0659676,-0.0365902,-0.0725976,-0.0358813,-0.00585256,-0.0521372,-0.0810568,-0.0192863,-0.10925,-0.0771835,-0.0142319,-0.101535,-0.186876,-0.114568,-0.0384989,-0.158498,-0.296759,0.0973846,-0.535497,-0.716556	-0.429757,-0.241641,-0.300874,-0.385163,-0.254032,-0.275675,-0.330719,-0.25707,-0.246955,-0.328919,-0.288638,-0.342577,-0.398108,-0.261181,-0.286594,-0.257016,-0.159218,-0.256925,0.120468,0.655447
-0.479485,-0.228609,-0.383821,-0.379858,-0.254278,-0.314581,-0.400406,-0.261036,-0.341045,-0.413323,-0.262252,-0.409298,-0.537711,-0.378424,-0.345041,-0.410729,-0.433097,-0.168278,-0.388879,-0.110746	-0.0535589,-0.0238844,-0.0859996,-0.000648605,-0.011388,-0.0496577,-0.0885279,-0.0289808,-0.13231,-0.0976194,0.0137609,-0.0811159,-0.189986,-0.127396,-0.0345788,-0.17117,-0.290451,0.0789233,-0.54278,-0.727096	-0.437152,-0.205849,-0.307988,-0.379302,-0.243595,-0.269127,-0.323339,-0.233824,-0.218599,-0.328977,-0.27502,-0.339452,-0.38729,-0.263743,-0.314211,-0.257675,-0.163172,-0.243962,0.195077,0.670327
0.327866,0.31625,0.321027,0.327059,0.362471,0.405632,0.371282,0.459295,0.438229,0.405932,0.479836,0.477429,0.392741,0.502212,0.406474,0.418308,0.478199,0.528119,0.251717,-0.0490104	0.304711,0.328134,0.32219,0.310464,0.353641,0.389618,0.3896,0.45385,0.441581,0.381957,0.44438,0.451773,0.386076,0.490841,0.367094,0.405026,0.457544,0.539061,0.378622,0.163896	0.0257253,-0.0132605,-0.00129687,0.0184708,0.0101276,0.01902,-0.0214153,0.00687905,-0.00415591,0.0283744,0.0450652,0.0327106,0.00785699,0.0150903,0.046286,0.0159919,0.02644,-0.0152978,-0.140274,-0.211209
-0.439523,-0.280416,-0.371473,-0.410441,-0.228335,-0.298093,-0.367011,-0.271862,-0.367788,-0.356552,-0.268044,-0.39824,-0.532552,-0.352818,-0.309891,-0.37679,-0.388897,-0.14331,-0.406387,-0.0820684	-0.0523438,-0.0242396,-0.0561191,-0.0520899,-0.0246308,-0.0229263,-0.0523248,-0.00100463,-0.128875,-0.0709614,-0.00757955,-0.0644491,-0.166335,-0.122982,-0.0501164,-0.16022,-0.254106,0.0902178,-0.547103,-0.677604	-0.396297,-0.25793,-0.322068,-0.36618,-0.204856,-0.277061,-0.320848,-0.270931,-0.250801,-0.293004,-0.260995,-0.342584,-0.40181,-0.240261,-0.263873,-0.230484,-0.149572,-0.230547,0.180947,0.630603
-0.432103,-0.240378,-0.386875,-0.369476,-0.212302,-0.300927,-0.364259,-0.276506,-0.35427,-0.377327,-0.24795,-0.377054,-0.517145,-0.364788,-0.343163,-0.386811,-0.394483,-0.141227,-0.358484,-0.0601386	-0.0368376,-0.0193078,-0.0657773,-0.0124523,-0.0160543,-0.0357201,-0.0574272,-0.0356373,-0.141009,-0.0976136,-0.00453465,-0.0412891,-0.154997,-0.131388,-0.0592817,-0.171129,-0.257477,0.0795315,-0.559964,-0.684157	-0.401659,-0.222101,-0.329482,-0.358674,-0.196919,-0.268089,-0.313387,-0.243266,-0.224475,-0.29041,-0.24369,-0.341075,-0.393706,-0.24515,-0.289776,-0.230971,-0.152495,-0.218307,0.252083,0.650795
-0.455147,-0.275858,-0.380733,-0.437596,-0.251513,-0.304806,-0.373393,-0.281057,-0.359205,-0.382836,-0.312214,-0.434571,-0.541819,-0.34567,-0.325391,-0.378922,-0.425553,-0.14386,-0.463444,-0.11197	-0.0504643,-0.0265962,-0.0686237,-0.0737117,-0.0441907,-0.0174324,-0.0737747,-0.0066533,-0.122764,-0.086737,-0.034672,-0.0979501,-0.176872,-0.110069,-0.0404699,-0.155197,-0.284421,0.0828606,-0.633512,-0.743006	-0.414197,-0.251104,-0.320483,-0.376013,-0.209652,-0.288908,-0.308105,-0.274918,-0.247348,-0.306269,-0.280579,-0.351586,-0.403628,-0.244919,-0.288723,-0.237704,-0.160566,-0.22405,0.240752,0.688298
-0.449614,-0.240765,-0.396031,-0.399792,-0.242373,-0.302033,-0.363629,-0.2852,-0.345748,-0.40274,-0.28056,-0.411928,-0.530945,-0.358995,-0.354139,-0.387524,-0.425068,-0.139868,-0.41685,-0.103477	-0.0378902,-0.0277756,-0.0790916,-0.0368911,-0.0438174,-0.0235737,-0.0699206,-0.0397232,-0.135045,-0.112781,-0.0157122,-0.0709467,-0.173035,-0.120955,-0.0438226,-0.163657,-0.281426,0.0741042,-0.640256,-0.749032	-0.41886,-0.214423,-0.327188,-0.368334,-0.200687,-0.280456,-0.301371,-0.248289,-0.221023,-0.303756,-0.266021,-0.351246,-0.394119,-0.248845,-0.315209,-0.239026,-0.16316,-0.211777,0.304737,0.699794
0.76103,0.798931,0.778924,0.782488,0.856641,0.826035,0.799153,0.838861,0.759313,0.823926,0.791968,0.805713,0.893261,0.812412,0.783982,0.828968,0.830352,0.898433,0.859213,0.679645	0.767807,0.739629,0.800717,0.750654,0.840877,0.814671,0.792389,0.801843,0.715675,0.821711,0.764189,0.793723,0.872396,0.825349,0.828334,0.835145,0.83853,0.881833,0.731125,0.633255	-0.0163051,0.144963,-0.057914,0.0771499,0.0563698,0.0347467,0.0184424,0.113078,0.0955756,0.00685825,0.0703657,0.0332598,0.0945314,-0.0392652,-0.126502,-0.0200733,-0.0269254,0.0799091,0.344501,0.0814418
-0.0343541,-0.0926198,-0.0766737,0.0634947,-0.0259639,0.0124574,-0.155297,0.159244,-0.00795556,-0.172751,0.152796,-0.0594853,0.00249538,0.0258315,0.0578035,0.0238984,0.107384,-0.0697569,0.0581377,-0.335729	-0.886084,-0.770528,-0.812895,-0.818362,-0.789857,-0.865259,-0.886639,-0.72113,-0.760955,-0.884048,-0.700394,-0.809559,-0.814463,-0.761738,-0.729478,-0.746665,-0.537211,-0.699386,-0.64653,-0.657178	0.878471,0.730006,0.785159,0.838298,0.779887,0.868357,0.848122,0.789689,0.757586,0.839506,0.77071,0.788023,0.815301,0.772372,0.755428,0.757055,0.609438,0.661922,0.67914,0.412449
-0.00432275,-0.0944127,-0.0695174,0.0961636,-0.0219834,-0.00416434,-0.108916,0.130016,-0.0079733,-0.15305,0.148474,-0.0948975,0.0177492,0.00260599,0.0240954,-0.0108361,0.0820009,-0.120059,-0.0326097,-0.34648	-0.885024,-0.770823,-0.811339,-0.814077,-0.791875,-0.864162,-0.877408,-0.725935,-0.766064,-0.881343,-0.697548,-0.811925,-0.814067,-0.761953,-0.727634,-0.758434,-0.555689,-0.704193,-0.690975,-0.671056	0.884084,0.7295,0.786163,0.844156,0.783532,0.863104,0.849692,0.782131,0.76275,0.841849,0.766624,0.776886,0.819969,0.763044,0.738777,0.753793,0.609898,0.63808,0.673542,0.422904
0.0427507,-0.0728122,-0.0982677,0.0390832,-0.0310923,-0.00951412,-0.076732,0.0971698,-0.0057546,-0.124171,0.118175,-0.0738208,0.0412568,0.0317682,0.0346775,0.167752,0.0687729,-0.0667978,0.0398119,-0.326976	-0.869701,-0.764052,-0.817634,-0.82837,-0.781259,-0.862927,-0.87513,-0.738669,-0.762829,-0.876839,-0.69744,-0.799743,-0.81009,-0.745654,-0.720785,-0.703597,-0.533028,-0.684127,-0.651314,-0.666573	0.879742,0.731961,0.782215,0.84025,0.768842,0.860477,0.85587,0.779863,0.760412,0.84463,0.75351,0.771467,0.823814,0.759432,0.73704,0.779361,0.58052,0.646891,0.673658,0.434241
0.0320048,-0.0928131,-0.114737,0.0473845,0.015406,-0.0303986,-0.130644,0.133553,0.018889,-0.151258,0.13585,-0.0518302,0.0174795,0.0161927,0.00265549,0.126381,0.0810299,-0.0784484,0.0320542,-0.349379	-0.875525,-0.76637,-0.827218,-0.82903,-0.773834,-0.865291,-0.88004,-0.731519,-0.758159,-0.881814,-0.69921,-0.799031,-0.813955,-0.749131,-0.739995,-0.708951,-0.529066,-0.685098,-0.654162,-0.662659	0.882793,0.725136,0.787196,0.843288,0.779942,0.857446,0.846749,0.788079,0.766077,0.842996,0.762621,0.779482,0.819771,0.756151,0.741194,0.766642,0.585016,0.641106,0.672122,0.407661
0.00473043,-0.0266178,0.127852,0.237317,-0.0705657,0.252752,-0.0581833,0.183353,-0.212107,-0.18411,0.00674248,0.109565,-0.251657,-0.108782,-0.151746,-0.125823,-0.0445969,0.127644,0.0578499,-0.0731709	-0.755955,-0.644929,-0.598118,-0.62076,-0.713082,-0.650898,-0.764931,-0.515657,-0.711528,-0.834361,-0.647078,-0.597394,-0.693025,-0.651144,-0.617273,-0.669213,-0.391553,-0.0601908,-0.217836,-0.4675	0.757975,0.629111,0.674399,0.747899,0.676561,0.775988,0.739667,0.638629,0.588191,0.768268,0.650981,0.663528,0.534606,0.583707,0.513639,0.593351,0.353123,0.186403,0.272255,0.408295
0.0289994,-0.0601667,0.125813,0.256826,-0.0364588,0.28049,-0.0656669,0.180052,-0.274915,-0.0870211,0.0331805,0.142941,-0.244671,-0.0792386,-0.150902,-0.154927,0.0154612,0.139494,-0.168389,-0.246816	-0.752692,-0.667465,-0.595141,-0.611479,-0.718636,-0.63272,-0.762265,-0.52792,-0.742553,-0.819568,-0.633176,-0.575859,-0.688814,-0.631498,-0.613878,-0.683667,-0.3422,-0.0519323,-0.316253,-0.547364	0.764993,0.632707,0.670732,0.750451,0.700532,0.775568,0.733304,0.646519,0.587587,0.788804,0.652645,0.664133,0.534168,0.58135,0.510243,0.591377,0.355779,0.190049,0.156181,0.347494
0.761234,0.721077,0.748347,0.727818,0.796133,0.702548,0.659247,0.752246,0.717775,0.748332,0.716594,0.696661,0.657383,0.658594,0.618155,0.644087,0.563598,0.627112,0.793921,0.739651	0.760766,0.729336,0.759124,0.729518,0.803883,0.728786,0.657546,0.758564,0.694585,0.753295,0.738774,0.740173,0.643983,0.682463,0.62351,0.610713,0.537628,0.664031,0.808582,0.704248	0.001111,-0.0174207,-0.0249534,-0.00362504,-0.0215288,-0.053766,0.00300269,-0.0147143,0.0462474,-0.0113775,-0.0471325,-0.0898354,0.0232379,-0.043355,-0.00871363,0.055014,0.0372591,-0.0632632,-0.040948,0.0738943
0.331312,0.338802,0.363537,0.288333,0.302895,0.363788,0.407053,0.467961,0.480093,0.363011,0.384765,0.435412,0.418288,0.461454,0.359912,0.403261,0.48824,0.421881,0.567792,0.587751	0.414624,0.319701,0.354564,0.271171,0.341198,0.43937,0.422913,0.480294,0.471748,0.387391,0.437569,0.50303,0.420202,0.525793,0.395681,0.403091,0.537423,0.448339,0.625014,0.524868	-0.096579,0.0214211,0.0103004,0.0186172,-0.0427176,-0.0899603,-0.0191581,-0.015909,0.0107884,-0.0283691,-0.0634934,-0.0865817,-0.00232166,-0.0849496,-0.0417092,0.000202522,-0.0666788,-0.0326294,-0.0887005,0.0909364
0.455997,0.375992,0.495626,0.454224,0.415867,0.480777,0.481595,0.532141,0.518082,0.442218,0.504078,0.524838,0.523535,0.521923,0.448664,0.430546,0.504878,0.510956,0.614011,0.631267	0.506479,0.368673,0.461553,0.424114,0.444629,0.532249,0.500978,0.539193,0.489937,0.456967,0.52795,0.540999,0.520915,0.585826,0.449037,0.442841,0.53523,0.56264,0.659289,0.634947	-0.0656413,0.00849682,0.04418,0.0372947,-0.0352876,-0.0691732,-0.0255459,-0.0098898,0.0377189,-0.0184846,-0.0325277,-0.0225695,0.00360159,-0.0920475,-0.000466743,-0.0151914,-0.0415906,-0.0725378,-0.0760725,-0.00614168
-0.4889,-0.303647,-0.445513,-0.453751,-0.358323,-0.543176,-0.450566,-0.391004,-0.358245,-0.381837,-0.390145,-0.445062,-0.573653,-0.476971,-0.42232,-0.549816,-0.553085,-0.63787,-0.540499,-0.51665	0.0626196,-0.0355237,-0.0521428,-0.0702864,-0.122881,-0.0100006,-0.0451536,0.00112317,-0.0738863,-0.114371,-0.186971,-0.0669246,-0.154572,-0.133708,-0.00180226,-0.272661,-0.268939,-0.0950944,0.059714,-0.505893	-0.535136,-0.271047,-0.402726,-0.396097,-0.246286,-0.536087,-0.413832,-0.391955,-0.29209,-0.27968,-0.21916,-0.389746,-0.459856,-0.366645,-0.420838,-0.326032,-0.333797,-0.577826,-0.581447,-0.014564
-0.483622,-0.265483,-0.454574,-0.428586,-0.319816,-0.55756,-0.443051,-0.370872,-0.359036,-0.37059,-0.381064,-0.458884,-0.582148,-0.503837,-0.433465,-0.544356,-0.558546,-0.652451,-0.681221,-0.563975	0.0705676,-0.0175919,-0.060924,-0.024496,-0.115883,-0.0192514,-0.0406666,-0.0130085,-0.102868,-0.125228,-0.168724,-0.0580017,-0.163678,-0.157126,0.000570175,-0.279075,-0.273348,-0.129024,-0.0775255,-0.533929	-0.5359,-0.249054,-0.404862,-0.408377,-0.211782,-0.54415,-0.409767,-0.359599,-0.265992,-0.257303,-0.226931,-0.411844,-0.462544,-0.376519,-0.433928,-0.3128,-0.336587,-0.571541,-0.637355,-0.0429921
0.345327,0.348572,0.361766,0.289567,0.29669,0.379818,0.411835,0.464738,0.46665,0.379243,0.402432,0.468569,0.422743,0.482987,0.413272,0.357058,0.427529,0.476995,0.596729,0.567575	0.429831,0.32168,0.342609,0.270747,0.32746,0.428791,0.429265,0.470771,0.4816,0.398716,0.433444,0.493289,0.437931,0.524477,0.444053,0.388436,0.501911,0.467706,0.639381,0.541838	-0.0992341,0.0302871,0.0218674,0.0204213,-0.0340809,-0.0585006,-0.0211729,-0.00772253,-0.0192845,-0.0229423,-0.0375636,-0.0321515,-0.0186386,-0.0555656,-0.0376996,-0.0364307,-0.0947029,0.0119563,-0.0689651,0.037167
0.446384,0.383441,0.511454,0.441464,0.414443,0.490605,0.491659,0.526531,0.505679,0.441226,0.525284,0.54575,0.5217,0.53768,0.493028,0.400547,0.502195,0.511729,0.640368,0.590513	0.497898,0.368414,0.467058,0.409465,0.435599,0.515328,0.512582,0.527302,0.500716,0.450955,0.526715,0.518706,0.532369,0.577983,0.488035,0.444339,0.557687,0.526498,0.670918,0.630888	-0.0662349,0.0174987,0.0583298,0.0390597,-0.0258174,-0.0330885,-0.0279719,-0.00106703,0.00664552,-0.0121464,-0.00197868,0.0377232,-0.0147716,-0.0584756,0.00657465,-0.0532739,-0.077079,-0.0202151,-0.0535624,-0.0643466
-0.494711,-0.305546,-0.441871,-0.441363,-0.360635,-0.541028,-0.460842,-0.405533,-0.375837,-0.392988,-0.381453,-0.453954,-0.572411,-0.474814,-0.397611,-0.544883,-0.539638,-0.632188,-0.581694,-0.532127	0.0544077,-0.0426926,-0.0549473,-0.0500113,-0.130182,-0.0250031,-0.0635569,-0.0287227,-0.0775857,-0.130792,-0.188752,-0.11301,-0.137479,-0.148089,0.0196116,-0.251589,-0.236891,-0.123187,-0.00876711,-0.509185	-0.534726,-0.266328,-0.396552,-0.400186,-0.241805,-0.523101,-0.409272,-0.381251,-0.307209,-0.276403,-0.207652,-0.35938,-0.472082,-0.351436,-0.413994,-0.339888,-0.347121,-0.551989,-0.575863,-0.031468
-0.485666,-0.271093,-0.455092,-0.421474,-0.328245,-0.548439,-0.459802,-0.38232,-0.374121,-0.386849,-0.363272,-0.46221,-0.579752,-0.498258,-0.406295,-0.541571,-0.540833,-0.65014,-0.676068,-0.574985	0.0674919,-0.0291733,-0.0696069,-0.0128069,-0.130887,-0.0225898,-0.0720231,-0.0376846,-0.103704,-0.147625,-0.158202,-0.0945297,-0.144436,-0.165473,0.0258867,-0.261273,-0.231769,-0.15663,-0.0507829,-0.534214	-0.535602,-0.243848,-0.398096,-0.410885,-0.206218,-0.532446,-0.401061,-0.349673,-0.281332,-0.253713,-0.217574,-0.384479,-0.475099,-0.362687,-0.427684,-0.326496,-0.353357,-0.549463,-0.647516,-0.0588465
0.379316,0.312036,0.346396,0.353809,0.315229,0.410066,0.404244,0.442967,0.466924,0.390485,0.403736,0.479023,0.399099,0.471441,0.433075,0.370631,0.486107,0.459355,0.661173,0.512975	0.344881,0.32368,0.322758,0.341724,0.305476,0.385495,0.407442,0.437764,0.447277,0.380532,0.37442,0.428534,0.394675,0.46979,0.397381,0.382851,0.467621,0.483013,0.649061,0.577654	0.0396181,-0.0129518,0.0266132,0.013747,0.010792,0.0291849,-0.00382841,0.00645412,0.0248325,0.01169,0.0345376,0.0635299,0.00525007,0.00212117,0.0431136,-0.014241,0.0239241,-0.0304037,0.0212171,-0.0919151
-0.467041,-0.309769,-0.450683,-0.421848,-0.323019,-0.539602,-0.427108,-0.412556,-0.399397,-0.338692,-0.342469,-0.426817,-0.564976,-0.465491,-0.39019,-0.519127,-0.517477,-0.600331,-0.558355,-0.518766	0.0262833,-0.0336743,-0.0555496,-0.00815993,-0.106557,-0.0423905,-0.0225023,-0.0394176,-0.122111,-0.0773299,-0.167795,-0.101988,-0.139398,-0.164807,0.0119871,-0.230646,-0.248212,-0.0581389,0.00223798,-0.485408	-0.487342,-0.279005,-0.40528,-0.415117,-0.224178,-0.508851,-0.408532,-0.379307,-0.291503,-0.268392,-0.185323,-0.339612,-0.46196,-0.325667,-0.400305,-0.327721,-0.308948,-0.561801,-0.559894,-0.0445844
-0.456344,-0.281542,-0.459134,-0.398135,-0.279241,-0.562697,-0.424267,-0.406866,-0.390253,-0.334998,-0.348222,-0.436331,-0.563973,-0.485742,-0.408117,-0.516857,-0.524549,-0.611814,-0.669705,-0.558637	0.0426998,-0.0280939,-0.0656544,0.0329981,-0.0941654,-0.0619968,-0.0287018,-0.0746014,-0.135474,-0.100271,-0.165703,-0.0808995,-0.130935,-0.176384,0.00412855,-0.240848,-0.253381,-0.0761106,-0.0692545,-0.506814	-0.489505,-0.255468,-0.40571,-0.425543,-0.190073,-0.518799,-0.400442,-0.342666,-0.269002,-0.242886,-0.193695,-0.368437,-0.467565,-0.338346,-0.411553,-0.315253,-0.312735,-0.561866,-0.629654,-0.0722898
-0.473557,-0.304062,-0.45433,-0.448639,-0.346138,-0.540035,-0.431704,-0.424177,-0.387441,-0.368226,-0.393183,-0.45488,-0.576255,-0.464985,-0.404051,-0.523043,-0.544089,-0.611302,-0.571103,-0.534975	0.0450898,-0.035663,-0.0387088,-0.0356694,-0.12727,-0.0228015,-0.0287913,-0.046901,-0.0911028,-0.107631,-0.208146,-0.106542,-0.153774,-0.163521,0.019361,-0.250279,-0.279174,-0.0903305,-0.0244901,-0.525851	-0.507804,-0.271342,-0.423061,-0.419686,-0.228954,-0.523682,-0.407983,-0.384934,-0.307181,-0.27135,-0.20153,-0.36608,-0.463558,-0.326272,-0.420126,-0.313848,-0.312361,-0.551421,-0.554367,-0.0126944
-0.464724,-0.280736,-0.464268,-0.427921,-0.308988,-0.555121,-0.422956,-0.417033,-0.37821,-0.363506,-0.385225,-0.460516,-0.58073,-0.487783,-0.418446,-0.517517,-0.547532,-0.621148,-0.686007,-0.577475	0.0577925,-0.0364297,-0.0501442,0.00210878,-0.122354,-0.0320375,-0.0257775,-0.0802886,-0.105455,-0.129026,-0.189391,-0.0812976,-0.153959,-0.178643,0.0178761,-0.255895,-0.279153,-0.105397,-0.114133,-0.549319	-0.50885,-0.246831,-0.423994,-0.429642,-0.193967,-0.532555,-0.401556,-0.34841,-0.284086,-0.246018,-0.211247,-0.393968,-0.468674,-0.33865,-0.433082,-0.301557,-0.3168,-0.551881,-0.620453,-0.0412366
0.764484,0.780558,0.751218,0.749222,0.862616,0.734076,0.783066,0.800246,0.750993,0.840369,0.761278,0.770475,0.844977,0.778955,0.783697,0.819784,0.774401,0.754173,0.585613,0.377787	0.769731,0.746488,0.761888,0.757977,0.80313,0.762187,0.775209,0.749518,0.716987,0.798428,0.776543,0.815769,0.85872,0.813741,0.800618,0.793554,0.78924,0.75316,0.787584,0.439711	-0.0127477,0.0816379,-0.0249508,-0.0202605,0.193636,-0.0638166,0.0199941,0.126756,0.0736765,0.12747,-0.0373383,-0.121932,-0.0500814,-0.0950101,-0.0454211,0.0750601,-0.038164,0.00234482,-0.374867,-0.0742606
0.761859,0.734323,0.751007,0.716815,0.796587,0.704244,0.661838,0.741796,0.720483,0.756768,0.701033,0.709406,0.655769,0.656303,0.614823,0.650357,0.55194,0.660556,0.805676,0.788501	0.767901,0.74201,0.764333,0.728047,0.805966,0.726405,0.6721,0.735385,0.697254,0.766796,0.721761,0.739204,0.647556,0.670159,0.605741,0.601543,0.506436,0.667629,0.773411,0.751032	-0.0145598,-0.0168895,-0.0312828,-0.0234924,-0.0261997,-0.0453701,-0.0184847,0.0141075,0.0466782,-0.023893,-0.0419585,-0.0626532,0.0142732,-0.0247347,0.0144723,0.0801833,0.0631583,-0.012653,0.0856102,0.0918767
0.324545,0.358289,0.382706,0.279942,0.310517,0.368492,0.409724,0.452797,0.479234,0.378656,0.361442,0.447811,0.411162,0.448782,0.351717,0.346158,0.477144,0.443205,0.556077,0.663262	0.424736,0.346049,0.366396,0.255826,0.346607,0.439218,0.446504,0.436667,0.471827,0.415961,0.400156,0.508395,0.426292,0.515043,0.377877,0.409599,0.501373,0.469696,0.601631,0.616091	-0.11621,0.0139721,0.0189708,0.025977,-0.0404423,-0.0843834,-0.045016,0.0201056,0.00957104,-0.044279,-0.04526,-0.0784424,-0.0183459,-0.0861816,-0.0301697,-0.0739218,-0.031848,-0.033456,-0.0684568,0.0797645
0.451394,0.401541,0.515683,0.445212,0.407094,0.49138,0.493268,0.508994,0.512804,0.460851,0.480743,0.531187,0.523387,0.513928,0.452575,0.387455,0.487072,0.533171,0.603903,0.707057	0.516581,0.392898,0.469597,0.410202,0.45099,0.532483,0.518323,0.503177,0.495381,0.481825,0.497761,0.549133,0.525875,0.573047,0.428415,0.445619,0.501841,0.578224,0.633665,0.697776	-0.0850097,0.0102614,0.0608132,0.0428323,-0.0537675,-0.0556685,-0.0336613,0.00782017,0.023357,-0.0269595,-0.0223712,-0.025337,-0.00343295,-0.0837983,0.0299721,-0.0703024,-0.0195481,-0.0651341,-0.0482111,0.0183186
-0.493428,-0.293052,-0.468077,-0.508284,-0.340475,-0.587113,-0.423048,-0.472698,-0.289245,-0.342874,-0.4058,-0.469959,-0.524903,-0.43533,-0.371631,-0.510806,-0.55689,-0.676132,-0.562476,-0.413671	0.0746466,0.0036704,-0.0213038,-0.0984091,-0.113044,-0.0156323,0.00315257,-0.0847132,-0.0667988,-0.0650829,-0.252487,-0.0403896,-0.150563,-0.135716,-0.0311978,-0.267525,-0.339697,-0.0422373,0.0105106,-0.303948	-0.547895,-0.296403,-0.451274,-0.431457,-0.236535,-0.576775,-0.425633,-0.404169,-0.226829,-0.284132,-0.170815,-0.437881,-0.406463,-0.318427,-0.344427,-0.281789,-0.267867,-0.652529,-0.569619,-0.125503
-0.489515,-0.243697,-0.477493,-0.488604,-0.312488,-0.606826,-0.414927,-0.452901,-0.269828,-0.352929,-0.40391,-0.490362,-0.536605,-0.471699,-0.383294,-0.494965,-0.583117,-0.693353,-0.616356,-0.369405	0.0824745,0.0196983,-0.0304178,-0.0503666,-0.107732,-0.0261712,0.00701762,-0.0959301,-0.0930997,-0.0785656,-0.23493,-0.0307173,-0.159879,-0.159089,-0.0297988,-0.269929,-0.350035,-0.0811897,-0.113933,-0.316478	-0.549793,-0.262137,-0.453664,-0.449295,-0.211889,-0.590025,-0.42072,-0.373184,-0.181283,-0.282188,-0.186696,-0.466674,-0.412078,-0.337973,-0.35758,-0.259739,-0.292857,-0.64868,-0.540369,-0.0599336
0.339617,0.368126,0.382372,0.28334,0.3045,0.383016,0.41818,0.446599,0.466004,0.396237,0.377923,0.477294,0.416397,0.46783,0.400768,0.299444,0.411731,0.48703,0.568446,0.642545	0.434677,0.348524,0.353331,0.248557,0.331359,0.43095,0.444993,0.436738,0.481758,0.423487,0.396327,0.508712,0.439628,0.521512,0.436134,0.40803,0.480225,0.506531,0.647118,0.635026	-0.111524,0.0224876,0.033578,0.0374178,-0.0298728,-0.0574105,-0.0329427,0.0122504,-0.0203149,-0.0327451,-0.0216457,-0.0414926,-0.0284367,-0.0710056,-0.0428566,-0.123701,-0.0853742,-0.0258874,-0.124452,0.0127023
0.443241,0.409292,0.531984,0.435237,0.406162,0.497854,0.507213,0.499748,0.498554,0.461786,0.500533,0.547915,0.522905,0.526441,0.491485,0.355898,0.484169,0.525197,0.612874,0.670652	0.503019,0.393325,0.473076,0.388895,0.440968,0.51598,0.522143,0.500236,0.504373,0.472511,0.496655,0.536268,0.533558,0.572151,0.476542,0.459551,0.543351,0.562787,0.675909,0.700647	-0.07693,0.0190312,0.0787182,0.0557849,-0.0423998,-0.0243921,-0.0203076,-0.000650473,-0.00777319,-0.0137192,0.00516072,0.0164932,-0.0147755,-0.0654122,0.019513,-0.12392,-0.080309,-0.0533636,-0.107614,-0.0565823
-0.50068,-0.296019,-0.465043,-0.498167,-0.341198,-0.585018,-0.437662,-0.48493,-0.306512,-0.355529,-0.395554,-0.473921,-0.522373,-0.430931,-0.344961,-0.500352,-0.540099,-0.662853,-0.586489,-0.428513	0.0570367,-0.00294153,-0.0276197,-0.0886095,-0.121157,-0.0257104,-0.0280059,-0.101735,-0.0697682,-0.087109,-0.251916,-0.0707872,-0.139029,-0.138979,0.00577039,-0.230234,-0.292335,-0.0284866,0.0183744,-0.300834	-0.542232,-0.293333,-0.443115,-0.428471,-0.22953,-0.567849,-0.41474,-0.403081,-0.241917,-0.276999,-0.159536,-0.417127,-0.413365,-0.310551,-0.350035,-0.305286,-0.294219,-0.646575,-0.598415,-0.146575
-0.49298,-0.249981,-0.479104,-0.484401,-0.319219,-0.597646,-0.436004,-0.462791,-0.284537,-0.370472,-0.384631,-0.489907,-0.532607,-0.463394,-0.354822,-0.486568,-0.561275,-0.681987,-0.598907,-0.380603	0.0702409,0.00888207,-0.0429047,-0.0499605,-0.123517,-0.0233649,-0.0368857,-0.10824,-0.0930359,-0.107002,-0.222458,-0.0510917,-0.146067,-0.156379,0.0113063,-0.23603,-0.292557,-0.0649858,-0.0141327,-0.309059	-0.544371,-0.258289,-0.445354,-0.445215,-0.203734,-0.582413,-0.405641,-0.373248,-0.196709,-0.274346,-0.177347,-0.450081,-0.419148,-0.331001,-0.364665,-0.283045,-0.321511,-0.645614,-0.589767,-0.0810816
0.378133,0.339197,0.368052,0.344227,0.307873,0.41605,0.423608,0.407546,0.458855,0.415099,0.369919,0.484114,0.400675,0.463433,0.434171,0.342557,0.462604,0.481935,0.645077,0.614626	0.341018,0.342825,0.340059,0.334448,0.315619,0.386111,0.411696,0.417726,0.449047,0.398251,0.347942,0.442163,0.388334,0.455079,0.383791,0.337669,0.453284,0.499289,0.629429,0.651789	0.0426087,-0.00410561,0.0319977,0.0110521,-0.00857953,0.0356695,0.0144284,-0.0122685,0.0123539,0.0201853,0.0252228,0.0533762,0.0146144,0.0105876,0.0604531,0.00552703,0.0117927,-0.0228529,0.0263453,-0.0620009
-0.475644,-0.300198,-0.471021,-0.474928,-0.302912,-0.58218,-0.407948,-0.487694,-0.327661,-0.301107,-0.354543,-0.449003,-0.516799,-0.420182,-0.337223,-0.496129,-0.514906,-0.643216,-0.573564,-0.418751	0.0145227,-0.00263883,-0.0154665,-0.0229943,-0.0942715,-0.0422266,0.000944223,-0.0948114,-0.111454,-0.0429666,-0.218251,-0.0696817,-0.15023,-0.165704,-0.0068693,-0.292153,-0.294411,-0.00454435,-0.0305239,-0.283615	-0.486804,-0.297795,-0.458898,-0.456923,-0.214774,-0.553562,-0.408734,-0.411929,-0.224402,-0.261524,-0.147722,-0.391572,-0.397424,-0.273523,-0.33112,-0.238553,-0.259892,-0.640544,-0.552717,-0.153348
-0.467034,-0.26136,-0.478943,-0.455972,-0.268963,-0.610963,-0.403186,-0.481066,-0.298015,-0.318941,-0.36879,-0.466784,-0.517842,-0.449649,-0.357231,-0.482497,-0.544219,-0.656562,-0.597953,-0.365304	0.0314638,0.00152318,-0.0260732,0.0210532,-0.0829501,-0.0643481,-0.00549648,-0.129747,-0.122192,-0.0680201,-0.217397,-0.0472105,-0.142344,-0.177833,-0.0148265,-0.296428,-0.305297,-0.024164,-0.090252,-0.287022	-0.491278,-0.262779,-0.458597,-0.472489,-0.190257,-0.568984,-0.398572,-0.374706,-0.182468,-0.256485,-0.164588,-0.429028,-0.405379,-0.295439,-0.344228,-0.217124,-0.286529,-0.642592,-0.536663,-0.0874517
-0.480845,-0.292653,-0.473317,-0.499577,-0.330429,-0.582511,-0.406574,-0.503551,-0.319055,-0.330146,-0.405182,-0.480843,-0.527586,-0.419083,-0.349908,-0.492424,-0.542397,-0.651426,-0.584619,-0.42894	0.0367977,0.00408424,0.008796,-0.0551412,-0.132854,-0.0127893,0.0120485,-0.123052,-0.0929868,-0.0655535,-0.263995,-0.0850302,-0.155158,-0.158144,0.0167801,-0.289306,-0.331426,-0.0302055,-0.0503802,-0.3173	-0.508643,-0.296383,-0.480114,-0.457025,-0.206647,-0.573998,-0.416582,-0.405633,-0.23298,-0.270445,-0.158098,-0.412686,-0.405632,-0.279461,-0.364548,-0.236861,-0.257207,-0.63369,-0.550451,-0.129229
-0.47421,-0.25904,-0.482873,-0.483604,-0.302831,-0.6039,-0.396485,-0.495818,-0.289309,-0.346753,-0.403774,-0.493756,-0.534547,-0.450982,-0.365596,-0.475165,-0.565838,-0.663057,-0.612543,-0.378976	0.0499145,0.00142942,-0.00303519,-0.0153117,-0.128779,-0.0230675,0.014212,-0.154914,-0.104557,-0.0898863,-0.245996,-0.0584162,-0.155661,-0.173462,0.0153799,-0.289197,-0.336565,-0.0464219,-0.119723,-0.322252	-0.512005,-0.260373,-0.480542,-0.471786,-0.181116,-0.589038,-0.408396,-0.369267,-0.190515,-0.265131,-0.175179,-0.44827,-0.413273,-0.301072,-0.378845,-0.215595,-0.283207,-0.636218,-0.531821,-0.0646149
0.758864,0.798318,0.737252,0.722127,0.860265,0.704109,0.785085,0.773315,0.801076,0.832301,0.75144,0.746732,0.850897,0.778381,0.799482,0.839175,0.739081,0.729788,0.693172,0.519805	0.772778,0.746024,0.747352,0.742028,0.818731,0.749285,0.773255,0.719221,0.734525,0.825866,0.783546,0.816951,0.868937,0.83287,0.816731,0.794771,0.81249,0.744646,0.625154,0.414016	-0.0336443,0.129301,-0.0224929,-0.0428751,0.140472,-0.0956265,0.0301084,0.121885,0.161692,0.0205828,-0.0780761,-0.180069,-0.0692209,-0.154927,-0.0497034,0.133325,-0.183749,-0.0325433,0.120033,0.134799
0.0368445,0.0200586,-0.00909575,0.00124635,-0.0309239,0.0287994,0.015304,-0.0162045,-0.0214396,0.0409464,0.027297,0.0460374,0.0193445,0.0223236,0.1067,-0.0803709,-0.114913,0.111883,0.0696125,-0.00282031	-0.556595,-0.560924,-0.606665,-0.592001,-0.690677,-0.475495,-0.360821,-0.502272,-0.420373,-0.557354,-0.505081,-0.39634,-0.353835,-0.292205,-0.29019,-0.399307,-0.130134,-0.278177,-0.392287,-0.335167	0.581514,0.574518,0.600885,0.59281,0.674152,0.497482,0.37406,0.490056,0.402562,0.584951,0.525138,0.43445,0.370643,0.31249,0.38497,0.329511,0.0154528,0.378286,0.449621,0.332662
-0.0422142,0.0193719,0.0543571,-0.042905,-0.0198746,0.00792417,0.0305854,-0.0331432,-0.0214994,-0.00869512,0.0263731,0.0104443,0.00847247,0.0119549,0.0973841,-0.0464118,0.00820515,-0.0158866,0.0590028,-0.0566394	-0.520929,-0.528652,-0.498156,-0.50775,-0.632377,-0.380917,-0.261461,-0.438221,-0.39461,-0.530714,-0.403039,-0.348389,-0.234178,-0.223094,-0.225847,-0.329463,-0.00228146,-0.231251,-0.352772,-0.264645	0.489479,0.542469,0.537947,0.475198,0.620298,0.387671,0.28973,0.411048,0.376303,0.524439,0.424896,0.357532,0.24217,0.234424,0.316275,0.287447,0.0104864,0.216159,0.403378,0.211171
-0.0152285,0.00277299,0.0189387,0.0390006,0.00399526,0.0317236,-0.0319824,-0.0495054,-0.05306,-0.019443,0.052656,0.013735,0.00333223,0.0207111,0.0378949,-0.0333695,0.000141747,0.0255908,-0.0752264,-0.0689017	-0.747065,-0.732297,-0.757133,-0.724298,-0.825485,-0.707603,-0.67213,-0.7762,-0.74074,-0.773685,-0.764061,-0.735055,-0.680303,-0.70636,-0.607605,-0.699329,-0.638742,-0.658438,-0.804042,-0.81888	0.740258,0.73358,0.765101,0.742329,0.826754,0.723095,0.654211,0.755735,0.715814,0.765762,0.78513,0.741305,0.682089,0.716587,0.630972,0.681871,0.638826,0.672694,0.775737,0.794824
-0.00626551,-0.00765851,0.00748746,0.024109,-0.0196164,0.0480428,-0.054062,-0.0413648,-0.0487324,-0.0309649,0.0775254,0.0318931,0.00630964,0.0306498,0.042347,-0.0375867,0.0171258,0.0276173,0.0849537,-0.0510272	-0.740865,-0.728211,-0.759715,-0.722617,-0.8295,-0.703582,-0.681852,-0.776207,-0.750863,-0.779037,-0.750654,-0.729197,-0.680445,-0.705964,-0.604922,-0.700965,-0.634741,-0.663942,-0.799055,-0.824036	0.738026,0.724593,0.762863,0.733939,0.82328,0.727049,0.651818,0.759219,0.728798,0.766563,0.782634,0.743792,0.683819,0.721013,0.631102,0.681329,0.644857,0.679107,0.827815,0.806939
-0.136757,-0.0767177,-0.210704,-0.124868,-0.154197,-0.135077,-0.118404,-0.153999,-0.0800812,-0.0950441,-0.179718,-0.105749,-0.190901,-0.116729,-0.0357872,-0.0898661,-0.0500675,-0.0841337,0.0760776,-0.154865	0.00428721,-0.0133565,-0.0528325,0.0864201,-0.00358522,0.0185836,8.5279e-05,-0.0526272,-0.0387821,0.0131508,-0.0296155,-0.0103336,-0.0292504,-0.0216262,0.0575831,-0.0273275,-0.0440581,0.0998574,0.161582,0.00218336	-0.140962,-0.0634262,-0.159649,-0.209033,-0.150695,-0.153276,-0.118488,-0.1022,-0.0414277,-0.10806,-0.150906,-0.0955202,-0.162559,-0.0953437,-0.0931783,-0.0626926,-0.00602268,-0.182458,-0.0865683,-0.156995
0.0654332,-0.0205489,-0.0137271,0.0334271,0.059782,0.0633809,0.0422589,-0.0306776,-0.0663146,0.0667458,0.0853395,0.0474065,0.0173139,0.0491787,0.0548803,0.0385685,0.089745,0.0589537,0.0303896,-0.0228267	-0.322731,-0.360209,-0.387696,-0.273811,-0.357599,-0.382661,-0.407942,-0.497328,-0.537444,-0.392333,-0.465003,-0.485273,-0.469607,-0.539775,-0.352101,-0.489414,-0.575294,-0.432893,-0.578793,-0.717073	0.380137,0.342193,0.37597,0.304452,0.408645,0.43548,0.442571,0.47388,0.488541,0.447364,0.529337,0.5207,0.482994,0.573724,0.399266,0.518201,0.632389,0.479607,0.598653,0.705799
0.071613,-0.0336421,-0.0154493,0.0298579,0.0672408,0.0563372,0.0312791,-0.0592032,-0.0487235,0.0539367,0.0678858,0.0631488,0.0345201,0.0632358,0.0453686,0.0367585,0.0896788,0.0715297,0.104116,0.0114115	-0.311639,-0.357985,-0.393635,-0.253203,-0.351535,-0.389427,-0.415926,-0.519451,-0.541334,-0.407643,-0.464129,-0.474062,-0.46496,-0.53794,-0.359152,-0.493897,-0.575847,-0.435264,-0.59227,-0.720738	0.374885,0.328297,0.3805,0.280937,0.409106,0.436195,0.441462,0.474851,0.505955,0.45165,0.515764,0.521596,0.49159,0.581398,0.398035,0.521194,0.632845,0.491491,0.655938,0.726177
0.0477641,-0.009612,-0.0289686,-0.00149419,0.0307242,0.0566546,0.0437924,-0.0484216,-0.0575939,0.0261481,0.00366647,-0.0259651,-0.00100667,0.0530105,0.0219366,0.0280306,0.0209969,0.0734395,-0.0153643,-0.0477829	-0.436894,-0.397434,-0.503167,-0.447919,-0.475569,-0.485505,-0.482941,-0.561848,-0.553232,-0.48695,-0.592767,-0.572741,-0.567688,-0.592067,-0.432507,-0.529029,-0.609453,-0.535234,-0.634402,-0.767612	0.474751,0.389309,0.481213,0.446724,0.499002,0.527646,0.515824,0.527785,0.51195,0.506648,0.59514,0.55503,0.567005,0.625448,0.450172,0.54892,0.622484,0.585653,0.625131,0.747236
0.0516487,-0.0310341,-0.0318905,-0.00961341,0.0283601,0.0571457,0.042281,-0.0761637,-0.0396577,0.0128223,0.00716799,-0.00474856,0.00931636,0.0641184,0.0175946,0.0298912,0.028111,0.092032,0.0497045,-0.0288983	-0.427633,-0.400744,-0.507483,-0.43409,-0.476408,-0.487322,-0.483863,-0.580313,-0.556431,-0.50007,-0.582492,-0.559765,-0.565894,-0.591659,-0.435302,-0.530588,-0.607064,-0.534744,-0.651972,-0.7702	0.468925,0.374366,0.483416,0.426256,0.498039,0.529716,0.515596,0.527463,0.528434,0.509624,0.587209,0.556496,0.572194,0.631809,0.449454,0.551728,0.624518,0.597377,0.679652,0.758176
0.869833,0.823141,0.873113,0.855874,0.894424,0.888183,0.886785,0.879635,0.840279,0.8961,0.848057,0.900265,0.942419,0.900893,0.876023,0.910408,0.893371,0.920427,0.883315,0.693689	0.875935,0.839448,0.865811,0.893426,0.896462,0.882093,0.889995,0.866869,0.811073,0.885588,0.86347,0.908259,0.936738,0.883966,0.877841,0.901142,0.889037,0.900187,0.803398,0.644085	-0.0256302,-0.0527707,0.0299193,-0.159562,-0.0102832,0.0281279,-0.0152287,0.0537613,0.0917061,0.0509252,-0.0575696,-0.0438427,0.0484658,0.0831193,-0.00786807,0.051599,0.0210628,0.118058,0.275247,0.0896664
-0.119101,-0.0868822,-0.232702,-0.104393,-0.145542,-0.143139,-0.139866,-0.135393,-0.065983,-0.0928451,-0.19829,-0.116078,-0.197399,-0.128357,-0.111781,-0.0543457,-0.0542322,-0.0779268,0.0412616,-0.107511	-0.0161336,-0.0239227,-0.0485437,0.0847741,0.0105746,-0.000571844,-0.0118379,-0.0425368,-0.0242809,-0.00974849,-0.0478478,-0.0421427,-0.0448276,-0.0402107,-0.0250867,0.0308444,0.0686022,0.00869986,0.120173,0.00434201	-0.103165,-0.0630906,-0.186262,-0.187508,-0.155877,-0.142579,-0.128241,-0.0933945,-0.041769,-0.0831718,-0.151884,-0.0742985,-0.153934,-0.0886034,-0.0869384,-0.0850475,-0.122379,-0.086568,-0.079305,-0.111801
0.0742516,-0.0221342,-0.0224756,0.0149545,0.0586246,0.0445588,0.0642366,-0.00401339,-0.0325216,0.0782789,0.0573665,0.040833,0.0150635,0.0356793,0.0293434,0.0588536,0.0837641,0.0434049,0.0794568,0.028815	-0.334823,-0.367954,-0.385184,-0.278357,-0.352695,-0.395525,-0.409527,-0.487238,-0.522956,-0.404398,-0.481584,-0.509622,-0.477413,-0.55877,-0.407573,-0.450744,-0.530786,-0.4783,-0.592469,-0.701375	0.399151,0.348659,0.365876,0.292096,0.402988,0.432462,0.46162,0.484172,0.498919,0.467866,0.524461,0.539234,0.48896,0.58283,0.431753,0.496428,0.58839,0.511094,0.641717,0.715725
0.0767583,-0.0300485,-0.0188464,0.0186381,0.075077,0.0276343,0.0675598,-0.0366859,-0.018357,0.0715417,0.0249943,0.0454171,0.0301478,0.0428451,0.015707,0.0600812,0.0699426,0.0552942,0.0580274,0.0489665	-0.326616,-0.364583,-0.389797,-0.25596,-0.344705,-0.403804,-0.412313,-0.51028,-0.527321,-0.418723,-0.483919,-0.499863,-0.472601,-0.558427,-0.415098,-0.454449,-0.536169,-0.480712,-0.626936,-0.708374	0.393509,0.33824,0.373696,0.273295,0.409192,0.426677,0.466868,0.482629,0.513939,0.476005,0.502831,0.533176,0.495686,0.587222,0.428015,0.500855,0.584203,0.522128,0.660919,0.731951
0.0557757,-0.0111184,-0.0392549,-0.0233592,0.0292128,0.035569,0.06827,-0.0198645,-0.0231091,0.0373482,-0.0308122,-0.0356162,-0.00363205,0.0376359,-0.00701527,0.0506966,0.0208598,0.0502658,0.0352603,0.0107524	-0.42304,-0.403759,-0.515072,-0.440847,-0.474138,-0.493111,-0.488362,-0.548748,-0.539981,-0.483632,-0.612816,-0.580891,-0.569031,-0.605598,-0.480695,-0.50297,-0.611262,-0.525932,-0.645953,-0.741064	0.467778,0.394411,0.485637,0.421832,0.496475,0.519568,0.538672,0.534712,0.523403,0.511737,0.593205,0.556795,0.56657,0.6289,0.475283,0.539899,0.624163,0.561358,0.666043,0.745873
0.0551045,-0.0271217,-0.0359857,-0.022825,0.0369378,0.0249856,0.0823997,-0.0521014,-0.00873814,0.0306007,-0.0438294,-0.026056,0.00426725,0.0408983,-0.0152218,0.0555056,0.0125366,0.0668446,-0.00454497,0.013259	-0.416744,-0.405853,-0.517941,-0.424583,-0.472665,-0.496617,-0.48402,-0.567882,-0.544601,-0.495338,-0.605523,-0.569613,-0.567765,-0.606906,-0.48368,-0.503464,-0.614253,-0.526955,-0.686163,-0.748684	0.461256,0.382946,0.491109,0.40569,0.500858,0.51521,0.544696,0.531506,0.538425,0.518086,0.577008,0.551746,0.57065,0.632114,0.471933,0.543773,0.621999,0.573595,0.683751,0.754454
0.869282,0.825829,0.874221,0.858812,0.898679,0.882003,0.891272,0.878887,0.840419,0.899773,0.840054,0.894166,0.943535,0.900185,0.869963,0.906395,0.889065,0.913956,0.86675,0.698108	0.879147,0.83735,0.861996,0.889589,0.893362,0.883862,0.883725,0.869478,0.81446,0.88459,0.86731,0.910562,0.939301,0.887982,0.874481,0.895014,0.894126,0.894692,0.846352,0.655725	-0.0418443,-0.0373455,0.0496072,-0.130406,0.0269704,-0.00843356,0.0355358,0.0399003,0.082273,0.0744025,-0.100422,-0.0882429,0.0372267,0.0608149,-0.018883,0.0602924,-0.0246809,0.105682,0.0765633,0.0781641
-0.0229168,0.0108648,-0.0109855,-0.0378299,-0.032392,-0.0128583,-0.0024829,-0.0137245,0.00978883,-0.0446134,-0.07942,-0.0702432,-0.0173773,-0.00108992,-0.0353442,-0.0112127,-0.0646759,0.00271414,-0.0493933,-0.0190062	-0.350586,-0.331323,-0.360763,-0.369083,-0.389217,-0.413314,-0.41306,-0.46506,-0.494579,-0.448171,-0.509018,-0.524734,-0.461377,-0.544656,-0.420716,-0.481121,-0.596278,-0.486404,-0.665369,-0.713498	0.330323,0.340961,0.351169,0.335944,0.361381,0.402596,0.410999,0.454234,0.501938,0.411791,0.447696,0.471884,0.447588,0.543889,0.391189,0.472457,0.552926,0.488473,0.636907,0.704039
-0.0257609,0.00387237,-0.011901,-0.0412518,-0.0418696,-0.00535035,0.00706893,-0.0114092,0.00955721,-0.0440711,-0.0598022,-0.0660581,-0.0248857,-0.00511969,-0.029629,-0.00772817,-0.0583382,0.00580022,-0.0658447,-0.0364262	-0.344457,-0.331052,-0.366499,-0.351174,-0.390042,-0.413628,-0.410232,-0.478857,-0.501521,-0.461047,-0.494674,-0.51426,-0.464066,-0.548504,-0.421655,-0.483195,-0.594992,-0.490025,-0.698582,-0.727563	0.321549,0.334496,0.356152,0.314478,0.353953,0.409183,0.416094,0.470015,0.50864,0.425624,0.448128,0.463963,0.444312,0.544914,0.396986,0.477249,0.555951,0.49442,0.663245,0.709952
0.854417,0.830738,0.870285,0.851654,0.883631,0.888779,0.884301,0.890648,0.840652,0.896533,0.845585,0.885153,0.938447,0.897912,0.873041,0.904162,0.89216,0.905122,0.868065,0.691161	0.867089,0.834753,0.861653,0.886501,0.892123,0.876661,0.878865,0.857933,0.825432,0.874493,0.848549,0.905237,0.944601,0.890321,0.866576,0.893445,0.887786,0.894109,0.830096,0.657771	-0.0488995,-0.0130948,0.0345108,-0.142229,-0.0401184,0.0548709,0.0243935,0.138694,0.0497248,0.102044,-0.010493,-0.101062,-0.0542046,0.0378474,0.0265546,0.0557669,0.0210369,0.0577404,0.135885,0.0612254
0.860132,0.831838,0.873813,0.861323,0.893917,0.887377,0.881629,0.893019,0.838343,0.900051,0.845786,0.888696,0.942151,0.897501,0.875211,0.901471,0.892393,0.905287,0.871302,0.695031	0.870012,0.829407,0.864408,0.891975,0.89419,0.88151,0.883664,0.862182,0.822884,0.879422,0.863612,0.91107,0.942846,0.887174,0.873588,0.893567,0.892393,0.896519,0.827835,0.653734	-0.0392563,0.00783998,0.0384374,-0.13228,-0.00135867,0.0269401,-0.00921129,0.134043,0.0498434,0.0989512,-0.0661273,-0.117548,-0.00621859,0.0506846,0.00689588,0.0406411,1.21125e-06,0.0465426,0.155962,0.0756851
