APHP	APLP	GH	146.281	133.707	192.205	89.1985	45.6976	13.7507	30.195	0.337003	1.44044
APHP	APLP	GL	154.529	146.277	173.916	290.664	45.9476	13.458	263.286	24.9338	1.44044
APHP	APLP	MADHP	182.861	150.192	145.098	388.103	46.5053	35.6515	393.841	85.9247	1.44044
APHP	APLP	MADLP	177.233	153.368	144.652	367.854	45.6976	28.3759	376.942	78.2585	0.940441
APHP	APLP	OH	181.69	148.34	145.778	109.135	46.5053	35.7969	111.378	83.2403	0.940441
APHP	APLP	OL	186.285	144.972	146.886	168.351	46.5053	43.2172	167.698	86.2458	1.44044
APHP	APLP	TACHP	170.691	150.161	152.66	170.181	45.9476	22.285	168.078	64.1145	1.44044
APHP	APLP	TACLP	173.928	149.412	149.519	409.328	46.5053	28.8597	409.619	69.676	1.44044
APHP	GH	GL	139.139	143.461	195.145	290.664	89.1985	13.458	239.111	32.3643	13.7507
APHP	GH	MADHP	174.715	154.62	145.275	388.103	89.1985	35.6515	398.027	118.242	13.7507
APHP	GH	MADLP	169.659	158.368	144.763	367.854	89.1985	28.8759	381.477	112.98	13.7507
APHP	GH	OH	174.036	153.259	146.111	109.135	89.1985	36.2635	115.465	116.459	13.7507
APHP	GH	OL	177.886	149.147	147.771	168.351	89.1985	43.2172	170.676	118.041	13.7507
APHP	GH	TACHP	164.345	156.389	150.988	169.884	89.1985	22.285	176.858	101.909	13.7507
APHP	GH	TACLP	167.511	155.569	147.496	409.328	89.1985	30.8597	418.141	107.817	15.7507
APHP	GL	MADHP	179.227	154.81	147.498	388.103	290.664	35.6515	396.392	322.155	13.458
APHP	GL	MADLP	176.709	161.095	145.691	367.854	290.664	28.3759	383.068	321.011	12.958
APHP	GL	OH	176.073	150.974	151.562	109.135	290.664	36.2969	108.503	314.915	13.458
APHP	GL	OL	182.283	149.223	148.715	168.351	290.664	43.2172	170.299	324.113	13.458
APHP	GL	TACHP	163.907	151.629	160.002	170.098	290.664	22.285	161.406	294.012	13.458
APHP	GL	TACLP	162.766	146.503	168.562	409.328	290.664	28.3597	386.695	283.951	12.958
APHP	MADHP	MADLP	86.8315	95.6355	333.678	367.854	388.103	28.8759	129.387	141.656	35.6515
APHP	MADHP	OH	120.755	120.073	268.386	109.135	388.103	36.2969	-41.5456	240.386	35.6515
APHP	MADHP	OL	137.472	128.828	233.748	168.351	388.103	43.2172	64.4933	291.462	35.6515
APHP	MADHP	TACHP	160.505	172.644	153.039	170.098	388.103	22.285	189.731	396.304	35.6515
APHP	MADHP	TACLP	164.788	172.942	145.056	409.328	388.103	28.8597	437.545	408.165	35.6515
APHP	MADLP	OH	126.313	116.828	264.517	109.135	367.854	36.2969	-39.188	229.957	28.8759
APHP	MADLP	OL	136.64	119.193	249.102	168.351	367.854	43.2172	38.7335	256.254	28.8759
APHP	MADLP	TACHP	165.829	169.165	147.63	169.967	367.646	22.285	190.246	386.501	28.8759
APHP	MADLP	TACLP	165.601	164.95	149.462	409.328	367.854	28.8597	424.374	386.174	28.8759
APHP	OH	OL	147.753	139.792	207.616	168.351	109.135	43.2172	100.924	47.5401	36.2969
APHP	OH	TACHP	159.369	172.19	151.686	170.098	109.135	22.285	191.33	116.576	36.2969
APHP	OH	TACLP	161.798	170.632	148.654	409.328	109.135	28.8597	431.682	123.988	36.2635
APHP	OL	TACHP	158.301	179.083	143.904	170.021	168.351	22.285	204.847	182.353	43.2172
APHP	OL	TACLP	161.372	178.168	143.748	409.328	168.351	28.8597	443.506	184.527	43.2172
APHP	TACHP	TACLP	112.234	108.248	275.469	409.328	169.4	28.8597	242.809	8.94626	22.285
APLP	GH	GL	168.829	142.293	166.338	263.286	30.2307	24.9338	239.111	32.3643	0.587003
APLP	GH	MADHP	217.872	134.186	129.934	393.841	30.2307	85.2335	398.027	118.242	0.587003
APLP	GH	MADLP	214.485	135.98	131.092	376.656	30.2307	78.5085	381.102	112.98	-0.177703
APLP	GH	OH	216.4	134.564	129.977	111.378	30.2307	82.4903	115.465	116.459	-0.177703
APLP	GH	OL	219.199	133.877	130.588	167.698	30.2307	85.4958	170.676	118.041	-0.177703
APLP	GH	TACHP	205.653	141.699	133.799	168.491	30.2307	64.1145	177.382	101.909	0.587003
APLP	GH	TACLP	210.986	140.653	132.474	409.619	30.2307	68.676	418.141	107.817	0.337003
APLP	GL	MADHP	199.478	142.328	140.109	393.841	263.286	85.1747	396.392	322.155	24.59
APLP	GL	MADLP	198.731	146.762	140.074	376.942	263.286	78.2585	383.068	321.011	24.6838
APLP	GL	OH	196.406	141.106	144.256	111.378	263.286	82.307	108.503	314.915	24.6838
APLP	GL	OL	200.951	142.164	139.743	167.698	263.286	85.4958	170.299	324.113	24.59
APLP	GL	TACHP	182.58	145.162	151.036	167.949	263.286	64.1145	161.406	294.012	24.59
APLP	GL	TACLP	182.448	138.651	160.604	409.619	263.286	68.676	386.695	283.951	24.6838
APLP	MADHP	MADLP	87.6715	92.8528	339.611	376.942	393.841	78.5085	129.387	141.656	85.1747
APLP	MADHP	OH	118.383	120.233	271.107	111.378	393.841	82.557	-41.5456	240.386	85.2335
APLP	MADHP	OL	133.218	131.582	234.588	167.698	393.841	86.2458	64.4933	291.462	85.9247
APLP	MADHP	TACHP	155.634	175.366	153.263	168.91	393.841	64.1145	190.731	396.304	85.2335
APLP	MADHP	TACLP	161.935	175.288	147.297	409.619	393.841	68.926	437.545	408.165	85.2335
APLP	MADLP	OH	122.05	118.719	268.97	111.378	376.942	83.2403	-39.188	229.957	79.2585
APLP	MADLP	OL	130.215	123.398	251.394	167.698	376.942	85.68	38.7335	256.254	78.5085
APLP	MADLP	TACHP	158.501	173.051	149.017	168.078	376.942	64.8645	191.246	386.951	79.2585
APLP	MADLP	TACLP	159.481	167.653	152.059	409.619	376.942	68.926	424.374	386.174	78.5085
APLP	OH	OL	144.819	141.332	207.243	167.698	111.378	85.4958	100.924	47.5401	82.4903
APLP	OH	TACHP	155.902	173.784	150.78	168.032	111.378	64.1145	191.347	116.576	82.557
APLP	OH	TACLP	159.835	171.338	149.254	409.619	111.378	68.926	431.682	123.988	82.557
APLP	OL	TACHP	158.378	179.746	142.068	168.032	167.698	64.1145	204.93	182.353	85.68
APLP	OL	TACLP	162.68	177.669	143.142	409.619	167.698	68.676	443.506	184.527	85.43
APLP	TACHP	TACLP	115.164	108.785	275.9	409.619	168.956	68.676	242.809	9.86292	63.8645
GH	GL	MADHP	219.436	133.989	136.022	398.027	239.111	118.242	396.392	322.155	32.3643
GH	GL	MADLP	219.056	138.154	136.354	381.477	239.111	112.98	383.068	321.011	32.3643
GH	GL	OH	216.685	132.753	140.49	115.465	239.111	116.459	108.503	314.915	32.3643
GH	GL	OL	221.01	134.889	135.757	170.676	239.111	118.041	170.299	324.113	32.3643
GH	GL	TACHP	204.073	134.711	148.484	177.035	239.111	101.909	161.489	294.012	32.3643
GH	GL	TACLP	204.609	128.588	158.719	418.141	239.111	107.817	386.695	283.951	32.3643
GH	MADHP	MADLP	87.6512	92.1956	343.842	381.477	398.027	112.98	129.387	141.656	118.242
GH	MADHP	OH	117.735	119.25	274.71	115.465	398.027	116.459	-41.5456	240.386	118.242
GH	MADHP	OL	131.48	130.806	237.102	170.676	398.027	118.041	64.4933	291.462	118.242
GH	MADHP	TACHP	155.578	171.661	157.457	177.57	398.027	101.909	189.731	396.304	118.242
GH	MADHP	TACLP	161.705	171.131	151.318	418.141	398.027	107.817	437.545	408.165	118.242
GH	MADLP	OH	121.123	118.094	272.932	115.465	381.102	116.459	-39.188	229.749	112.98
GH	MADLP	OL	128.094	122.876	254.161	170.676	381.477	119.041	38.7335	256.254	113.98
GH	MADLP	TACHP	157.84	169.38	153.246	176.653	381.477	101.909	190.246	386.951	112.98
GH	MADLP	TACLP	159.168	164.049	156.634	418.141	381.477	107.817	424.374	386.174	112.98
GH	OH	OL	142.702	140.513	209.713	170.676	115.465	118.041	100.924	47.5401	116.459
GH	OH	TACHP	155.893	170.462	155.358	177.363	115.465	101.909	191.565	116.576	116.459
GH	OH	TACLP	160.061	167.973	154.067	418.141	115.465	107.817	431.682	123.988	116.459
GH	OL	TACHP	158.839	175.597	145.819	177.57	170.676	101.909	205.18	182.353	118.041
GH	OL	TACLP	163.849	173.949	147.601	418.141	170.676	107.817	443.506	184.527	118.041
GH	TACHP	TACLP	113.331	106.674	281.967	418.141	177.385	107.817	242.809	9.86292	101.909
GL	MADHP	MADLP	92.3183	93.0305	346.476	383.068	396.392	321.011	129.387	141.656	322.155
GL	MADHP	OH	118.627	125.846	273.57	108.503	396.392	314.915	-41.5456	240.386	322.155
GL	MADHP	OL	134.756	132.917	238.345	170.299	396.392	324.113	64.4933	291.462	322.155
GL	MADHP	TACHP	154.96	182.784	154.806	159.278	396.392	294.012	186.815	396.304	322.155
GL	MADHP	TACLP	155.835	193.36	143.415	386.695	396.392	283.951	437.545	408.165	322.155
GL	MADLP	OH	119.259	125.766	272.867	108.503	383.068	314.915	-39.188	229.957	321.011
GL	MADLP	OL	129.447	126.896	257.313	170.299	383.068	324.113	38.7335	256.254	321.011
GL	MADLP	TACHP	155.598	182.71	152.802	161.812	383.068	294.012	191.163	386.951	321.011
GL	MADLP	TACLP	150.325	187.138	149.591	386.695	383.068	283.951	424.374	386.174	321.011
GL	OH	OL	148.858	139.8	208.132	170.299	108.503	324.113	100.924	47.5401	314.915
GL	OH	TACHP	159.041	179.647	150.769	160.896	108.503	294.012	190.632	116.576	314.915
GL	OH	TACLP	157.572	187.878	143.84	386.695	108.503	283.951	431.682	123.988	314.915
GL	OL	TACHP	157.516	187.179	143.627	161.489	170.299	294.012	204.93	182.353	324.113
GL	OL	TACLP	156.094	195.457	138.978	386.695	170.299	283.951	443.506	184.527	324.113
GL	TACHP	TACLP	112.127	121.828	266.99	386.695	161.489	283.951	242.809	8.94626	294.012
MADHP	MADLP	OH	221.675	122.46	121.837	-41.5456	129.387	240.386	-39.188	229.749	141.656
MADHP	MADLP	OL	252.466	101.897	126.886	64.4933	129.387	291.462	38.7335	256.254	141.656
MADHP	MADLP	TACHP	347.984	93.6727	91.7426	189.815	129.387	396.304	191.246	386.951	141.656
MADHP	MADLP	TACLP	351.616	85.0373	97.4351	437.545	129.387	408.165	424.374	386.174	141.656
MADHP	OH	OL	212.974	161.62	124.524	64.4933	-41.5456	291.462	100.924	47.5401	240.386
MADHP	OH	TACHP	277.601	122.505	121.605	189.815	-41.5456	396.304	191.347	116.576	240.386
MADHP	OH	TACLP	283.614	116.25	122.158	437.545	-41.5456	408.165	431.682	123.988	240.386
MADHP	OL	TACHP	245.15	141.408	125.834	189.731	64.4933	396.304	205.18	182.353	291.462
MADHP	OL	TACLP	250.872	134.863	128.328	437.545	64.4933	408.165	443.506	184.527	291.462
MADHP	TACHP	TACLP	114.947	102.68	297.787	437.545	189.638	408.165	242.809	9.94626	396.304
MADLP	OH	OL	204.193	178.452	116.367	38.7335	-39.188	256.254	100.924	47.5401	229.957
MADLP	OH	TACHP	277.512	121.109	122.139	190.246	-39.188	386.951	190.44	116.576	229.957
MADLP	OH	TACLP	278.81	124.468	117.978	424.374	-39.188	386.174	431.682	123.988	229.957
MADLP	OL	TACHP	264.377	133.715	120.071	191.246	38.7335	386.951	204.93	182.353	256.254
MADLP	OL	TACLP	264.841	136.24	117.308	424.374	38.7335	386.174	443.506	184.527	256.254
MADLP	TACHP	TACLP	108.148	110.209	292.918	424.374	192.246	386.174	242.809	9.94626	386.951
OH	OL	TACHP	217.724	150.178	135.504	191.33	100.924	116.576	204.847	182.353	47.5401
OH	OL	TACLP	220.876	147.87	135.428	431.682	100.924	123.988	443.506	184.527	47.5401
OH	TACHP	TACLP	110.654	105.195	294.394	431.682	191.299	123.988	242.809	9.61292	116.576
OL	TACHP	TACLP	107.505	104.278	305.919	443.506	204.93	184.527	242.809	8.94626	182.353
