0.0354012,-0.17456,0.218844,0.127179,0.249491,0.235229,0.0971996,0.0851241,0.243443,0.10852,0.143729,0.188671,0.196264,0.156404,0.171794,0.109519,0.18774,0.145486,0.0355988,0.195331	-0.483263,-0.382677,-0.162812,-0.427005,-0.262688,-0.0324587,0.00554129,-0.037495,-0.037539,-0.0926332,-0.234583,-0.143195,-0.20965,-0.226857,-0.329223,-0.361826,-0.361765,-0.333315,-0.464858,-0.148399	0.50994,0.223015,0.368525,0.525639,0.480677,0.265659,0.0917077,0.122229,0.278437,0.199151,0.365973,0.323136,0.389873,0.370128,0.474198,0.453379,0.514557,0.456656,0.49231,0.334047
0.0198114,-0.297835,0.220375,0.117808,0.284812,0.291987,0.0776871,0.129669,0.262791,0.0345207,0.195021,0.159538,0.171187,0.15085,0.154758,0.0891861,0.184745,0.158496,0.0407748,0.152052	-0.629453,-0.473155,-0.240382,-0.537202,-0.227015,0.00725472,0.0229269,-0.0297835,-0.0250728,-0.114541,-0.214738,-0.177315,-0.178323,-0.211327,-0.311091,-0.331637,-0.315013,-0.325901,-0.458954,-0.179877	0.641268,0.204078,0.437577,0.616025,0.480743,0.285336,0.0548579,0.158839,0.285979,0.148474,0.393289,0.327586,0.339156,0.350988,0.444452,0.408734,0.472274,0.460605,0.490549,0.323092
-0.194028,-0.0955806,0.21411,-0.0142069,-0.0151086,-0.00616693,-0.0167157,-0.0219625,0.00256954,-0.0440579,-0.060993,-0.0561142,-0.0227138,-0.0697683,-0.0564272,-0.0227062,-0.0357813,-0.015786,-0.000557478,-0.00360475	-0.477461,-0.552441,-0.327369,-0.664383,-0.635951,-0.478906,-0.387056,-0.369966,-0.46129,-0.42303,-0.611953,-0.638674,-0.641252,-0.531412,-0.646891,-0.602345,-0.671613,-0.585328,-0.622038,-0.401856	0.312371,0.482329,0.506011,0.656371,0.626866,0.47414,0.372752,0.350855,0.46331,0.386169,0.572322,0.604214,0.627681,0.479419,0.612833,0.587676,0.651487,0.574854,0.621696,0.398829
-0.195444,-0.11003,0.252821,-0.0122496,-0.0468067,-0.00965003,-0.0244902,-0.00794954,-0.00845346,-0.0340095,-0.0623963,-0.0480526,-0.0140939,-0.0627521,-0.0478207,-0.0301642,-0.0291403,-0.0161195,-0.0246531,-0.00103275	-0.505254,-0.555384,-0.289913,-0.675076,-0.633185,-0.489963,-0.384617,-0.362473,-0.457779,-0.400161,-0.617919,-0.636277,-0.627044,-0.529452,-0.64201,-0.615746,-0.66363,-0.591583,-0.637937,-0.400683	0.343755,0.47434,0.505671,0.668354,0.604288,0.482595,0.363551,0.355548,0.451071,0.371203,0.5778,0.606777,0.618415,0.482739,0.61301,0.596664,0.647002,0.581004,0.623084,0.399816
-0.184059,-0.0748337,0.17923,0.0146964,-0.0434905,0.00238013,-0.019308,-0.0474599,0.00404717,-0.00960337,-0.056562,-0.0514025,-0.0225675,-0.0772316,-0.0386908,-0.0135382,-0.0332834,-0.0236115,-0.00712563,0.000949751	-0.49327,-0.5381,-0.341199,-0.638495,-0.635949,-0.483539,-0.380488,-0.394259,-0.4536,-0.400987,-0.619235,-0.63178,-0.641818,-0.556843,-0.626384,-0.606806,-0.654021,-0.598246,-0.625681,-0.381299	0.340088,0.482704,0.490437,0.647119,0.609311,0.485361,0.363853,0.353412,0.456808,0.392896,0.583096,0.599858,0.628352,0.501164,0.60229,0.598182,0.634551,0.582868,0.621326,0.38211
-0.156389,-0.087062,0.151495,-0.00112346,-0.0271892,0.00497203,-0.0206202,-0.0372043,0.00496111,-0.0180485,-0.0666205,-0.0502919,-0.0157751,-0.0713425,-0.0598604,-0.0395243,-0.053343,-0.0201924,-0.0271814,0.00393777	-0.592866,-0.529887,-0.347389,-0.6541,-0.633524,-0.483447,-0.400149,-0.385546,-0.459334,-0.392801,-0.622172,-0.637772,-0.632012,-0.552316,-0.649014,-0.620256,-0.675904,-0.605537,-0.642552,-0.407039	0.481081,0.464242,0.473941,0.653457,0.616962,0.487248,0.382687,0.353411,0.463239,0.377429,0.579574,0.606948,0.622443,0.500703,0.612968,0.595326,0.645847,0.59259,0.62631,0.410319
-0.0227907,-0.00909729,-0.019051,0.0449807,-0.0102971,0.0938371,0.0152871,0.0363963,0.16568,0.0242009,0.151906,0.065193,0.094076,0.00406151,0.09603,0.0867626,0.0756651,0.0407695,0.142559,0.104895	-0.548411,-0.40124,-0.377287,-0.503872,-0.437504,-0.198392,-0.181016,-0.182276,-0.182902,-0.158931,-0.236893,-0.367371,-0.338546,-0.318483,-0.3818,-0.321431,-0.47252,-0.393981,-0.406907,-0.207483	0.532273,0.393579,0.36083,0.536689,0.42914,0.286888,0.195761,0.217231,0.338329,0.18243,0.375294,0.422446,0.419268,0.322128,0.46093,0.397119,0.529262,0.427878,0.51934,0.305724
0.113685,-0.00857791,-0.054429,0.0673496,-0.00975536,0.103242,0.00931254,0.0492263,0.17455,0.0475069,0.154507,0.0828448,0.101028,0.0179856,0.114465,0.0928297,0.0792333,0.0329354,0.146637,0.0983774	-0.593495,-0.399093,-0.40614,-0.487937,-0.431816,-0.24682,-0.179309,-0.192997,-0.187136,-0.125935,-0.215678,-0.351086,-0.346446,-0.311733,-0.387701,-0.343552,-0.48263,-0.389754,-0.409115,-0.221966	0.662481,0.391856,0.359662,0.537619,0.423846,0.341363,0.188307,0.239944,0.350246,0.172411,0.358247,0.421666,0.432342,0.32788,0.480827,0.422895,0.541169,0.417333,0.524299,0.313498
0.363407,0.576363,0.377207,0.512689,0.618983,0.654281,0.481397,0.36493,0.628898,0.597189,0.67447,0.719097,0.599343,0.763285,0.529648,0.646826,0.723219,0.771237,0.783529,0.62268	0.00516164,0.592407,0.280518,0.258262,0.632646,0.645145,0.528743,0.323569,0.629123,0.657105,0.6361,0.693771,0.681509,0.802984,0.581473,0.7361,0.812258,0.770605,0.787605,0.638603	0.358918,-0.0243624,0.108131,0.293256,-0.0224567,0.0158104,-0.0635126,0.0468986,-0.000372898,-0.0986133,0.0672014,0.0505399,-0.138901,-0.102557,-0.0748884,-0.170412,-0.215822,0.00155876,-0.0106451,-0.0264338
-0.347243,0.0754759,0.0934777,-0.0465033,-0.0462863,-0.0072705,0.00229642,0.0102608,0.0119701,-0.028373,0.050272,-0.0430926,0.0879481,-0.0298199,-0.0819986,-0.0364706,-0.0542711,-0.104894,0.0231592,0.0221703	-0.095131,-0.270791,-0.10943,-0.348995,-0.376682,-0.312449,-0.309151,-0.260612,-0.287465,-0.27163,-0.340357,-0.472671,-0.36489,-0.243491,-0.384566,-0.288531,-0.361177,-0.347167,-0.218646,-0.125339	-0.260725,0.339332,0.200853,0.307482,0.336258,0.305873,0.311227,0.270151,0.298408,0.245147,0.384057,0.438511,0.438758,0.215234,0.312419,0.254742,0.313042,0.251429,0.240587,0.147101
-0.325853,0.0859729,0.118454,-0.0283836,-0.0562556,-0.00192288,0.0170061,0.0146447,-0.0333627,-0.0408735,0.0507442,-0.0434593,0.0924471,-0.0244843,-0.0587138,-0.0123843,-0.0377558,-0.113322,0.0461128,0.0312915	-0.109858,-0.257031,-0.0698024,-0.360422,-0.358884,-0.318202,-0.290189,-0.25774,-0.307316,-0.262326,-0.348533,-0.473869,-0.346027,-0.241411,-0.358832,-0.286699,-0.341541,-0.360196,-0.214451,-0.115575	-0.224015,0.335588,0.186713,0.335471,0.308864,0.316473,0.305687,0.27136,0.276791,0.223853,0.392339,0.43946,0.424882,0.218216,0.306577,0.275292,0.307753,0.25738,0.258013,0.146337
-0.31324,0.0695645,0.127386,-0.0171543,-0.0415041,-0.0104747,0.0172402,0.00183424,-0.012645,-0.0449664,0.029985,-0.0293398,0.0476924,-0.0881171,-0.0394053,-0.0180295,-0.00353118,-0.047373,0.0689405,0.00593653	-0.0835709,-0.266878,-0.0678816,-0.297566,-0.352432,-0.324669,-0.286998,-0.273352,-0.299433,-0.285123,-0.357139,-0.460966,-0.387054,-0.31615,-0.32304,-0.283478,-0.288498,-0.314063,-0.187397,-0.123663	-0.235843,0.33031,0.193594,0.28185,0.315543,0.315266,0.30274,0.275048,0.287878,0.243276,0.383023,0.437544,0.426867,0.234567,0.287292,0.266812,0.285258,0.270718,0.253068,0.129504
-0.218956,0.10947,0.133925,-0.0272479,-0.0196129,-0.0025769,-0.012797,0.00866233,-0.0180293,-0.0299763,0.0616086,-0.030508,0.0707583,-0.0505643,-0.0735513,-0.0203389,-0.0215639,-0.111495,0.0460247,0.0199592	-0.189113,-0.216072,-0.0470327,-0.328021,-0.342891,-0.321001,-0.331587,-0.267683,-0.309769,-0.258229,-0.336061,-0.469591,-0.362364,-0.288274,-0.372813,-0.293909,-0.332781,-0.377694,-0.226624,-0.144825	-0.031132,0.31802,0.179825,0.303486,0.325466,0.318688,0.320149,0.275706,0.293378,0.230034,0.389603,0.445465,0.422295,0.241226,0.3077,0.275216,0.313467,0.277902,0.269834,0.16431
-0.0249946,0.0487077,-0.0697507,-0.0201109,-0.0258455,0.166867,0.184117,-0.00311656,0.176596,0.14047,0.0821038,0.286044,0.132793,0.114134,0.0815598,-0.0144142,0.232927,0.125335,0.078006,0.0557532	-0.0735914,-0.144256,-0.123175,-0.0818944,-0.0285566,0.103767,0.0528969,-0.109019,0.0779409,0.149135,0.0847855,0.0783189,0.0540097,0.142979,0.0694386,0.075538,0.177454,0.140166,0.109823,0.0536926	0.0486863,0.191617,0.0538868,0.0618855,0.00271313,0.0642123,0.132511,0.105939,0.100032,-0.00885015,-0.0027005,0.212485,0.0793523,-0.0293237,0.0121903,-0.0898544,0.0578647,-0.0150968,-0.0320923,0.00206678
0.192582,0.0262668,-0.0404632,-0.023159,-0.0483289,0.181857,0.192695,0.0303675,0.152175,0.0831154,0.0601041,0.270583,0.140263,0.134973,0.0936329,0.0133706,0.243989,0.13132,0.0483219,0.0652706	-0.125851,-0.161014,-0.0998152,-0.0739226,-0.0410421,0.0388571,0.0688279,-0.101014,0.0420752,0.109742,0.0933528,0.0731297,0.0427662,0.157338,0.0578936,0.0697806,0.157016,0.161331,0.0774137,0.0547939	0.310898,0.186492,0.0595926,0.0508507,-0.00730123,0.144017,0.125532,0.130979,0.110809,-0.0268722,-0.0334363,0.201439,0.0980852,-0.0228507,0.0359341,-0.0564627,0.0904374,-0.0306603,-0.029201,0.0105143
-0.658645,0.115865,-0.0808497,-0.219383,-0.0345358,-0.0199828,-0.0287904,0.0256915,-0.0141495,0.0301052,0.0427603,-0.0225354,0.114212,-0.0592406,-0.105714,-0.0300725,-0.0545422,-0.10363,0.017924,0.0456272	-0.32382,-0.260192,-0.185901,-0.327488,-0.373419,-0.320488,-0.362529,-0.217483,-0.31131,-0.261327,-0.322221,-0.454036,-0.39169,-0.291504,-0.427615,-0.336633,-0.407144,-0.34719,-0.228312,-0.120748	-0.425598,0.365051,0.106655,0.116473,0.343311,0.302442,0.337259,0.241823,0.298476,0.289158,0.360021,0.435961,0.484239,0.236345,0.337141,0.309696,0.360609,0.252651,0.245232,0.165464
-0.639541,0.135241,-0.114494,-0.185645,-0.0458114,0.00139135,-0.0175081,0.0189743,-0.0493798,0.024945,0.0512046,-0.0248259,0.116904,-0.0500327,-0.0977089,0.00596667,-0.0361217,-0.111839,0.039292,0.0572729	-0.319967,-0.239104,-0.19953,-0.322079,-0.356701,-0.313873,-0.344626,-0.223717,-0.323509,-0.243836,-0.326429,-0.454986,-0.374138,-0.286585,-0.415864,-0.326027,-0.386808,-0.360093,-0.224315,-0.108447	-0.401794,0.362619,0.0870241,0.145111,0.316055,0.315126,0.329103,0.241665,0.27858,0.267156,0.371425,0.435075,0.470464,0.239993,0.33163,0.331349,0.355656,0.258671,0.261304,0.164697
-0.626722,0.0981734,-0.0852914,-0.193673,-0.0138429,-0.0173397,0.0161159,0.00293278,0.00226423,0.00271131,0.00861285,-0.00312746,0.0433192,-0.0968045,-0.048005,0.00517234,0.00812467,-0.0512374,0.0678827,0.0114555	-0.288764,-0.264194,-0.179067,-0.275829,-0.336971,-0.327847,-0.317068,-0.243117,-0.290944,-0.280866,-0.348582,-0.433057,-0.429188,-0.344366,-0.358406,-0.319211,-0.327875,-0.3172,-0.191652,-0.131926	-0.412634,0.353207,0.0952304,0.0867929,0.324643,0.312283,0.33149,0.245875,0.293015,0.283361,0.356126,0.430513,0.463883,0.256099,0.315835,0.323849,0.335107,0.270356,0.256202,0.143165
-0.454031,0.177498,-0.0716063,-0.176672,0.0122582,-0.0058494,-0.0172219,0.0136567,-0.00278938,0.0386596,0.0667787,-0.00470665,0.068044,-0.0804664,-0.0714858,0.00479701,-0.0189007,-0.1163,0.0363996,0.0398363	-0.18207,-0.18413,-0.153339,-0.282701,-0.324742,-0.321334,-0.36261,-0.233875,-0.301334,-0.238657,-0.30985,-0.444115,-0.404262,-0.333823,-0.400104,-0.327929,-0.376927,-0.381346,-0.237631,-0.14245	-0.296468,0.350183,0.08264,0.111604,0.335664,0.316079,0.347559,0.246743,0.298795,0.274781,0.368994,0.440328,0.459662,0.26035,0.338294,0.332203,0.360595,0.277347,0.27168,0.181258
0.0520079,-0.0930699,-0.127216,-0.200523,-0.0438773,0.204284,0.187349,-0.0820447,0.231649,0.245262,0.118907,0.331302,0.255798,0.13345,0.201572,0.0848299,0.317868,0.164631,0.0923162,0.0848929	0.36924,-0.274874,-0.107836,-0.0723857,-0.0564812,0.146706,0.0189626,-0.150944,0.128699,0.20318,0.154433,0.138851,0.10424,0.132801,0.145435,0.108143,0.182554,0.180359,0.121384,0.0709346	-0.323443,0.186577,-0.0196492,-0.130024,0.0126351,0.0593574,0.168987,0.0697636,0.106113,0.0442881,-0.0361913,0.201731,0.15571,0.00066085,0.0578332,-0.023529,0.14365,-0.0162089,-0.0293972,0.0140429
0.552811,-0.122039,-0.116336,-0.152262,-0.0732634,0.18506,0.212372,-0.049824,0.232611,0.178481,0.090067,0.313711,0.268432,0.159346,0.220757,0.109891,0.340507,0.194314,0.0561879,0.114547	0.57316,-0.297222,-0.100264,-0.00630917,-0.0758629,0.047043,0.049309,-0.141969,0.115769,0.156562,0.156631,0.131749,0.0955268,0.151925,0.139843,0.0966871,0.172902,0.226438,0.0825498,0.0913553	-0.0297866,0.181777,-0.0162609,-0.146094,0.00261394,0.139229,0.164789,0.0928009,0.120075,0.0225491,-0.0675163,0.189806,0.177456,0.00760593,0.0834918,0.0133457,0.17809,-0.0336027,-0.0264847,0.0234372
0.693538,0.501708,0.649094,0.633484,0.608866,0.609355,0.717641,0.63208,0.638834,0.652868,0.745186,0.773947,0.706187,0.842757,0.721498,0.684086,0.723946,0.696483,0.633522,0.616378	0.624222,0.514509,0.676228,0.590387,0.645534,0.600727,0.735851,0.627719,0.659637,0.683215,0.728509,0.772182,0.727779,0.839052,0.730721,0.657139,0.738163,0.686583,0.607711,0.620939	0.122233,-0.0172556,-0.0483623,0.0688457,-0.0604135,0.0136096,-0.0385882,0.00722998,-0.0359541,-0.0547821,0.0364812,0.00438765,-0.044424,0.0126511,-0.0195078,0.0489539,-0.0305349,0.0189723,0.0419682,-0.00738925
0.610076,0.347854,0.489279,0.338624,0.359241,0.4348,0.343193,0.274761,0.349963,0.318987,0.372513,0.299249,0.376241,0.347815,0.278094,0.352114,0.339625,0.32412,0.32251,0.24432	0.555037,0.367521,0.506278,0.391529,0.390493,0.423912,0.360461,0.262217,0.358856,0.321046,0.380458,0.293716,0.395344,0.302435,0.326134,0.34145,0.388728,0.312177,0.305409,0.258589	0.0832177,-0.0225504,-0.0225967,-0.0609913,-0.0363522,0.0133485,-0.0197056,0.0135176,-0.0101705,-0.00229453,-0.00925672,0.00606624,-0.022441,0.0507147,-0.0528321,0.0121215,-0.0565714,0.0132878,0.0189702,-0.0152313
0.49058,0.342772,0.412077,0.528733,0.438241,0.453356,0.546888,0.393658,0.425498,0.407724,0.563195,0.506888,0.436177,0.492528,0.427525,0.50002,0.496,0.507478,0.461127,0.443129	0.138913,0.38577,0.446995,0.541457,0.460013,0.437622,0.530139,0.37995,0.423388,0.433947,0.56572,0.487061,0.462918,0.445664,0.431445,0.470748,0.498399,0.462447,0.416637,0.419745	0.377385,-0.0495504,-0.042801,-0.0178285,-0.0272695,0.0196275,0.0235876,0.0161188,0.00257354,-0.03186,-0.00370495,0.0263256,-0.0335065,0.060043,-0.00480743,0.0382838,-0.00318588,0.058839,0.05507,0.0287264
-0.0840829,-0.275979,-0.283948,-0.276547,-0.345285,-0.285798,-0.259696,-0.252984,-0.228777,-0.327231,-0.457768,-0.279641,-0.41662,-0.336068,-0.387454,-0.398362,-0.378067,-0.34306,-0.322923,-0.140523	-0.376606,-0.122528,-0.170237,-0.00496389,-0.00423905,-0.0294099,-0.048179,-0.0920252,-0.00327309,-0.0894402,-0.121515,0.0499713,-0.0557215,-0.126869,-0.108504,-0.0938555,-0.121226,-0.0946843,-0.076874,-0.00781645	0.302089,-0.158821,-0.119487,-0.271957,-0.341546,-0.258562,-0.214198,-0.164796,-0.225673,-0.24496,-0.356059,-0.32507,-0.369476,-0.218516,-0.291192,-0.316334,-0.269177,-0.256715,-0.252313,-0.132853
-0.345205,-0.260371,-0.240645,-0.216581,-0.362112,-0.285041,-0.275912,-0.248799,-0.217492,-0.335651,-0.488605,-0.287056,-0.420718,-0.329292,-0.387524,-0.386483,-0.371225,-0.334927,-0.325638,-0.126581	-0.667353,-0.105402,-0.121681,0.0835763,-0.0149444,-0.108146,-0.0607221,-0.10748,-0.0068125,-0.0810275,-0.144505,0.0473398,-0.076695,-0.126791,-0.125985,-0.103383,-0.137505,-0.0661167,-0.0825363,0.00241275	0.418576,-0.159342,-0.122553,-0.29482,-0.349056,-0.182522,-0.218857,-0.145202,-0.210993,-0.261742,-0.370241,-0.329912,-0.355494,-0.211323,-0.274963,-0.294882,-0.246292,-0.274897,-0.249816,-0.128954
0.591797,0.314744,0.528918,0.325382,0.37458,0.369704,0.357485,0.262818,0.353831,0.346213,0.38629,0.312775,0.343857,0.337526,0.301089,0.310359,0.349336,0.319152,0.296526,0.235728	0.606711,0.321722,0.51903,0.420091,0.369688,0.367304,0.356213,0.254448,0.342512,0.319807,0.41171,0.308939,0.341199,0.295762,0.339694,0.326321,0.384876,0.316564,0.303281,0.246003	-0.0232685,-0.00776418,0.013629,-0.109705,0.00567924,0.00277663,0.00145772,0.00897015,0.0128797,0.0296937,-0.030227,0.00424675,0.0030108,0.0463959,-0.0430028,-0.0177604,-0.0410598,0.00287932,-0.00742286,-0.0109076
0.475922,0.349892,0.458755,0.512977,0.457594,0.403565,0.5523,0.403939,0.48282,0.418822,0.563609,0.516162,0.440635,0.469858,0.426403,0.477144,0.499999,0.516126,0.391768,0.419004	0.181885,0.380504,0.467918,0.56826,0.442979,0.396074,0.516591,0.394535,0.460099,0.415881,0.583316,0.498192,0.445753,0.427025,0.421197,0.474929,0.488041,0.480139,0.372515,0.390787	0.321901,-0.0353133,-0.011668,-0.078028,0.0183297,0.00891596,0.0499646,0.0111863,0.0292086,0.00356117,-0.0293592,0.0241906,-0.00636856,0.0535846,0.0063448,0.00286289,0.0158182,0.0478423,0.0225426,0.033742
-0.0874653,-0.273464,-0.334382,-0.333067,-0.318267,-0.303116,-0.245249,-0.20985,-0.214258,-0.326565,-0.456041,-0.290725,-0.41332,-0.332797,-0.386406,-0.414012,-0.362288,-0.375975,-0.33056,-0.149425	-0.34714,-0.128698,-0.244955,-0.044422,-8.67269e-05,-0.0395163,-0.043094,-0.0370634,-0.00323607,-0.112063,-0.104303,0.0351633,-0.0718395,-0.119402,-0.118854,-0.0969499,-0.113031,-0.129312,-0.0686234,-0.0195091	0.267806,-0.150047,-0.0974058,-0.29298,-0.318189,-0.266796,-0.204314,-0.174141,-0.211168,-0.22265,-0.369305,-0.322591,-0.35193,-0.222225,-0.280431,-0.330321,-0.2599,-0.259268,-0.268016,-0.130296
-0.345362,-0.259272,-0.273866,-0.286416,-0.32846,-0.30491,-0.2687,-0.192946,-0.206126,-0.33142,-0.503419,-0.296527,-0.422935,-0.324996,-0.389933,-0.39462,-0.357117,-0.360507,-0.341109,-0.139347	-0.649867,-0.11282,-0.178647,0.0320287,-0.00211915,-0.12231,-0.0646945,-0.0382447,-0.0108879,-0.100094,-0.152906,0.0351387,-0.099488,-0.118674,-0.140055,-0.0967092,-0.13145,-0.0927364,-0.0854077,-0.013916	0.392625,-0.150864,-0.100118,-0.31555,-0.326569,-0.189674,-0.207615,-0.155852,-0.195678,-0.239263,-0.379744,-0.328245,-0.337655,-0.214599,-0.264312,-0.309732,-0.236782,-0.277033,-0.263374,-0.125675
0.448709,0.30794,0.429099,0.371973,0.355646,0.405171,0.339917,0.271918,0.326757,0.30319,0.356465,0.397446,0.423039,0.316947,0.334732,0.332781,0.37788,0.307501,0.305165,0.239907	0.143949,0.331388,0.447432,0.3323,0.346167,0.400129,0.306095,0.271034,0.315917,0.326656,0.350972,0.383701,0.431027,0.317335,0.291146,0.314785,0.331133,0.275274,0.279961,0.204202	0.325804,-0.026113,-0.022689,0.0452683,0.01081,0.00601811,0.0377501,0.000953824,0.0120877,-0.0260452,0.00627835,0.0162183,-0.00976924,-0.00043207,0.0482919,0.0201008,0.0534335,0.035207,0.0275583,0.0375444
-0.0592099,-0.271381,-0.290227,-0.286716,-0.317259,-0.289404,-0.246941,-0.226792,-0.274306,-0.340645,-0.423833,-0.299094,-0.395196,-0.358081,-0.341826,-0.370949,-0.303864,-0.327067,-0.298351,-0.115454	-0.334124,-0.132421,-0.188375,-0.0609976,0.00355433,-0.0193882,-0.0502603,-0.0506141,-0.0697433,-0.11029,-0.063206,0.0182464,-0.0350595,-0.122007,-0.0812036,-0.0463123,-0.0680284,-0.055794,-0.038438,0.00574282	0.280462,-0.14414,-0.107742,-0.229736,-0.320452,-0.271539,-0.199153,-0.178224,-0.208553,-0.239348,-0.370553,-0.315618,-0.365196,-0.246858,-0.268063,-0.330311,-0.240814,-0.276316,-0.262928,-0.121116
-0.307307,-0.262675,-0.224418,-0.254632,-0.332566,-0.288968,-0.275366,-0.231531,-0.259727,-0.346106,-0.458648,-0.306978,-0.391311,-0.34913,-0.32992,-0.353156,-0.293338,-0.325299,-0.315756,-0.114617	-0.633609,-0.122971,-0.115414,-0.00725349,-0.00605672,-0.100927,-0.0776617,-0.0771137,-0.0693674,-0.0998322,-0.0874332,0.0167044,-0.0452956,-0.119844,-0.0835647,-0.0519534,-0.0802848,-0.0388582,-0.0635084,0.000429303	0.4052,-0.144366,-0.111903,-0.247836,-0.327168,-0.19369,-0.202024,-0.157224,-0.193853,-0.255087,-0.386722,-0.322031,-0.352259,-0.239299,-0.253339,-0.306833,-0.218191,-0.290108,-0.257409,-0.115041
-0.157564,-0.241506,-0.278527,-0.295473,-0.344358,-0.307152,-0.281346,-0.234901,-0.272978,-0.311096,-0.435197,-0.286922,-0.384501,-0.389608,-0.387147,-0.39742,-0.364026,-0.37848,-0.339442,-0.162385	-0.233175,-0.117645,-0.188578,-0.0418637,-0.0195242,-0.0377987,-0.0635836,-0.0605738,-0.0593532,-0.0908442,-0.0815945,0.0502794,-0.0342691,-0.162616,-0.110483,-0.070846,-0.10627,-0.10487,-0.0725461,-0.0130102	0.0784955,-0.127483,-0.0949348,-0.256785,-0.327032,-0.272517,-0.221729,-0.176843,-0.217143,-0.226657,-0.366621,-0.332406,-0.354909,-0.242346,-0.289026,-0.336035,-0.268128,-0.284918,-0.273634,-0.149692
-0.216939,-0.228134,-0.20745,-0.25205,-0.359238,-0.312996,-0.313727,-0.233916,-0.257791,-0.323042,-0.467267,-0.29448,-0.38336,-0.388436,-0.383279,-0.390007,-0.353274,-0.370386,-0.36172,-0.162829	-0.472519,-0.102894,-0.111037,0.0275114,-0.0276153,-0.126387,-0.0969238,-0.0798589,-0.0576944,-0.0876757,-0.105156,0.0494609,-0.046916,-0.170336,-0.122099,-0.0869784,-0.117634,-0.0782323,-0.106118,-0.0187868	0.284772,-0.128251,-0.098686,-0.277636,-0.334945,-0.194295,-0.223602,-0.156989,-0.203117,-0.242227,-0.380823,-0.339003,-0.342606,-0.233553,-0.274003,-0.313669,-0.245857,-0.300872,-0.265804,-0.144484
0.736175,0.774362,0.711055,0.680756,0.794439,0.89153,0.863842,0.705443,0.827376,0.731371,0.813417,0.807176,0.87948,0.845382,0.867377,0.816887,0.841209,0.821077,0.836453,0.719553	0.414506,0.774924,0.705899,0.696642,0.808659,0.798309,0.873058,0.677428,0.811279,0.754822,0.850825,0.817724,0.854718,0.837207,0.838432,0.769585,0.80236,0.840655,0.833178,0.709246	0.462932,-0.00140565,0.0103529,-0.030214,-0.0397688,0.323367,-0.0374923,0.0536581,0.0489623,-0.0523528,-0.121483,-0.0310284,0.0997304,0.0279756,0.106117,0.127383,0.119517,-0.0632014,0.0108082,0.0210507
0.360135,0.70154,0.259344,0.469343,0.511752,0.513849,0.442206,0.264478,0.501859,0.624312,0.593792,0.693024,0.548666,0.732602,0.478183,0.630389,0.681361,0.737869,0.772629,0.584146	-0.00862097,0.598522,0.149355,0.201171,0.570507,0.579748,0.465886,0.272878,0.523233,0.594696,0.613058,0.630801,0.612704,0.769307,0.518989,0.704936,0.780916,0.751242,0.781246,0.541034	0.367615,0.177583,0.114421,0.296133,-0.0829816,-0.0938595,-0.029824,-0.00905357,-0.0289853,0.0471042,-0.0302939,0.110552,-0.0964665,-0.0841071,-0.0542754,-0.13417,-0.212764,-0.0300043,-0.0217384,0.0630331
-0.256061,0.137933,-0.0841507,-0.0391048,-0.0411714,-0.00259261,0.01882,0.0318653,0.0111888,0.0103564,0.106441,0.000607587,0.116734,0.0260363,-0.0479385,-0.0228936,-0.0353385,-0.100345,0.0237043,0.0286874	-0.110587,-0.151765,-0.292598,-0.399185,-0.490368,-0.45317,-0.369755,-0.313652,-0.432254,-0.33144,-0.404943,-0.55345,-0.450557,-0.327891,-0.457558,-0.341762,-0.440359,-0.41368,-0.234725,-0.264296	-0.149713,0.283758,0.213709,0.36579,0.458453,0.451107,0.38589,0.342099,0.441308,0.340627,0.490253,0.553872,0.538945,0.350931,0.418806,0.321383,0.411423,0.326905,0.256999,0.290779
-0.232977,0.159286,-0.0895783,-0.0214109,-0.0280406,0.00700741,0.0421578,0.0229624,-0.0299446,-0.0116386,0.107684,-0.00698996,0.114295,0.0257645,-0.0296596,0.00754095,-0.021696,-0.108851,0.0610902,0.0368576	-0.123287,-0.136595,-0.256291,-0.408675,-0.46977,-0.458352,-0.351866,-0.313781,-0.449602,-0.324457,-0.411257,-0.553782,-0.433424,-0.326682,-0.434196,-0.337442,-0.424798,-0.425223,-0.228372,-0.257197	-0.112934,0.28958,0.17063,0.390682,0.447626,0.463869,0.388265,0.334335,0.425385,0.314004,0.496934,0.548917,0.521867,0.349505,0.409814,0.344108,0.406852,0.331726,0.28548,0.291293
-0.225896,0.116782,-0.00936657,-0.0275295,-0.0139717,-0.0146916,0.0373655,0.0475936,-0.0185536,-0.0383892,0.0796977,0.012168,0.0718199,-0.032571,-0.0150596,-0.00978009,0.0180212,-0.0336157,0.0738671,0.00587628	-0.100215,-0.146365,-0.239858,-0.354894,-0.465139,-0.469012,-0.350973,-0.322701,-0.445142,-0.352572,-0.42325,-0.538129,-0.474349,-0.394289,-0.404193,-0.337793,-0.372489,-0.382496,-0.203034,-0.260403	-0.128592,0.258724,0.231011,0.330595,0.454118,0.457473,0.383312,0.364693,0.430141,0.318493,0.486536,0.546717,0.528175,0.366424,0.391516,0.3291,0.387906,0.353425,0.27281,0.265872
-0.141846,0.160889,0.0245919,-0.0276655,-0.00152286,-0.00787829,0.00678739,0.0449742,-0.0256616,-0.0148197,0.122748,0.00975757,0.0919571,0.00426402,-0.0374097,0.00555566,0.011951,-0.104512,0.0627252,0.019089	-0.197895,-0.0957362,-0.214536,-0.381347,-0.457725,-0.466148,-0.39158,-0.318257,-0.454276,-0.326719,-0.401182,-0.546319,-0.450927,-0.368982,-0.446835,-0.343089,-0.411851,-0.441126,-0.24024,-0.280738	0.0576669,0.252732,0.237873,0.357453,0.45652,0.459959,0.397311,0.358105,0.433669,0.313417,0.49934,0.553128,0.521269,0.37266,0.416385,0.347982,0.421727,0.352882,0.298467,0.298228
-0.0132102,0.0500367,-0.0644645,-0.0512448,-0.0218068,0.104157,0.182326,-0.0390496,0.0452206,0.128061,-0.0345731,0.265262,0.0743139,0.119481,0.019421,-0.0737298,0.205351,0.105051,-0.00124165,-0.0319128	-0.092063,-0.0153611,-0.269968,-0.159313,-0.194691,-0.089959,-0.0337466,-0.186814,-0.127708,0.0557362,-0.0299126,-0.0477134,-0.0839746,0.0222547,-0.045791,-0.00164396,0.0641047,0.0398043,0.093644,-0.10154	0.0789488,0.0653475,0.209144,0.108957,0.173621,0.192314,0.214751,0.148851,0.171935,0.0728443,-0.0046653,0.309064,0.157307,0.0974852,0.0651541,-0.0720946,0.143131,0.0655204,-0.0948746,0.0698538
0.132988,0.029773,-0.00152419,-0.0690134,-0.0478655,0.110036,0.197094,-0.0157741,0.00863835,0.045407,-0.0585074,0.232933,0.0771469,0.130719,0.0192547,-0.0482327,0.214162,0.117166,-0.033596,-0.0151205	-0.146035,-0.0334744,-0.242174,-0.153324,-0.207123,-0.143569,-0.0178194,-0.17958,-0.165023,0.014162,-0.0231529,-0.0543678,-0.0951801,0.0374796,-0.0568727,-0.00581901,0.0465119,0.0598086,0.059124,-0.100697	0.273708,0.0631844,0.240738,0.0852126,0.160853,0.24966,0.214162,0.164271,0.173414,0.0312651,-0.0354025,0.283708,0.171071,0.0936981,0.0760442,-0.0424256,0.169337,0.0577626,-0.0925362,0.085707
-0.613168,0.165475,-0.262636,-0.216227,-0.0281474,-0.0179265,-0.012811,0.047763,-0.0192096,0.0690603,0.0999946,0.024374,0.145465,-0.00355285,-0.072852,-0.015092,-0.0343066,-0.0998372,0.0185046,0.054358	-0.318387,-0.0616553,-0.361119,-0.369942,-0.501685,-0.491343,-0.405159,-0.300006,-0.467253,-0.273529,-0.415351,-0.527736,-0.464681,-0.36985,-0.492964,-0.379765,-0.482287,-0.420739,-0.247395,-0.229966	-0.36629,0.224836,0.108802,0.167081,0.48032,0.477623,0.394395,0.342856,0.452101,0.336237,0.494796,0.545099,0.571514,0.366779,0.435762,0.366775,0.455517,0.334972,0.264688,0.280814
-0.592616,0.194173,-0.335555,-0.181632,-0.0162977,0.011347,0.00652673,0.0275623,-0.0490806,0.0546251,0.110299,0.0140473,0.140234,0.000208703,-0.0711955,0.027988,-0.0188819,-0.108448,0.0545469,0.0649659	-0.314722,-0.038864,-0.393625,-0.362451,-0.481089,-0.485372,-0.390594,-0.308202,-0.476882,-0.25765,-0.417158,-0.526397,-0.4483,-0.366171,-0.483527,-0.365832,-0.466303,-0.432763,-0.240758,-0.21925	-0.341606,0.231291,0.0669076,0.193561,0.468464,0.493998,0.39611,0.332936,0.438054,0.307942,0.504255,0.536478,0.553723,0.366352,0.427033,0.389828,0.451396,0.340285,0.291477,0.280224
-0.583492,0.135979,-0.239353,-0.205154,0.0177362,-0.0236886,0.0366295,0.0477736,-0.0014965,0.0112459,0.056226,0.0398119,0.0668328,-0.0403171,-0.0236036,0.0152374,0.0318388,-0.0380407,0.0730368,0.0117964	-0.28733,-0.0621066,-0.348626,-0.325965,-0.465414,-0.503854,-0.367972,-0.320978,-0.449861,-0.298036,-0.440915,-0.498048,-0.502194,-0.417303,-0.431138,-0.363897,-0.408987,-0.392204,-0.209896,-0.237706	-0.355817,0.196427,0.119222,0.129469,0.479194,0.485966,0.399221,0.363182,0.448667,0.308248,0.485115,0.527402,0.550549,0.383437,0.411724,0.377044,0.435159,0.359528,0.278661,0.248805
-0.411283,0.21081,-0.200309,-0.179121,0.0353288,-0.012258,0.00281633,0.0494715,-0.00836104,0.0548552,0.13037,0.0375955,0.0878643,-0.0264765,-0.0333407,0.0335569,0.016709,-0.110612,0.0533669,0.0402409	-0.188126,0.017636,-0.31587,-0.328391,-0.456035,-0.498551,-0.409699,-0.312724,-0.458914,-0.256761,-0.402746,-0.51001,-0.477603,-0.408845,-0.466325,-0.366668,-0.452612,-0.451205,-0.253986,-0.247237	-0.241871,0.193895,0.123366,0.158599,0.483573,0.489283,0.41204,0.356677,0.452288,0.307288,0.506521,0.537303,0.542693,0.386553,0.439823,0.395361,0.465798,0.358484,0.303243,0.284646
0.0620978,-0.0714576,-0.129586,-0.232381,-0.0433094,0.153484,0.18445,-0.125401,0.111653,0.223635,0.00812646,0.309643,0.207536,0.140528,0.150101,0.0265297,0.297005,0.148718,0.0126363,-0.00205921	0.363966,-0.0575299,-0.256669,-0.143714,-0.246861,-0.094407,-0.0498162,-0.266371,-0.0878344,0.171404,-0.00141205,0.0333778,-0.013482,0.0174596,0.0490065,0.0473455,0.0690867,0.0716935,0.102703,-0.0466858	-0.308849,-0.0139852,0.131456,-0.0917302,0.205752,0.24435,0.232133,0.145842,0.19755,0.0543125,0.0095384,0.279151,0.220401,0.123371,0.101843,-0.020842,0.232693,0.0778543,-0.0901833,0.0446309
0.515754,-0.096434,-0.0894033,-0.194253,-0.0778492,0.11803,0.216154,-0.102546,0.105626,0.135248,-0.0236995,0.277469,0.216353,0.15717,0.157118,0.0488732,0.31809,0.186664,-0.0269359,0.036408	0.588616,-0.0821798,-0.244381,-0.078905,-0.265511,-0.1815,-0.0191458,-0.257922,-0.099751,0.125012,-0.0021487,0.0257512,-0.022318,0.0376942,0.0443943,0.036794,0.0626545,0.11569,0.0610353,-0.0254932	-0.104624,-0.014368,0.158439,-0.117143,0.191623,0.293248,0.23433,0.159598,0.203235,0.0104117,-0.0215519,0.25353,0.237524,0.120188,0.113516,0.0121009,0.26063,0.0725411,-0.0878268,0.0618438
0.731995,0.539788,0.574486,0.636196,0.6264,0.616309,0.724366,0.630437,0.64066,0.65231,0.754337,0.777601,0.703854,0.847653,0.726765,0.691938,0.726639,0.700514,0.64201,0.617379	0.668609,0.541053,0.646126,0.594422,0.642897,0.605094,0.736132,0.638105,0.652448,0.690063,0.737215,0.780937,0.730015,0.849353,0.741157,0.660646,0.744224,0.690559,0.601927,0.624167	0.124144,-0.00178622,-0.113929,0.0671782,-0.0276202,0.0178841,-0.0252074,-0.0128302,-0.0202551,-0.0686582,0.0385738,-0.00849358,-0.0538104,-0.00607116,-0.0311946,0.0576407,-0.0382946,0.0192827,0.0653296,-0.011044
0.654094,0.374774,0.433834,0.329954,0.379742,0.43302,0.354503,0.30233,0.345318,0.317138,0.391481,0.319187,0.382234,0.38076,0.291444,0.354953,0.348416,0.33458,0.325379,0.245003	0.613655,0.410494,0.418462,0.400297,0.393612,0.42862,0.369624,0.269196,0.35532,0.347815,0.404155,0.315621,0.401629,0.3319,0.349997,0.350288,0.398059,0.318004,0.304582,0.262935	0.0675552,-0.0422142,0.0187818,-0.0810473,-0.0163069,0.00540286,-0.0174013,0.0360692,-0.0114012,-0.0344799,-0.0150565,0.00396544,-0.0229117,0.0559277,-0.0652041,0.00532696,-0.0576373,0.0185492,0.0230847,-0.0191659
0.536249,0.375811,0.361772,0.525542,0.450677,0.450286,0.5557,0.411414,0.420683,0.409797,0.580939,0.519851,0.439279,0.519654,0.446537,0.513912,0.510799,0.514692,0.473832,0.441806	0.226283,0.423058,0.341781,0.546053,0.465079,0.442857,0.535887,0.384964,0.420504,0.457853,0.581351,0.503354,0.469966,0.473097,0.448622,0.474465,0.503378,0.467142,0.413812,0.424417	0.352773,-0.0561791,0.022812,-0.0287657,-0.0182211,0.00927962,0.0282152,0.0314278,0.000216774,-0.059155,-0.000622444,0.0223432,-0.0386712,0.061734,-0.00260671,0.0521671,0.00998875,0.0626017,0.0746584,0.0214025
-0.0605385,-0.263181,-0.304398,-0.292525,-0.339858,-0.341193,-0.267887,-0.275706,-0.331563,-0.325425,-0.519054,-0.307131,-0.450395,-0.32064,-0.425926,-0.438156,-0.406659,-0.35951,-0.387613,-0.2107	-0.282132,-0.0525778,-0.317861,0.00384031,0.00601308,-0.0257672,-0.0339313,-0.0755897,-0.00583146,-0.0489947,-0.0815243,0.0902768,-0.0410635,-0.0716988,-0.0761511,-0.0818084,-0.103505,-0.0854626,-0.0822427,-0.00539885	0.225444,-0.213558,0.0149053,-0.296032,-0.345166,-0.318223,-0.236101,-0.204376,-0.326362,-0.280909,-0.456863,-0.386686,-0.417045,-0.254798,-0.3615,-0.369596,-0.316475,-0.282734,-0.315425,-0.205535
-0.393515,-0.250002,-0.226937,-0.244045,-0.357168,-0.345972,-0.278829,-0.282294,-0.323738,-0.349562,-0.549125,-0.322118,-0.457383,-0.322437,-0.432787,-0.426035,-0.402246,-0.348063,-0.390598,-0.19204	-0.632619,-0.0361576,-0.264355,0.0932616,-0.00453346,-0.10875,-0.0460995,-0.0931749,-0.00960541,-0.0406536,-0.106359,0.0880314,-0.0629874,-0.0731359,-0.0951615,-0.090872,-0.120959,-0.0559102,-0.0881441,0.00533174	0.318358,-0.215795,0.0398065,-0.3298,-0.353206,-0.246497,-0.23576,-0.194228,-0.315112,-0.313362,-0.470229,-0.398839,-0.406095,-0.255322,-0.352128,-0.348661,-0.295673,-0.297951,-0.313239,-0.19717
0.636416,0.340786,0.484792,0.316651,0.389385,0.368418,0.367594,0.293217,0.348033,0.34347,0.404429,0.333789,0.350669,0.372877,0.315244,0.313122,0.358656,0.329325,0.29649,0.236583	0.660445,0.374533,0.399296,0.427147,0.386874,0.375131,0.370612,0.252581,0.346587,0.338109,0.435277,0.326953,0.34364,0.322158,0.359126,0.339341,0.391442,0.322128,0.312785,0.248505	-0.0414508,-0.0386847,0.106019,-0.12778,0.00295533,-0.00779007,-0.00349506,0.0438867,0.00164471,0.00606581,-0.0374383,0.00767308,0.00799207,0.0576429,-0.0494843,-0.0293356,-0.0381407,0.00805046,-0.0179604,-0.0126665
0.521301,0.383458,0.420822,0.50984,0.463153,0.400843,0.559851,0.425529,0.477971,0.420783,0.580998,0.52991,0.444074,0.499699,0.447166,0.490518,0.515561,0.522427,0.400308,0.417687	0.266685,0.429936,0.331961,0.57137,0.461059,0.404355,0.527604,0.391542,0.466023,0.431734,0.599182,0.510194,0.448395,0.451545,0.434983,0.482488,0.49027,0.484036,0.3796,0.393448	0.29573,-0.0556534,0.10329,-0.0868228,0.00266224,-0.00419116,0.0457655,0.0407814,0.0153719,-0.013382,-0.0278947,0.0270211,-0.00539509,0.062185,0.015124,0.01052,0.0338471,0.0513856,0.0244189,0.0290051
-0.0643807,-0.259498,-0.369487,-0.348431,-0.308137,-0.356781,-0.252754,-0.235297,-0.318186,-0.325086,-0.514777,-0.317072,-0.449082,-0.31831,-0.426624,-0.452195,-0.392895,-0.3905,-0.390732,-0.221867	-0.251689,-0.0479439,-0.414103,-0.036949,0.0317117,-0.0333446,-0.0219339,-0.0312076,0.00392595,-0.0792268,-0.0605498,0.0687202,-0.063914,-0.0694727,-0.0939623,-0.0798599,-0.0994079,-0.11985,-0.0575866,-0.0198255	0.190394,-0.214219,0.0526756,-0.315544,-0.33656,-0.327331,-0.232107,-0.2056,-0.32171,-0.252358,-0.468841,-0.377566,-0.39655,-0.254464,-0.346554,-0.386285,-0.305415,-0.283939,-0.340814,-0.202934
-0.390232,-0.246864,-0.266317,-0.313223,-0.318211,-0.365307,-0.27084,-0.228515,-0.313271,-0.345034,-0.560147,-0.33095,-0.46162,-0.319119,-0.437516,-0.432437,-0.390465,-0.371185,-0.401405,-0.206786	-0.612333,-0.0324061,-0.337157,0.0404397,0.0300717,-0.121095,-0.0433036,-0.0328924,-0.00467417,-0.0680237,-0.113014,0.0692917,-0.0927932,-0.070284,-0.117161,-0.0788783,-0.119166,-0.0820957,-0.0755933,-0.0137809	0.291836,-0.216187,0.0778284,-0.349239,-0.344981,-0.255515,-0.230237,-0.197104,-0.30905,-0.283668,-0.477351,-0.39127,-0.385333,-0.254544,-0.337664,-0.366045,-0.284538,-0.298175,-0.336007,-0.193557
0.501239,0.348345,0.369377,0.374149,0.363191,0.402807,0.351813,0.290277,0.322408,0.311952,0.383878,0.413871,0.427017,0.347569,0.359787,0.349967,0.394654,0.316142,0.315739,0.238401	0.226338,0.360589,0.364289,0.325009,0.363619,0.399699,0.316983,0.29743,0.312324,0.328038,0.3714,0.401321,0.438729,0.351851,0.304034,0.316152,0.337893,0.285936,0.279735,0.204756	0.310079,-0.0140037,0.005879,0.0559422,-0.00049319,0.003705,0.0392024,-0.00782849,0.0112134,-0.0179191,0.0145528,0.0150489,-0.014412,-0.00487944,0.0626001,0.038021,0.0654949,0.0332073,0.0394919,0.0353716
-0.0388504,-0.258661,-0.308723,-0.306151,-0.308096,-0.35046,-0.255074,-0.246852,-0.376071,-0.343938,-0.491269,-0.321043,-0.434972,-0.345616,-0.386648,-0.414073,-0.334073,-0.344015,-0.360374,-0.189311	-0.244338,-0.0786896,-0.313861,-0.0701466,0.032646,-0.0227179,-0.0341784,-0.0112517,-0.0798056,-0.0989919,-0.0219197,0.0529806,-0.0205386,-0.0635337,-0.0597045,-0.0390482,-0.0499922,-0.0406298,-0.0365967,0.00537087	0.207457,-0.183711,0.00568995,-0.241184,-0.337349,-0.330372,-0.222838,-0.236256,-0.305432,-0.25358,-0.474458,-0.367769,-0.418169,-0.288416,-0.334669,-0.381188,-0.288906,-0.307686,-0.328104,-0.194484
-0.358523,-0.252227,-0.203455,-0.286219,-0.323057,-0.355312,-0.278567,-0.261339,-0.364863,-0.364742,-0.52515,-0.337217,-0.434673,-0.345236,-0.382745,-0.398073,-0.326126,-0.337802,-0.377967,-0.183468	-0.59919,-0.0701593,-0.232462,-0.0167067,0.0233483,-0.109273,-0.0613796,-0.039506,-0.0792144,-0.0901712,-0.0476999,0.0522069,-0.0315592,-0.0631494,-0.0625644,-0.0449994,-0.0629718,-0.022906,-0.0633968,-0.000315933	0.306513,-0.185347,0.0304473,-0.270807,-0.343812,-0.255977,-0.220966,-0.224147,-0.29415,-0.283908,-0.489718,-0.382687,-0.408721,-0.288373,-0.328036,-0.359513,-0.268672,-0.317352,-0.322293,-0.183163
-0.135798,-0.228023,-0.29219,-0.312593,-0.33629,-0.368451,-0.287731,-0.255992,-0.373555,-0.313804,-0.499428,-0.310058,-0.424237,-0.37603,-0.426279,-0.435856,-0.390669,-0.394547,-0.396321,-0.233944	-0.155227,-0.0542196,-0.294457,-0.0412459,-0.0009775,-0.044631,-0.0461562,-0.0301738,-0.0690423,-0.0727489,-0.0338149,0.0848294,-0.0245596,-0.10735,-0.0764727,-0.0455476,-0.0772012,-0.0931328,-0.0601181,-0.0169489	0.019847,-0.175979,0.00248039,-0.274891,-0.335423,-0.329234,-0.244826,-0.227577,-0.312574,-0.246687,-0.473611,-0.384767,-0.403886,-0.279981,-0.361593,-0.398214,-0.323216,-0.312912,-0.344409,-0.217858
-0.271683,-0.216269,-0.183478,-0.28074,-0.350809,-0.379154,-0.314744,-0.26535,-0.361732,-0.341165,-0.531212,-0.325494,-0.426263,-0.383558,-0.430136,-0.429712,-0.382187,-0.382092,-0.417748,-0.229211	-0.437567,-0.0399552,-0.209673,0.0285892,-0.0087259,-0.138382,-0.078968,-0.0511119,-0.0669867,-0.0705386,-0.0592692,0.0848921,-0.03792,-0.117381,-0.0894661,-0.0625131,-0.0895802,-0.0651579,-0.0958594,-0.0229183	0.188264,-0.17785,0.0272429,-0.306866,-0.343133,-0.254104,-0.241785,-0.217183,-0.302065,-0.277299,-0.487285,-0.399351,-0.394723,-0.278725,-0.354305,-0.377335,-0.30298,-0.325026,-0.335316,-0.207382
0.698746,0.767287,0.740825,0.658499,0.79854,0.881882,0.867417,0.69509,0.79569,0.703567,0.792381,0.785281,0.865266,0.834643,0.854128,0.803738,0.828729,0.820674,0.819626,0.698179	0.444729,0.768267,0.703219,0.693853,0.81326,0.792459,0.870183,0.678849,0.786976,0.755375,0.835554,0.812551,0.845762,0.840772,0.838862,0.758511,0.792058,0.832881,0.818385,0.678216	0.368542,-0.00238756,0.0785022,-0.065097,-0.0419876,0.296944,-0.01128,0.0307526,0.0233111,-0.110574,-0.127762,-0.0753484,0.0727251,-0.0205494,0.0538494,0.11586,0.106725,-0.0385715,0.00376953,0.037917
-0.522847,0.0731149,-0.243202,-0.270811,0.0251901,-0.0286235,-0.0482055,0.021031,-0.0540364,0.129907,-0.0139472,0.0553656,0.0448886,-0.0920117,-0.0381107,0.0210736,0.00833577,0.00676403,-0.0200245,0.0497321	-0.556151,-0.69203,-0.550586,-0.65909,-0.769133,-0.775245,-0.676062,-0.49164,-0.749955,-0.710354,-0.782378,-0.839595,-0.77271,-0.850585,-0.744392,-0.785993,-0.854538,-0.844074,-0.844547,-0.672565	0.0469586,0.728295,0.354907,0.47264,0.779226,0.763565,0.649008,0.507424,0.725312,0.769273,0.776908,0.855206,0.790191,0.822983,0.726903,0.793917,0.85677,0.846008,0.838706,0.698919
-0.516381,0.0923928,-0.315988,-0.248264,0.0222768,0.00741109,-0.0543716,0.00641416,-0.0311983,0.149906,0.00427811,0.0506878,0.0406658,-0.0796663,-0.064391,0.0466302,0.0110007,0.00807444,-0.0257575,0.0565216	-0.555702,-0.68531,-0.570802,-0.661214,-0.759387,-0.766684,-0.670122,-0.492124,-0.74616,-0.703354,-0.781681,-0.842969,-0.765277,-0.847767,-0.740446,-0.784084,-0.851622,-0.852543,-0.841136,-0.676039	0.055145,0.731392,0.310888,0.494051,0.768661,0.769722,0.639034,0.496969,0.732001,0.771876,0.78334,0.857037,0.781618,0.823735,0.709902,0.801413,0.854616,0.854733,0.833436,0.705599
-0.511982,0.0504511,-0.289918,-0.279096,0.0588454,-0.0151497,-0.00274351,0.00154911,0.0313117,0.10688,-0.048228,0.0696352,-0.0140226,-0.0211174,-0.0133541,0.0583662,0.037128,-0.0128952,-0.00542275,0.0120721	-0.543222,-0.698783,-0.554939,-0.651219,-0.748286,-0.774955,-0.650649,-0.509745,-0.729581,-0.721084,-0.797729,-0.83219,-0.791397,-0.853635,-0.715451,-0.778695,-0.837369,-0.846035,-0.831748,-0.679031	0.0432761,0.72372,0.315834,0.454781,0.77309,0.768831,0.649064,0.510891,0.743899,0.76872,0.77949,0.852427,0.786099,0.8478,0.708869,0.800671,0.848129,0.84233,0.830069,0.685484
-0.371792,0.126738,-0.273752,-0.235518,0.068578,-0.00734361,-0.00615906,0.00711331,0.0323377,0.152171,0.0161815,0.071099,-0.012692,-0.0958203,0.00885882,0.064145,0.0116249,-0.0160202,-0.034965,0.0426847	-0.46863,-0.652439,-0.528074,-0.637239,-0.745124,-0.772998,-0.669776,-0.503723,-0.733875,-0.699109,-0.777531,-0.839972,-0.781472,-0.863019,-0.723912,-0.781288,-0.850692,-0.858463,-0.845166,-0.681047	0.11727,0.719668,0.2973,0.472659,0.774144,0.770025,0.666366,0.509013,0.74845,0.769425,0.783851,0.859727,0.776482,0.836362,0.728102,0.805085,0.853873,0.85419,0.834872,0.703287
0.084278,-0.295573,-0.084795,-0.285199,-0.0379286,0.0843221,-0.000392593,-0.108118,0.110433,0.209341,0.0929766,0.152782,0.251258,0.0616549,0.219843,0.239855,0.241266,0.144679,0.047211,0.0660082	0.0112682,-0.763845,-0.452997,-0.548857,-0.649751,-0.567802,-0.478877,-0.476573,-0.522052,-0.451228,-0.589122,-0.626589,-0.512111,-0.71876,-0.40464,-0.585647,-0.659968,-0.697877,-0.740866,-0.586149	0.0730792,0.604824,0.382911,0.312588,0.627282,0.622329,0.478574,0.388471,0.598009,0.603556,0.646677,0.711279,0.676343,0.747299,0.573469,0.723826,0.777444,0.765286,0.761444,0.627865
0.494259,-0.30293,-0.111372,-0.209222,-0.0513283,0.00369946,0.0268316,-0.109747,0.15885,0.191918,0.0757299,0.148143,0.261868,0.0788339,0.233094,0.225254,0.28158,0.222783,0.0245085,0.114463	0.316495,-0.767393,-0.455201,-0.497443,-0.653749,-0.622574,-0.452294,-0.47745,-0.511764,-0.484428,-0.593347,-0.636526,-0.519226,-0.705237,-0.405606,-0.589134,-0.654361,-0.666527,-0.756041,-0.570042	0.210728,0.605137,0.362191,0.321702,0.623338,0.624834,0.473381,0.388036,0.620196,0.618815,0.640305,0.717053,0.687602,0.742775,0.58353,0.718976,0.79032,0.774329,0.76635,0.642577
0.775051,0.464537,0.606591,0.639567,0.63186,0.609358,0.708902,0.628404,0.665972,0.671882,0.732098,0.779019,0.688572,0.843759,0.725965,0.676541,0.730913,0.722646,0.61501,0.615696	0.755781,0.488176,0.668033,0.614338,0.657725,0.605821,0.74031,0.628297,0.643897,0.6887,0.715601,0.777042,0.716756,0.845283,0.753812,0.673135,0.759551,0.706524,0.613247,0.630213	0.0465192,-0.0305714,-0.103302,0.0415562,-0.044259,0.00560554,-0.0660939,0.00017661,0.0386491,-0.0313021,0.0346489,0.00500935,-0.055648,-0.00531351,-0.061507,0.0062528,-0.0643793,0.0329391,0.00282907,-0.0237201
0.7091,0.307741,0.421003,0.339485,0.384666,0.44102,0.329456,0.272747,0.363851,0.348916,0.358034,0.311674,0.364927,0.409466,0.296606,0.353846,0.331349,0.343471,0.26877,0.25028	0.718789,0.320973,0.482321,0.418612,0.419611,0.42733,0.360369,0.252827,0.350102,0.335493,0.347435,0.316311,0.349027,0.308983,0.381376,0.361134,0.423728,0.385585,0.297624,0.249271	-0.0197618,-0.0146822,-0.0769418,-0.0922337,-0.0416705,0.0168691,-0.0350781,0.0213953,0.0157557,0.0152023,0.0121052,-0.00514394,0.0182209,0.115037,-0.0955817,-0.00835588,-0.107467,-0.0485427,-0.0313635,0.00107593
0.547852,0.270257,0.324818,0.534577,0.443843,0.455267,0.548781,0.389425,0.440764,0.425816,0.538328,0.517446,0.416956,0.524852,0.460812,0.50054,0.496925,0.557061,0.429489,0.44366	0.414858,0.348215,0.413873,0.565183,0.48892,0.443831,0.518901,0.374331,0.410734,0.450625,0.550022,0.50746,0.429933,0.457612,0.470881,0.487365,0.527938,0.508248,0.408038,0.417137	0.172111,-0.0860569,-0.102885,-0.043856,-0.0575695,0.0143324,0.0417759,0.0176699,0.0366684,-0.0306998,-0.0166118,0.0135407,-0.0158105,0.0884952,-0.0128592,0.0174266,-0.0420418,0.0680911,0.0260093,0.0325459
-0.0339647,-0.321338,-0.244525,-0.259337,-0.322165,-0.405427,-0.38144,-0.252224,-0.365603,-0.419632,-0.520939,-0.460101,-0.510485,-0.419398,-0.432144,-0.377127,-0.536339,-0.425132,-0.38322,-0.198345	-0.0419613,-0.192199,-0.252426,0.0411706,0.0417994,-0.0252783,-0.0542923,-0.101101,-0.0166112,-0.065182,-0.18226,0.108663,-0.150607,-0.106243,-0.0333434,-0.053038,-0.0855524,0.00949517,-0.104618,-0.0306985	0.00800799,-0.13764,0.00842044,-0.297333,-0.359128,-0.384085,-0.334066,-0.155077,-0.351124,-0.364417,-0.37421,-0.541682,-0.38985,-0.327759,-0.404631,-0.330703,-0.472466,-0.43288,-0.290238,-0.168674
-0.428552,-0.285695,-0.22379,-0.202403,-0.322295,-0.419459,-0.402188,-0.274403,-0.333514,-0.379941,-0.537331,-0.457686,-0.5212,-0.431129,-0.441321,-0.381032,-0.537261,-0.422206,-0.366587,-0.19054	-0.482385,-0.170225,-0.210128,0.13507,0.0313482,-0.116662,-0.0681497,-0.119365,-0.0196645,-0.0518435,-0.203937,0.104578,-0.174158,-0.109506,-0.0535252,-0.0626321,-0.106814,0.0478378,-0.109615,-0.0197508	0.0678617,-0.121373,-0.0143363,-0.328493,-0.350106,-0.318377,-0.343452,-0.160289,-0.315922,-0.33469,-0.374424,-0.536581,-0.381688,-0.337559,-0.397178,-0.326184,-0.456653,-0.460738,-0.267731,-0.171435
0.705088,0.275506,0.468034,0.330113,0.395652,0.378136,0.346312,0.260451,0.357708,0.372257,0.373072,0.324906,0.332661,0.402211,0.320337,0.320753,0.344105,0.336372,0.247034,0.243384	0.734479,0.266481,0.469738,0.433307,0.404399,0.367798,0.345534,0.240685,0.365499,0.342979,0.379248,0.33148,0.289484,0.299723,0.375835,0.331435,0.409322,0.395289,0.277214,0.229329	-0.0609611,0.00974035,-0.00218469,-0.120418,-0.0104124,0.012009,0.000884496,0.0210875,-0.00896228,0.0335633,-0.00719324,-0.00736773,0.0477771,0.116537,-0.0630946,-0.0119524,-0.0759083,-0.067952,-0.032399,0.0148858
0.546219,0.277584,0.377532,0.524521,0.459584,0.406066,0.560342,0.399896,0.488906,0.433465,0.539797,0.526999,0.421019,0.505781,0.462549,0.489359,0.502546,0.561129,0.368566,0.421389	0.430852,0.333052,0.410105,0.580067,0.478611,0.397934,0.498032,0.384984,0.480653,0.441878,0.568487,0.519049,0.406159,0.437005,0.444592,0.479475,0.50501,0.528221,0.348884,0.380415	0.150874,-0.0611184,-0.03854,-0.0798377,-0.0243929,0.00969925,0.0864291,0.0176248,0.0107874,-0.0104062,-0.041392,0.0109432,0.0179244,0.0882909,0.0226049,0.0129136,-0.00330244,0.0467709,0.022586,0.048797
-0.0381407,-0.322202,-0.303033,-0.321038,-0.288941,-0.4115,-0.373789,-0.206482,-0.348268,-0.419011,-0.516115,-0.469665,-0.510937,-0.417387,-0.43612,-0.399409,-0.53178,-0.451314,-0.391238,-0.211777	-0.0333773,-0.208255,-0.342155,-0.0168128,0.0551621,-0.0404778,-0.0637112,-0.0495715,0.0329571,-0.0764604,-0.16369,0.0903455,-0.173316,-0.103646,-0.0686672,-0.0822556,-0.0973724,-0.0212361,-0.119428,-0.053222	-0.00476953,-0.122143,0.043648,-0.305876,-0.338705,-0.377307,-0.317643,-0.158533,-0.376899,-0.353889,-0.384947,-0.537215,-0.370424,-0.327927,-0.378797,-0.327927,-0.45813,-0.43424,-0.285133,-0.160362
-0.431698,-0.289482,-0.262956,-0.276129,-0.280528,-0.428833,-0.402102,-0.215164,-0.318669,-0.375901,-0.548696,-0.467592,-0.526878,-0.428817,-0.448436,-0.397976,-0.536369,-0.44149,-0.380785,-0.208143	-0.477954,-0.188676,-0.285083,0.0628927,0.0525014,-0.132856,-0.0877786,-0.0516652,0.0221418,-0.0586398,-0.21172,0.0903678,-0.204309,-0.106386,-0.0929821,-0.0830555,-0.122027,0.0253006,-0.134343,-0.0472045	0.0582813,-0.106631,0.0239193,-0.333234,-0.328196,-0.313858,-0.325824,-0.165337,-0.338423,-0.324412,-0.381268,-0.535339,-0.361481,-0.337844,-0.37092,-0.325686,-0.443361,-0.461634,-0.259728,-0.162535
0.532403,0.229866,0.350744,0.385318,0.364239,0.405054,0.348617,0.264649,0.338807,0.319458,0.316372,0.408647,0.387644,0.339714,0.381014,0.344617,0.388878,0.389697,0.28048,0.232632	0.390278,0.293719,0.380697,0.337006,0.374362,0.407164,0.288298,0.26994,0.323069,0.357045,0.338845,0.394371,0.416614,0.37615,0.307953,0.324362,0.326942,0.297509,0.231795,0.208815	0.179402,-0.0684759,-0.0345694,0.0555209,-0.0117214,-0.00252665,0.067058,-0.00569777,0.0176715,-0.0424261,-0.0251719,0.0170181,-0.0345505,-0.0417741,0.0827739,0.0228036,0.0709579,0.104278,0.0520706,0.0250336
-0.0179207,-0.315185,-0.257178,-0.272766,-0.291859,-0.405314,-0.377724,-0.222083,-0.403255,-0.434667,-0.487954,-0.473495,-0.486888,-0.424215,-0.397721,-0.356742,-0.483683,-0.418113,-0.369434,-0.171131	-0.032354,-0.195068,-0.30034,-0.0445815,0.0440336,-0.0103017,-0.0727487,-0.0514535,-0.0660556,-0.0722023,-0.101067,0.0530105,-0.0879657,-0.0372416,-0.0465006,-0.0266651,-0.0801636,-0.0100126,-0.114835,0.000175483	0.0144416,-0.127986,0.0467752,-0.230994,-0.331631,-0.396669,-0.313593,-0.172602,-0.346428,-0.374209,-0.406957,-0.513614,-0.416773,-0.393185,-0.357839,-0.333247,-0.419797,-0.409816,-0.265878,-0.171301
-0.410443,-0.287842,-0.210875,-0.241501,-0.290065,-0.41818,-0.409817,-0.253841,-0.368412,-0.39388,-0.508205,-0.477135,-0.488471,-0.433771,-0.396215,-0.357518,-0.481339,-0.423132,-0.364455,-0.178111	-0.46928,-0.181753,-0.235917,0.00998012,0.034427,-0.103286,-0.103276,-0.079951,-0.0641127,-0.0562648,-0.12594,0.0520625,-0.0993249,-0.0380159,-0.0498876,-0.0328939,-0.094973,0.0106758,-0.138023,-0.00568187	0.0728735,-0.111946,0.0263535,-0.250876,-0.321283,-0.329109,-0.320089,-0.177492,-0.31166,-0.345267,-0.408404,-0.516371,-0.408989,-0.402391,-0.353311,-0.328488,-0.404874,-0.431857,-0.238425,-0.172604
-0.106071,-0.291024,-0.244317,-0.280268,-0.318822,-0.422846,-0.399408,-0.232239,-0.400043,-0.411131,-0.502407,-0.463624,-0.479952,-0.468713,-0.435472,-0.384556,-0.528589,-0.453316,-0.40474,-0.221306	-0.0207694,-0.215286,-0.304613,-0.015455,0.000357596,-0.0391438,-0.0565489,-0.067796,-0.0484825,-0.0670732,-0.152716,0.0944607,-0.110127,-0.125239,-0.0430338,-0.0486355,-0.104959,0.00690257,-0.125094,-0.0345565	-0.0854895,-0.0807999,0.0651439,-0.265965,-0.319143,-0.39016,-0.350782,-0.167074,-0.358513,-0.353814,-0.378751,-0.534669,-0.390463,-0.364894,-0.399933,-0.342323,-0.448514,-0.458783,-0.29456,-0.188188
-0.35486,-0.258451,-0.19065,-0.238561,-0.316204,-0.441257,-0.434682,-0.258056,-0.365197,-0.37502,-0.519142,-0.464273,-0.483586,-0.488374,-0.443307,-0.392671,-0.525423,-0.449991,-0.406124,-0.228692	-0.35489,-0.196699,-0.234636,0.0559672,-0.00702059,-0.139335,-0.0932436,-0.0893652,-0.0457936,-0.0591857,-0.175382,0.093943,-0.123922,-0.140162,-0.0572518,-0.0649601,-0.118947,0.0415295,-0.157077,-0.0410125	3.51752e-05,-0.0650587,0.0460458,-0.290648,-0.309872,-0.321701,-0.355862,-0.172673,-0.324836,-0.323004,-0.378193,-0.534887,-0.382591,-0.373799,-0.396108,-0.336288,-0.433573,-0.482504,-0.266017,-0.189456
0.578649,0.793139,0.712405,0.698066,0.825113,0.869879,0.835791,0.684953,0.807749,0.725119,0.818715,0.750619,0.862167,0.803333,0.855529,0.786603,0.788457,0.793047,0.828627,0.728395	0.48002,0.766638,0.745997,0.709969,0.808433,0.781515,0.860399,0.693762,0.758287,0.661606,0.828364,0.741057,0.843821,0.826818,0.839649,0.78092,0.760556,0.8257,0.778404,0.729603	0.13656,0.0676143,-0.0716942,-0.0235989,0.0500974,0.275987,-0.0876089,-0.0167858,0.127647,0.12208,-0.0299837,0.0215481,0.0673298,-0.0699376,0.0563815,0.0147322,0.0696932,-0.0945974,0.141478,-0.00257884
0.845643,0.438244,0.710744,0.668512,0.629789,0.606433,0.718219,0.630442,0.67135,0.642362,0.725219,0.779324,0.687339,0.844197,0.740642,0.669193,0.731458,0.7214,0.619828,0.612513	0.839097,0.470654,0.696163,0.668285,0.65493,0.617749,0.745772,0.619539,0.659401,0.668104,0.715692,0.775636,0.714587,0.849112,0.755288,0.675105,0.760957,0.705522,0.616112,0.629611	0.0225397,-0.0408323,0.0288605,0.000410339,-0.0427902,-0.0180955,-0.059332,0.017891,0.0214397,-0.0450954,0.0198076,0.00932486,-0.0535483,-0.0173557,-0.033242,-0.0107837,-0.0665302,0.0323345,0.00601174,-0.0278312
0.804942,0.296028,0.540814,0.422851,0.368486,0.444693,0.33098,0.275554,0.352336,0.320566,0.366315,0.297867,0.371509,0.410078,0.297218,0.341958,0.323776,0.345302,0.269671,0.253533	0.823492,0.298356,0.551944,0.496096,0.418538,0.43645,0.38838,0.24176,0.376455,0.29694,0.343669,0.307379,0.33305,0.329615,0.392674,0.363199,0.424191,0.38201,0.302381,0.236259	-0.0550212,-0.00255334,-0.0158659,-0.0926894,-0.0591779,0.0102271,-0.0658673,0.0362051,-0.0278076,0.0261115,0.0259079,-0.0104702,0.0438893,0.0930389,-0.108069,-0.0242528,-0.116403,-0.0422855,-0.0356141,0.0183743
0.620881,0.228392,0.453845,0.571062,0.42482,0.457312,0.548209,0.388657,0.429561,0.38571,0.528436,0.510366,0.423844,0.537391,0.453702,0.488073,0.498702,0.560277,0.435284,0.44114	0.693417,0.333199,0.496914,0.624967,0.488896,0.45439,0.541539,0.363467,0.437856,0.420617,0.551545,0.504759,0.414278,0.4707,0.486047,0.490742,0.530962,0.505573,0.409484,0.410797	-0.127375,-0.113439,-0.0556095,-0.08382,-0.0808735,0.0036887,0.00948611,0.0293335,-0.0102156,-0.0416678,-0.0326157,0.00755197,0.0116027,0.089273,-0.0414961,-0.00351024,-0.0438791,0.0763237,0.0313969,0.0370596
-0.0850927,-0.217806,-0.167823,-0.0707169,-0.311872,-0.430766,-0.382235,-0.186938,-0.408289,-0.510697,-0.539024,-0.498885,-0.586891,-0.425628,-0.502852,-0.45244,-0.580511,-0.456447,-0.395916,-0.233481	0.516514,-0.207322,-0.0843319,0.210274,0.0298974,-0.0123031,-0.0250466,-0.107526,0.0121228,-0.141643,-0.178445,0.0915876,-0.189639,-0.0779014,-0.0133389,-0.0678476,-0.0944105,0.00756485,-0.101069,-0.0554531	-0.576279,-0.0109797,-0.0846893,-0.276874,-0.338612,-0.420692,-0.360641,-0.0810419,-0.418342,-0.397832,-0.398953,-0.564672,-0.447002,-0.359651,-0.492818,-0.396772,-0.514287,-0.462415,-0.307137,-0.180363
-0.646864,-0.176994,-0.129849,-0.0614002,-0.305427,-0.422723,-0.415531,-0.209278,-0.39973,-0.459752,-0.551759,-0.495366,-0.595978,-0.44109,-0.517145,-0.449944,-0.588584,-0.47608,-0.376917,-0.244221	0.0162816,-0.187149,-0.0351386,0.298941,0.0193273,-0.106154,-0.0396748,-0.124728,0.00732557,-0.120588,-0.200108,0.087358,-0.213755,-0.0814456,-0.0355323,-0.0771257,-0.118042,0.050489,-0.106716,-0.0448936	-0.656235,0.0105027,-0.0951446,-0.353847,-0.322849,-0.331442,-0.382156,-0.086816,-0.405867,-0.359071,-0.395296,-0.558553,-0.438024,-0.373046,-0.490628,-0.386221,-0.505676,-0.514209,-0.281525,-0.201538
0.804764,0.264894,0.558692,0.422647,0.380863,0.384119,0.346046,0.25748,0.347813,0.345761,0.383974,0.311041,0.340506,0.402615,0.318851,0.308057,0.336494,0.338251,0.247935,0.245973	0.830091,0.236809,0.584557,0.496801,0.405399,0.364525,0.374783,0.234473,0.383459,0.29831,0.370681,0.324135,0.276032,0.31706,0.398201,0.323315,0.409096,0.391387,0.283725,0.213324	-0.076291,0.0299651,-0.0384089,-0.0938616,-0.0290162,0.0227836,-0.0330185,0.0244853,-0.0411325,0.0529084,0.0154988,-0.0145623,0.0711622,0.0980748,-0.0908901,-0.0169447,-0.0841916,-0.0612446,-0.0384988,0.0344564
0.621498,0.236501,0.480199,0.570703,0.441578,0.410478,0.555688,0.392266,0.478283,0.39485,0.533069,0.518918,0.430259,0.518741,0.45318,0.476844,0.504391,0.56341,0.374392,0.416413	0.700937,0.310175,0.538232,0.625262,0.480454,0.396279,0.520617,0.377949,0.498454,0.404865,0.566078,0.517064,0.394135,0.4471,0.469953,0.473547,0.507071,0.524398,0.352189,0.369372	-0.140757,-0.0795056,-0.0782605,-0.0848292,-0.0493451,0.0169575,0.0493475,0.0168095,-0.0264853,-0.0119203,-0.0472738,0.00253419,0.0435004,0.0932744,-0.0213111,0.00425871,-0.00360135,0.0553717,0.0255748,0.0555919
-0.0873019,-0.218218,-0.211316,-0.127204,-0.280675,-0.435531,-0.368912,-0.138658,-0.393375,-0.509158,-0.536619,-0.507148,-0.584769,-0.423534,-0.505751,-0.474101,-0.579132,-0.479839,-0.401178,-0.247467	0.512382,-0.22949,-0.123402,0.149736,0.0451191,-0.0448463,-0.0298271,-0.0494291,0.0538001,-0.161392,-0.168402,0.0743851,-0.210352,-0.0788062,-0.0359817,-0.110183,-0.108813,-0.0248757,-0.113415,-0.0816066	-0.574007,0.0118656,-0.0902672,-0.271764,-0.32172,-0.398468,-0.342858,-0.0898447,-0.437908,-0.378902,-0.404797,-0.560393,-0.426932,-0.356632,-0.478477,-0.383976,-0.50195,-0.46046,-0.301481,-0.169279
-0.649179,-0.179415,-0.155233,-0.127455,-0.266189,-0.430244,-0.409089,-0.14864,-0.386807,-0.454981,-0.563909,-0.504579,-0.599762,-0.438481,-0.523203,-0.468488,-0.592705,-0.491518,-0.388274,-0.263613	0.0087215,-0.21204,-0.0560547,0.226103,0.0421879,-0.135987,-0.0545767,-0.0519936,0.0424677,-0.135099,-0.215846,0.0744869,-0.242818,-0.0817627,-0.063028,-0.110199,-0.137248,0.0247559,-0.129172,-0.0772641	-0.654197,0.0339154,-0.100049,-0.343655,-0.304952,-0.312544,-0.362609,-0.0973994,-0.422337,-0.340831,-0.3963,-0.55809,-0.417787,-0.369983,-0.475868,-0.377794,-0.495788,-0.510067,-0.272783,-0.190223
0.614961,0.186117,0.464802,0.448206,0.349006,0.407917,0.354731,0.259218,0.333859,0.272229,0.304914,0.398171,0.390665,0.36228,0.377311,0.330991,0.389483,0.391522,0.288481,0.22074	0.668926,0.287463,0.496808,0.428708,0.363233,0.413176,0.291795,0.268376,0.318222,0.329357,0.35106,0.383275,0.419991,0.378681,0.314507,0.312627,0.320216,0.298867,0.231852,0.209463	-0.0916773,-0.107075,-0.0416164,0.0241359,-0.0162933,-0.00632508,0.070203,-0.00984277,0.0174952,-0.062755,-0.0516773,0.0175781,-0.0350823,-0.0190085,0.0712602,0.0204835,0.0791367,0.104933,0.0606888,0.0118235
-0.0746013,-0.212269,-0.172266,-0.076604,-0.284569,-0.432323,-0.376444,-0.156463,-0.455461,-0.518094,-0.504366,-0.507779,-0.555717,-0.434897,-0.478369,-0.435389,-0.541527,-0.448587,-0.382844,-0.200345	0.505057,-0.203304,-0.0973915,0.141193,0.0170123,-0.00324769,-0.0708215,-0.0486057,-0.0888396,-0.135807,-0.0794741,0.0265477,-0.0897797,-0.0309815,-0.0428057,-0.055756,-0.1024,-0.00601033,-0.115793,-0.00535883	-0.558611,-0.00936959,-0.0761517,-0.215466,-0.300129,-0.429678,-0.313993,-0.108684,-0.382082,-0.411221,-0.442634,-0.52722,-0.490405,-0.409433,-0.444669,-0.389078,-0.464907,-0.443773,-0.279439,-0.195196
-0.637924,-0.17924,-0.110313,-0.0906021,-0.276539,-0.422855,-0.422969,-0.187071,-0.440428,-0.469455,-0.518705,-0.510883,-0.557787,-0.447151,-0.483983,-0.431185,-0.548538,-0.470957,-0.375444,-0.226008	0.0171515,-0.191206,-0.024228,0.197151,0.00756002,-0.098551,-0.103729,-0.0747468,-0.0879028,-0.113999,-0.103698,0.0249688,-0.102023,-0.0317764,-0.0470113,-0.0617624,-0.119925,0.0163945,-0.140125,-0.011825	-0.647985,0.0123903,-0.0863153,-0.282704,-0.283506,-0.338406,-0.333889,-0.113917,-0.366723,-0.375554,-0.438598,-0.529103,-0.483265,-0.421361,-0.447145,-0.37953,-0.458794,-0.483618,-0.248386,-0.214757
-0.142312,-0.187029,-0.161875,-0.0886415,-0.313762,-0.44966,-0.397881,-0.165548,-0.451565,-0.505864,-0.527304,-0.500189,-0.54855,-0.474116,-0.514255,-0.463956,-0.581508,-0.480818,-0.414938,-0.254982	0.365567,-0.250754,-0.110964,0.138441,-0.0309355,-0.0370628,-0.0525913,-0.0668228,-0.0702344,-0.155549,-0.164079,0.0701842,-0.114353,-0.0962007,-0.0528298,-0.0829545,-0.119422,0.0128344,-0.116833,-0.0563244	-0.482763,0.0668598,-0.0518423,-0.22433,-0.285598,-0.41959,-0.352669,-0.0998295,-0.393821,-0.380234,-0.397627,-0.551029,-0.463256,-0.395976,-0.474311,-0.396252,-0.49657,-0.490625,-0.313292,-0.201552
-0.631532,-0.147675,-0.0945876,-0.0922396,-0.304519,-0.446749,-0.446433,-0.190883,-0.436645,-0.459409,-0.540318,-0.499892,-0.551793,-0.495433,-0.528982,-0.46805,-0.587726,-0.494417,-0.414471,-0.281939	-0.0093972,-0.234102,-0.0335765,0.206528,-0.0377512,-0.138747,-0.0911516,-0.0867881,-0.0680745,-0.140283,-0.186935,0.0692943,-0.128746,-0.110859,-0.0694656,-0.100058,-0.13674,0.0509935,-0.150473,-0.0649297	-0.625849,0.0895215,-0.0612055,-0.293182,-0.26987,-0.328355,-0.370352,-0.105849,-0.379862,-0.341109,-0.393087,-0.55013,-0.455399,-0.406924,-0.477046,-0.386073,-0.490397,-0.531998,-0.281558,-0.221056
0.113247,0.824293,0.744696,0.700871,0.830932,0.900291,0.815535,0.713231,0.774142,0.690201,0.814222,0.73451,0.838054,0.796021,0.833148,0.76708,0.750439,0.757873,0.828461,0.706281	0.653878,0.792874,0.753881,0.778149,0.805625,0.760044,0.862793,0.721887,0.757526,0.608108,0.813277,0.720359,0.822055,0.828031,0.826336,0.753344,0.742163,0.831659,0.767809,0.73625	-0.583867,0.090693,-0.0209417,-0.169986,0.0765523,0.444185,-0.159458,-0.0178426,0.0401774,0.141471,0.00279557,0.0300522,0.0514293,-0.0939066,0.0218641,0.0325413,0.0186789,-0.199579,0.166673,-0.0624369
0.00432461,-0.0544923,0.0520149,-0.00788458,0.0208645,-0.136479,0.0252734,-0.0250725,5.26613e-05,0.0507248,0.0424622,0.044194,-0.0876759,-0.0427682,0.0628917,-0.0813422,0.0146293,-0.0185919,-0.0446872,-0.0239332	-0.186523,-0.262318,-0.272823,-0.347342,-0.383193,-0.38167,-0.540537,-0.490271,-0.433197,-0.454502,-0.54245,-0.637792,-0.563223,-0.76047,-0.540266,-0.521951,-0.526009,-0.539016,-0.452816,-0.477019	0.190694,0.210839,0.320293,0.34039,0.400852,0.258665,0.558185,0.470988,0.43324,0.493841,0.571743,0.66329,0.50025,0.741829,0.583337,0.460145,0.53651,0.525692,0.416558,0.458318
0.0116498,0.00887649,0.0710948,-0.00905008,0.0272791,-0.111936,-0.009671,0.0274097,0.124958,0.0136585,0.0171176,0.04128,0.00424742,-0.0924357,0.0160342,-0.0378462,-0.0146177,0.0142731,-0.140662,-0.0752547	-0.530468,-0.190586,-0.341397,-0.127588,-0.299525,-0.33845,-0.407592,-0.359645,-0.290844,-0.382194,-0.357559,-0.501651,-0.462627,-0.72003,-0.476514,-0.365727,-0.442184,-0.382609,-0.41347,-0.360149	0.538788,0.199126,0.402717,0.118675,0.324155,0.235433,0.399496,0.383276,0.40122,0.393797,0.372397,0.531916,0.465959,0.672343,0.488814,0.332483,0.430348,0.394727,0.289654,0.29283
-0.017408,0.00920266,-0.131545,-0.127924,0.0692626,-0.0292154,0.0513824,0.0868778,0.0378954,0.0118393,-0.00425973,-0.0383933,0.0155528,0.0142467,-0.00632217,-0.0556252,0.0453621,-0.083125,-0.0289576,-0.013246	-0.781914,-0.570705,-0.76753,-0.656755,-0.616359,-0.635782,-0.730123,-0.624101,-0.651129,-0.696373,-0.762566,-0.769243,-0.731422,-0.853197,-0.753533,-0.712342,-0.747593,-0.737953,-0.648923,-0.615403	0.775056,0.576877,0.707409,0.577336,0.65755,0.618047,0.753247,0.674412,0.672432,0.702421,0.760778,0.753091,0.738573,0.857026,0.750788,0.683813,0.766946,0.697621,0.631839,0.607106
-0.0401651,0.00771973,-0.0831892,-0.148516,0.0831248,-0.0333408,0.0326559,0.112802,0.0303484,0.019427,-0.0508752,-0.0321394,0.0035519,0.0160251,-0.0142192,-0.0398659,0.0412523,-0.069581,-0.0474269,-0.0217526	-0.854091,-0.565192,-0.737419,-0.639693,-0.616519,-0.65429,-0.737248,-0.619535,-0.656713,-0.694742,-0.779963,-0.766626,-0.740813,-0.85464,-0.758666,-0.706681,-0.752591,-0.731675,-0.65914,-0.620363	0.84284,0.570423,0.696987,0.54274,0.665536,0.634797,0.751804,0.684501,0.673636,0.704658,0.759214,0.753041,0.742412,0.858902,0.752565,0.686146,0.76994,0.69761,0.631452,0.606799
-0.0635845,-0.0566613,0.0212628,-0.250643,-0.128928,-0.0769267,-0.302181,-0.152711,-0.136343,-0.139906,-0.321261,-0.140379,-0.0385842,-0.21739,-0.129761,-0.233571,-0.181967,-0.286243,-0.204211,-0.256616	-0.478184,-0.0311549,-0.0855233,-0.00901695,-0.0222016,-0.0466091,-0.0584546,-0.00100778,-0.0487841,0.00456207,-0.0493546,0.148747,0.0763267,-0.0342924,0.0249435,-0.0462745,-0.0151501,-0.0746557,-0.0511937,-0.0537307	0.427601,-0.0255515,0.106592,-0.242174,-0.107033,-0.0304267,-0.248109,-0.151727,-0.0881448,-0.144376,-0.276288,-0.283212,-0.114573,-0.184473,-0.154205,-0.189343,-0.167278,-0.216208,-0.154634,-0.205722
0.0500337,0.0106159,-0.00703586,-0.00225149,0.0447429,-0.000908072,0.0161369,0.0299525,-0.0653673,-0.0211561,0.0716289,-0.0374188,0.0445669,-0.0449951,0.082023,0.0364679,0.109732,0.0302765,0.0183691,0.0295748	-0.719053,-0.438189,-0.598741,-0.381998,-0.357069,-0.44998,-0.369335,-0.292731,-0.405423,-0.386932,-0.392936,-0.294038,-0.394255,-0.408439,-0.31958,-0.369061,-0.363309,-0.348025,-0.332293,-0.234054	0.742378,0.446726,0.594209,0.380073,0.395494,0.449256,0.383188,0.319878,0.349313,0.368794,0.451847,0.259474,0.431244,0.370249,0.391345,0.400143,0.454905,0.374357,0.348534,0.261816
0.0603068,0.00108057,0.035221,-0.0404694,0.0453582,-0.00104573,-0.000784503,0.0189649,-0.0634829,-0.0191275,0.0709406,-0.0361661,0.0559333,-0.0428253,0.099426,0.0398836,0.115921,0.015633,-0.00174431,0.0130241	-0.810943,-0.432439,-0.561491,-0.358175,-0.36103,-0.482718,-0.388632,-0.311077,-0.405569,-0.382539,-0.402758,-0.293295,-0.397471,-0.4072,-0.321088,-0.370656,-0.370469,-0.342589,-0.351174,-0.243442	0.830628,0.433317,0.58514,0.322379,0.39984,0.481916,0.387966,0.328106,0.351127,0.36609,0.46054,0.259885,0.443544,0.370841,0.407504,0.404559,0.466363,0.356314,0.349644,0.255655
-0.139534,0.0553358,0.0122746,-0.0338425,0.0103768,-0.0298095,-0.0443964,0.0205669,-0.0728634,0.0301313,0.0567684,-0.02477,0.0579058,-0.104539,0.00274,-0.0121261,0.0206201,-0.0708145,-0.052634,-0.0350425	-0.556782,-0.417772,-0.528958,-0.561298,-0.454881,-0.483863,-0.568335,-0.412701,-0.475554,-0.459962,-0.578509,-0.485446,-0.455758,-0.564888,-0.480229,-0.53322,-0.53525,-0.554935,-0.491442,-0.447512	0.452394,0.462418,0.537741,0.537669,0.463072,0.460699,0.537501,0.429622,0.417145,0.483394,0.615078,0.466283,0.500456,0.48924,0.482334,0.524485,0.549802,0.503924,0.45046,0.419041
0.102083,0.053052,0.0590437,-0.0605116,0.0136407,-0.0401457,-0.0726921,0.0167003,-0.068834,0.0240594,0.0552806,-0.0226833,0.0673272,-0.115781,0.0101721,-0.0201744,0.0271408,-0.0752336,-0.0881944,-0.0565009	-0.636168,-0.410005,-0.483588,-0.541543,-0.457814,-0.518349,-0.58736,-0.425687,-0.475873,-0.463273,-0.583383,-0.48256,-0.459634,-0.570129,-0.485619,-0.538376,-0.53952,-0.54832,-0.515954,-0.458896	0.693231,0.453199,0.527569,0.497328,0.468529,0.488366,0.537622,0.439264,0.420823,0.48196,0.618711,0.464966,0.511143,0.486459,0.493354,0.523891,0.558483,0.493442,0.448153,0.413106
0.872453,0.844204,0.75309,0.729853,0.886352,0.926512,0.903371,0.774668,0.861551,0.823957,0.913909,0.8854,0.933648,0.894438,0.919918,0.874307,0.91325,0.871702,0.890189,0.770199	0.398041,0.860101,0.805929,0.819718,0.877166,0.852064,0.892365,0.758634,0.858096,0.833698,0.899004,0.882954,0.916288,0.892374,0.904867,0.865891,0.897063,0.902624,0.884616,0.782438	0.726813,-0.0580394,-0.134429,-0.223696,0.0412805,0.353583,0.05677,0.0388872,0.0132528,-0.0311148,0.0835529,0.0112053,0.120131,0.0102272,0.0898051,0.0346443,0.0895504,-0.145052,0.0262254,-0.0308009
-0.0744912,-0.0613683,-0.03354,-0.243576,-0.148131,0.00899775,-0.30172,-0.166473,-0.213549,-0.149806,-0.335925,-0.160099,-0.0390175,-0.18727,-0.136983,-0.201557,-0.176897,-0.296984,-0.11566,-0.214619	-0.484635,0.0153356,-0.129583,-0.00203841,-0.0378431,0.0576134,-0.0755848,0.0165363,-0.051822,-0.029087,-0.0787555,0.128575,0.130082,-0.0178625,-0.0125796,0.0114415,-0.0243349,-0.0642737,-0.0174,-0.0359712	0.425505,-0.0766317,0.096462,-0.241657,-0.110909,-0.0486409,-0.231412,-0.182507,-0.163537,-0.121248,-0.264158,-0.282851,-0.168245,-0.169977,-0.124619,-0.212508,-0.153222,-0.237238,-0.0984585,-0.180038
0.0657738,0.00273346,0.0953993,0.0910205,-0.00185188,0.0202395,-0.0111856,-0.0230129,-0.0889262,-0.0284262,0.0752464,-0.020884,0.0344549,-0.0492122,0.0846405,0.0684804,0.0875005,0.0775737,0.0359359,0.0376113	-0.718517,-0.406264,-0.601364,-0.361831,-0.375863,-0.383544,-0.384834,-0.292961,-0.411157,-0.407912,-0.407226,-0.304413,-0.362946,-0.400983,-0.336144,-0.329088,-0.373799,-0.336607,-0.310672,-0.223485	0.748898,0.408544,0.658959,0.438413,0.374271,0.400673,0.375264,0.271781,0.33446,0.383937,0.468128,0.285343,0.392492,0.358852,0.409144,0.388807,0.446689,0.403641,0.342781,0.25892
0.0973663,-0.00506792,0.107118,0.0665263,-0.00999439,0.023336,-0.0184884,-0.0504301,-0.0817733,-0.0306376,0.101037,-0.0223426,0.0521556,-0.047498,0.10581,0.0629819,0.0960266,0.0542005,0.0275805,0.0260189	-0.808293,-0.400457,-0.578074,-0.3359,-0.382601,-0.419749,-0.402298,-0.316231,-0.408873,-0.404044,-0.41365,-0.304187,-0.365252,-0.399635,-0.336539,-0.333831,-0.381151,-0.331839,-0.327699,-0.231071	0.839583,0.396193,0.645237,0.39363,0.374037,0.438787,0.386686,0.270109,0.338415,0.378087,0.494039,0.283773,0.409605,0.358951,0.427139,0.388641,0.460329,0.379219,0.352097,0.255553
-0.13154,0.0474895,0.105386,0.0811885,-0.0414053,-0.00703559,-0.0785999,-0.0395859,-0.104172,0.0219425,0.0598039,-0.00397654,0.0481777,-0.107937,0.00620844,0.027998,-0.00716048,-0.0154637,-0.0293028,-0.0248757	-0.557512,-0.421211,-0.54205,-0.530613,-0.477985,-0.429859,-0.578228,-0.438126,-0.531884,-0.460675,-0.581636,-0.488898,-0.458237,-0.550207,-0.474465,-0.504831,-0.536835,-0.556033,-0.430317,-0.418491	0.459683,0.459509,0.61245,0.586534,0.445394,0.424106,0.523416,0.405574,0.452801,0.477788,0.619878,0.485866,0.495476,0.470194,0.479262,0.525403,0.531719,0.545257,0.406136,0.397756
0.124502,0.046357,0.126402,0.0726922,-0.0482221,-0.0136634,-0.0954736,-0.0626358,-0.093528,0.011038,0.0893101,-0.00533782,0.0650217,-0.119496,0.0178304,0.00914282,0.00179512,-0.0301097,-0.0498005,-0.0398487	-0.635024,-0.41279,-0.509944,-0.503392,-0.484267,-0.467567,-0.595141,-0.45613,-0.528127,-0.464166,-0.579973,-0.487252,-0.460651,-0.555635,-0.477752,-0.51223,-0.54046,-0.550445,-0.452669,-0.427955	0.703876,0.450526,0.597812,0.555748,0.446471,0.456822,0.529769,0.405067,0.457181,0.472782,0.636324,0.483171,0.510386,0.467156,0.491397,0.518943,0.541729,0.529104,0.412159,0.394839
0.873449,0.841281,0.746015,0.750446,0.876376,0.927308,0.904889,0.757301,0.863188,0.823349,0.918878,0.887607,0.937954,0.891031,0.920336,0.871914,0.909748,0.872136,0.896767,0.776309	0.397245,0.856212,0.815729,0.821476,0.87453,0.851331,0.8855,0.755843,0.85565,0.836835,0.886221,0.887479,0.91495,0.889382,0.902174,0.871277,0.891548,0.909841,0.88052,0.783074	0.729227,-0.0533843,-0.17809,-0.185202,0.00790131,0.360842,0.0975722,0.00340924,0.0288358,-0.0433662,0.175887,0.000602605,0.162203,0.00794478,0.107028,0.00265113,0.0963408,-0.182599,0.0772295,-0.0172546
-0.163106,0.0429144,0.0188583,-0.0243842,-0.0348458,-0.0270172,-0.050586,-0.0118045,-0.000829654,0.0470547,-0.0253169,0.018889,0.0098739,-0.0420131,-0.0788114,-0.0448037,-0.0921926,-0.0882057,-0.0612557,-0.056433	-0.544383,-0.382533,-0.538289,-0.389425,-0.375542,-0.432245,-0.372173,-0.308431,-0.358591,-0.351755,-0.398762,-0.364112,-0.443545,-0.407978,-0.398567,-0.376873,-0.436679,-0.380685,-0.349292,-0.248585	0.41843,0.418576,0.551548,0.36854,0.345214,0.410016,0.327758,0.297711,0.357868,0.392316,0.377254,0.380385,0.451442,0.372347,0.330126,0.337772,0.358937,0.302642,0.294334,0.194886
0.0644789,0.0491499,0.0290376,-0.00718775,-0.0327082,-0.0367668,-0.0571218,-0.0042707,0.00127117,0.0395084,-0.0254335,0.0193156,0.00719059,-0.0534523,-0.0894656,-0.0549206,-0.0925495,-0.0767587,-0.0708943,-0.0573145	-0.631048,-0.370512,-0.507397,-0.347198,-0.379074,-0.471891,-0.393285,-0.319831,-0.356257,-0.351963,-0.409031,-0.363731,-0.450676,-0.414068,-0.409707,-0.387198,-0.444015,-0.363733,-0.370368,-0.255057	0.668333,0.412157,0.528646,0.340861,0.350715,0.442807,0.343889,0.315992,0.357366,0.386103,0.38763,0.380374,0.456388,0.368777,0.332427,0.339497,0.366528,0.295217,0.307549,0.200676
0.865332,0.845788,0.736584,0.750573,0.876181,0.928003,0.908266,0.773928,0.867491,0.825266,0.909343,0.882402,0.928011,0.896884,0.910472,0.863954,0.893516,0.881849,0.89414,0.758508	0.391662,0.854314,0.814594,0.804573,0.867446,0.853326,0.883264,0.747283,0.865553,0.836756,0.893071,0.880893,0.919183,0.89645,0.908087,0.858374,0.880904,0.899423,0.869132,0.752109	0.716506,-0.0307335,-0.195034,-0.136325,0.0364014,0.358834,0.126422,0.0631909,0.0077787,-0.037131,0.0866067,0.00677434,0.0600591,0.00221148,0.0137677,0.0215923,0.0592361,-0.0849606,0.112205,0.0148988
0.804647,0.833261,0.72794,0.742928,0.882677,0.931098,0.912675,0.770852,0.869466,0.824999,0.910002,0.883377,0.928875,0.907421,0.918109,0.87613,0.905999,0.885207,0.901986,0.784115	0.458076,0.847872,0.812696,0.811372,0.875942,0.850652,0.883845,0.75136,0.869271,0.829931,0.894012,0.882255,0.917865,0.897761,0.908115,0.862229,0.894222,0.912361,0.869605,0.777701	0.548883,-0.049784,-0.207527,-0.172313,0.0296904,0.386837,0.149119,0.0463202,0.000798562,-0.0156423,0.0857624,0.00508544,0.0746853,0.0521177,0.0601149,0.0568348,0.0620396,-0.141151,0.150167,0.0164384
