0.0062051,0.127851,-0.116598,0.0262045,-0.086845,0.010637,0.0658309,0.0266439,-0.0326943,0.0139707,0.0401495,0.0185006,0.0669115,-0.0114757,0.0187345,0.0399323,0.0546996,-0.00443465,0.04301,0.0272239	-0.452454,-0.308756,-0.357465,-0.249513,-0.157779,-0.253139,-0.258166,-0.197846,-0.270572,-0.130414,-0.189843,-0.276715,-0.338672,-0.309658,-0.293911,-0.343392,-0.145556,-0.200935,-0.232521,-0.293279	0.457375,0.420027,0.251343,0.273927,0.0719194,0.263068,0.318583,0.223313,0.24,0.144122,0.228253,0.293712,0.396596,0.299246,0.310933,0.378139,0.198674,0.196675,0.272803,0.317964
-0.00988955,0.128077,0.323565,0.0245462,-0.135415,0.029876,0.0991091,0.0232579,-0.0742563,0.0242453,0.044154,0.0439312,0.0919771,-0.0171262,0.0468514,0.0479572,0.030093,-0.0171162,0.0707226,0.0197242	-0.482241,-0.348772,0.121907,-0.216817,-0.119561,-0.200194,-0.227623,-0.163486,-0.286958,-0.0878699,-0.17233,-0.235123,-0.312894,-0.306229,-0.2671,-0.298607,-0.200346,-0.189628,-0.175911,-0.293358	0.474615,0.456459,0.20994,0.240085,-0.0161147,0.228702,0.319524,0.186037,0.217333,0.111877,0.214849,0.276202,0.393546,0.290627,0.310071,0.341672,0.229058,0.173074,0.243603,0.311281
-0.0300778,-0.0457621,0.0653753,-0.152903,-0.0805078,-0.0408736,-0.0135926,0.0378517,-0.0196441,-0.036918,-0.0386489,-0.0617402,-0.0327599,-0.092092,-0.0312507,-0.0337264,-0.0300362,-0.0112008,-0.0466729,-0.0264196	-0.531478,-0.673062,-0.623477,-0.540974,-0.337265,-0.517644,-0.5077,-0.554681,-0.438702,-0.438366,-0.424709,-0.477195,-0.573897,-0.533434,-0.501919,-0.518532,-0.369513,-0.317894,-0.45495,-0.476504	0.509545,0.647235,0.661874,0.423066,0.263923,0.487076,0.497541,0.580348,0.4227,0.408051,0.392503,0.428066,0.551506,0.464143,0.478169,0.493435,0.343287,0.307789,0.417135,0.455823
-0.0359598,-0.0502408,0.0766354,-0.156593,-0.0754926,-0.0277554,-0.00375954,0.0327951,-0.0140559,-0.0317356,-0.0258187,-0.0683387,-0.0253828,-0.0868574,-0.0258787,-0.0350519,-0.0217745,-0.016644,-0.0421897,-0.0175098	-0.525434,-0.680981,-0.607021,-0.554804,-0.349269,-0.520295,-0.505738,-0.550025,-0.435946,-0.428971,-0.413726,-0.477951,-0.564742,-0.525669,-0.516043,-0.528214,-0.368281,-0.323018,-0.437926,-0.465742	0.498901,0.653084,0.653267,0.436098,0.281191,0.499756,0.502935,0.572493,0.424491,0.402718,0.392096,0.423443,0.547203,0.459805,0.496799,0.502466,0.349308,0.30803,0.403185,0.451917
-0.042021,-0.0549647,0.126428,-0.0984532,-0.0743814,-0.00992824,-0.0193621,0.0319693,-0.0055874,-0.0244104,-0.0266856,-0.0617348,-0.0115645,-0.0633354,-0.0243603,-0.0454763,-0.00864513,-0.024644,-0.0439739,-0.0217118	-0.553743,-0.675173,-0.445755,-0.536726,-0.335421,-0.500153,-0.523869,-0.531831,-0.432126,-0.42585,-0.41555,-0.482473,-0.559342,-0.492081,-0.497771,-0.530195,-0.34847,-0.318488,-0.429913,-0.459819	0.523913,0.644112,0.541657,0.462724,0.267719,0.492671,0.509677,0.554375,0.427571,0.405657,0.393225,0.433655,0.551344,0.442538,0.479221,0.496694,0.340852,0.296168,0.393376,0.442525
-0.0428614,-0.0884212,0.155377,-0.133015,-0.0979948,-0.00825404,-0.0146008,0.0216854,-0.00604555,-0.0257125,-0.0337574,-0.060386,-0.0234011,-0.0744348,-0.0329197,-0.0604814,-0.0250707,-0.0258245,-0.0521328,-0.0193776	-0.547878,-0.683432,-0.427498,-0.555829,-0.337273,-0.489203,-0.515686,-0.547617,-0.421921,-0.412352,-0.410879,-0.485763,-0.5615,-0.500356,-0.517437,-0.538751,-0.363257,-0.316808,-0.43423,-0.472964	0.517161,0.63328,0.54657,0.45657,0.247457,0.482898,0.504887,0.562621,0.416939,0.390783,0.382426,0.438232,0.545263,0.442398,0.492913,0.494379,0.341295,0.293384,0.390947,0.457782
0.089852,0.138098,-0.194701,0.0678717,-0.00831032,0.101422,0.060275,0.0774769,0.0433999,0.0708294,0.0787929,-0.0177275,0.019068,0.0492039,0.0170198,0.0479975,0.0113693,-0.053942,0.0571354,0.0530016	-0.373913,-0.287667,-0.458379,-0.293491,-0.166308,-0.233424,-0.300479,-0.264934,-0.210533,-0.099379,-0.237988,-0.338904,-0.419955,-0.273483,-0.312133,-0.327507,-0.206511,-0.221348,-0.245355,-0.271204	0.44869,0.409497,0.289517,0.354305,0.158217,0.327102,0.354337,0.335523,0.251633,0.169019,0.31095,0.323118,0.435535,0.318402,0.327414,0.369693,0.21737,0.169429,0.298309,0.319611
0.111394,0.181617,-0.220794,0.0972021,-0.0315378,0.131944,0.0457121,0.063925,0.0293946,0.0490327,0.0812005,-0.00494127,0.0197048,0.0476391,0.0131016,0.0630452,0.0122168,-0.0115874,0.0516704,0.0571414	-0.349611,-0.215937,-0.460564,-0.26734,-0.124771,-0.206866,-0.345881,-0.311524,-0.218059,-0.136488,-0.229907,-0.320124,-0.418488,-0.298499,-0.302089,-0.296132,-0.195273,-0.176943,-0.30261,-0.251646	0.443724,0.382551,0.266912,0.355309,0.093602,0.329808,0.385498,0.368118,0.245877,0.184287,0.305406,0.315682,0.434608,0.341285,0.313948,0.352595,0.206996,0.165695,0.348826,0.30441
0.523229,0.378227,0.0352255,0.562433,0.383596,0.495925,0.474265,0.460582,0.541849,0.49321,0.410658,0.585852,0.515416,0.606511,0.449201,0.463433,0.488418,0.422118,0.505191,0.426694	0.475906,0.313102,0.186423,0.622816,0.508108,0.556138,0.479475,0.508951,0.568072,0.537362,0.430597,0.623485,0.529786,0.613833,0.463623,0.529955,0.440995,0.454781,0.557793,0.437037	0.0630148,0.0738736,-0.152197,-0.0929388,-0.154657,-0.0831442,-0.00674395,-0.0631785,-0.0378835,-0.0600734,-0.0242219,-0.0592907,-0.0197685,-0.0116651,-0.0182155,-0.0881789,0.0604407,-0.040423,-0.0732412,-0.0127144
-0.0711435,-0.0788007,-0.126914,-0.101494,-0.0318009,-0.012122,-0.0153331,-0.0315276,-0.0378404,-0.0273699,-0.0708325,-0.0334802,0.0440179,-0.0224347,0.0276341,-0.0738184,0.011619,-0.0763009,0.11605,-0.0429737	-0.159901,-0.486989,-0.578094,-0.3317,-0.238426,-0.325005,-0.289136,-0.464494,-0.256999,-0.328661,-0.285231,-0.23314,-0.234803,-0.261223,-0.224612,-0.266234,-0.188448,-0.205391,-0.10405,-0.247239	0.0897786,0.424477,0.486904,0.238226,0.208203,0.314121,0.275022,0.439401,0.22131,0.304026,0.218819,0.201231,0.275969,0.240196,0.25069,0.196273,0.19963,0.131146,0.217475,0.206459
-0.0995817,-0.0873256,-0.149913,-0.0827455,-0.0240049,-0.0320987,-0.0193888,-0.0323522,-0.0430445,-0.0581503,-0.0763492,-0.0425465,0.0442289,-0.0313689,0.0497948,-0.0765059,0.00279569,-0.0840041,0.101856,-0.0506707	-0.174964,-0.502391,-0.576273,-0.334041,-0.249962,-0.351873,-0.295864,-0.457169,-0.261696,-0.344807,-0.286427,-0.235634,-0.225208,-0.262569,-0.231281,-0.280053,-0.20205,-0.213684,-0.0937233,-0.248443	0.0767188,0.434111,0.466676,0.258439,0.227321,0.323427,0.27807,0.431195,0.221143,0.292522,0.214775,0.195043,0.26678,0.233121,0.277876,0.208004,0.20473,0.13205,0.19373,0.200293
-0.0474131,-0.0626741,-0.185836,-0.0566472,-0.0088484,-0.0394285,-0.0253944,-0.0399329,-0.044598,-0.0250408,-0.0374754,-0.0191273,0.0118799,-0.0143695,0.0619585,-0.0657062,0.00379446,-0.0694765,0.0797917,-0.0446118	-0.170908,-0.473037,-0.453023,-0.335116,-0.223798,-0.34384,-0.314391,-0.438383,-0.267557,-0.320327,-0.253262,-0.224701,-0.253459,-0.220153,-0.195393,-0.26491,-0.190228,-0.187831,-0.100097,-0.229772	0.124504,0.422901,0.291748,0.283857,0.215376,0.308595,0.291322,0.405549,0.225652,0.297674,0.217854,0.206461,0.264542,0.206437,0.254273,0.202732,0.193883,0.119919,0.178463,0.187078
-0.0667718,-0.0831009,-0.250722,-0.0854363,-0.0368593,-0.0475864,-0.0187003,-0.0455439,-0.0429973,-0.0434385,-0.0571539,-0.0367283,0.0272643,-0.0163229,0.0501202,-0.0708492,0.00754913,-0.0897191,0.0499945,-0.0541208	-0.177964,-0.482854,-0.49379,-0.356591,-0.228931,-0.337006,-0.301256,-0.457712,-0.254709,-0.32035,-0.258751,-0.247439,-0.235028,-0.225435,-0.227443,-0.270798,-0.191149,-0.202517,-0.126802,-0.256269	0.112529,0.416464,0.277413,0.279676,0.193707,0.294136,0.284156,0.420943,0.214056,0.280819,0.204623,0.212643,0.260622,0.209885,0.274435,0.20386,0.198412,0.114886,0.175683,0.204992
0.0400923,0.042825,0.413183,0.120094,0.071892,0.0356486,0.102753,0.0433669,0.0989369,0.0961225,0.0448685,0.086092,0.00882146,0.11165,0.143071,-0.0143872,0.201521,0.0343276,0.106294,-0.0318292	0.0982755,0.0625217,0.312421,0.0109536,-0.0204676,-0.0401199,0.0545517,-0.0899926,0.103861,0.0766763,-0.0521036,0.0420914,-0.0684693,0.10409,0.120932,0.00572813,0.161134,0.0630027,0.0863634,-0.02292	-0.0584133,-0.0197495,0.115697,0.109284,0.0922239,0.0756603,0.0484728,0.132841,-0.00497543,0.0195905,0.0967459,0.0441606,0.0772441,0.00764839,0.0225296,-0.0201137,0.0417428,-0.0287372,0.0201149,-0.00891568
0.038682,0.0129378,0.45192,0.111857,0.0910655,0.00259644,0.127659,0.0719004,0.0933299,0.0841754,0.0461867,0.0910728,-0.0100394,0.0789263,0.171621,0.0110096,0.169301,0.0247558,0.108761,-0.0362491	0.113094,0.0842091,0.390001,0.00968732,0.0697508,-0.0719178,0.0278011,-0.10898,0.103481,0.0432314,-0.0410393,0.0564454,-0.0899328,0.0447179,0.168886,0.0600763,0.140379,0.0633617,0.021307,-0.0102267	-0.0747392,-0.0713491,0.075168,0.10228,0.021451,0.0745003,0.100213,0.179474,-0.01025,0.0410935,0.087061,0.0348064,0.0799656,0.0343296,0.00281622,-0.0490992,0.0296266,-0.0386665,0.087657,-0.0260321
-0.126483,-0.190101,0.105242,-0.109267,0.0190907,-0.0391322,-0.03047,-0.0153958,-0.0767677,-0.0511885,-0.127398,-0.079654,0.0517783,-0.00575884,-0.0127882,-0.051641,-0.0623968,-0.109235,0.118437,-0.0137748	-0.177157,-0.528389,-0.534678,-0.37086,-0.27933,-0.373346,-0.304226,-0.470607,-0.303787,-0.37145,-0.339911,-0.296236,-0.238299,-0.250588,-0.268651,-0.287049,-0.225642,-0.256554,-0.142827,-0.232828	0.0518357,0.376062,0.605829,0.272642,0.296837,0.339169,0.276317,0.458533,0.23244,0.326468,0.222132,0.221816,0.286542,0.245182,0.256745,0.238951,0.165577,0.151567,0.256918,0.219758
-0.160384,-0.215124,0.120553,-0.0882321,-0.0120537,-0.0694426,-0.0461141,-0.0246134,-0.087765,-0.0782922,-0.145586,-0.0808062,0.0480244,-0.0281183,-0.00568256,-0.0740476,-0.0493372,-0.102818,0.141311,-0.042198	-0.199107,-0.553062,-0.510273,-0.371599,-0.318427,-0.405281,-0.319982,-0.47002,-0.313415,-0.384949,-0.351442,-0.291892,-0.231733,-0.262043,-0.285163,-0.315584,-0.220341,-0.252611,-0.100486,-0.251262	0.0400003,0.383575,0.594269,0.292972,0.307553,0.345564,0.277969,0.45062,0.232032,0.316187,0.216956,0.216185,0.276678,0.235661,0.279934,0.247316,0.172883,0.153787,0.238412,0.211304
-0.0943836,-0.165704,0.193561,-0.0506663,0.00399894,-0.0838614,-0.0370692,-0.0210835,-0.0863196,-0.0338954,-0.0961699,-0.0482486,0.00881616,0.00522455,0.0104698,-0.064263,-0.0411848,-0.0446468,0.0897468,-0.0649546	-0.179817,-0.509497,-0.305604,-0.363006,-0.292917,-0.404901,-0.325268,-0.443671,-0.31662,-0.352512,-0.311341,-0.274241,-0.265923,-0.207014,-0.248034,-0.303047,-0.20211,-0.189712,-0.133376,-0.256091	0.0869082,0.375494,0.471287,0.318192,0.296568,0.332323,0.291717,0.426578,0.236772,0.32247,0.221812,0.229022,0.274097,0.21201,0.257834,0.243526,0.162276,0.146305,0.220484,0.194369
-0.103197,-0.194141,0.261291,-0.0972649,0.0104949,-0.0810435,-0.0272823,-0.0425326,-0.0939368,-0.0474783,-0.148902,-0.066187,0.0304541,0.00680678,0.00887521,-0.0717601,-0.0322065,-0.0719457,0.0455925,-0.0787279	-0.177434,-0.525466,-0.258334,-0.396967,-0.269943,-0.393128,-0.311048,-0.473031,-0.311563,-0.349278,-0.344026,-0.295643,-0.243199,-0.209073,-0.27036,-0.309282,-0.198001,-0.210131,-0.170121,-0.28569	0.075621,0.368965,0.486768,0.311739,0.279646,0.322355,0.286195,0.439337,0.224187,0.306889,0.20566,0.234036,0.271641,0.215573,0.278567,0.242913,0.166859,0.140306,0.214053,0.211724
0.0585598,-0.00235315,-0.166821,0.217098,0.111578,0.0347301,0.0346365,0.0677506,0.0987231,0.146503,0.130051,0.09255,-0.013202,0.0899107,0.127173,0.00481825,0.192471,0.101769,0.14375,-0.0351932	0.161392,0.0719466,-0.335499,0.0510709,-0.0819733,-0.083971,-0.0145556,-0.100945,0.0815668,0.0881543,0.0123003,0.0173066,-0.100047,0.0762827,0.092939,-0.0274227,0.192689,0.102497,0.0766949,-0.0344261	-0.103814,-0.0742872,0.178678,0.167889,0.191797,0.118356,0.0491672,0.16755,0.0172955,0.0591122,0.117939,0.0753641,0.0869599,0.0137221,0.0346438,0.0322367,-0.000226835,-0.000735435,0.0678022,-0.000768001
0.0589316,-0.060162,-0.170628,0.230477,0.161918,-0.037,0.017426,0.0807653,0.0828566,0.149298,0.187628,0.114057,-0.072042,0.050255,0.125655,0.0442261,0.16103,0.0860957,0.1378,-0.0336257	0.178493,0.063304,-0.319757,0.0695362,0.0338186,-0.149297,-0.0779863,-0.13188,0.070961,0.0693686,0.0756237,0.0485573,-0.158204,0.0108462,0.110503,0.0392617,0.171899,0.0974425,0.00263085,-0.0155666	-0.120833,-0.122998,0.157735,0.163562,0.128805,0.112921,0.0952828,0.210404,0.0119659,0.0807661,0.113616,0.065864,0.0871556,0.0394303,0.0153652,0.00497304,-0.0111776,-0.0114427,0.135218,-0.0180685
0.557934,0.695383,0.496581,0.742363,0.6072,0.514198,0.555073,0.580426,0.614601,0.703049,0.588417,0.632124,0.590785,0.662086,0.588513,0.704436,0.490536,0.561282,0.681538,0.653492	0.572235,0.670552,0.525675,0.715001,0.578641,0.498566,0.553057,0.596112,0.61348,0.715493,0.595548,0.643625,0.603145,0.669145,0.555853,0.688621,0.483242,0.558836,0.707498,0.655961	-0.0210088,0.0465255,-0.0393706,0.0583158,0.0440282,0.0210209,0.00290935,-0.0239843,0.00179963,-0.0250401,-0.0109779,-0.0193895,-0.0192026,-0.012675,0.0485386,0.0307127,0.00956078,0.00356316,-0.0501334,-0.00432055
0.398025,0.469469,-0.0400483,0.390921,0.332377,0.357519,0.317753,0.229978,0.322895,0.380042,0.318656,0.354591,0.363344,0.314939,0.394319,0.41056,0.278812,0.287207,0.307221,0.282722	0.351625,0.473217,0.288066,0.329072,0.324071,0.361723,0.292598,0.28529,0.311413,0.394472,0.329284,0.353857,0.372753,0.365509,0.395074,0.405206,0.281738,0.301825,0.351334,0.30342	0.0539509,-0.00481862,-0.324372,0.0709795,0.00930889,-0.00482866,0.0277331,-0.0591958,0.0127664,-0.0169743,-0.0118738,0.000840131,-0.0108828,-0.057148,-0.000894364,0.00642233,-0.00317609,-0.0160056,-0.0494512,-0.02264
0.458618,0.492192,-0.0123481,0.451291,0.422214,0.426199,0.330827,0.323392,0.383469,0.429709,0.363484,0.505308,0.45715,0.407401,0.519403,0.490219,0.346511,0.381286,0.321217,0.411914	0.426428,0.495828,0.333568,0.389055,0.439371,0.452327,0.315533,0.349011,0.390771,0.461359,0.388983,0.490379,0.473813,0.449195,0.490542,0.479735,0.346793,0.401354,0.363923,0.405165	0.040016,-0.00481071,-0.344497,0.0754897,-0.0210652,-0.0323678,0.0170771,-0.0288783,-0.00859008,-0.0394753,-0.0296981,0.0198467,-0.0212702,-0.0511559,0.0387289,0.0137078,-0.000320288,-0.0236932,-0.0483597,0.00810169
-0.226067,-0.480009,-0.582794,-0.257873,-0.224217,-0.340458,-0.305473,-0.388144,-0.200661,-0.339653,-0.297779,-0.234207,-0.192955,-0.314589,-0.206935,-0.301729,-0.20805,-0.223541,-0.207464,-0.208745	-0.0900266,-0.0588905,-0.198767,-0.108786,-0.102616,-0.113855,-0.075052,-0.0595322,0.0313075,-0.0589085,-0.170952,-0.0723024,0.0104334,-0.0982202,0.0274343,-0.0986674,-0.0512238,-0.0734534,-0.0211555,0.0181248	-0.138867,-0.433369,-0.434341,-0.15339,-0.124465,-0.235741,-0.235828,-0.336385,-0.23052,-0.286476,-0.133629,-0.164693,-0.202979,-0.223268,-0.233047,-0.209293,-0.158516,-0.152594,-0.187129,-0.226014
-0.230455,-0.541973,-0.595516,-0.223592,-0.232098,-0.333394,-0.327285,-0.362374,-0.226586,-0.316479,-0.268025,-0.233169,-0.190881,-0.257599,-0.206538,-0.325553,-0.244107,-0.25172,-0.139807,-0.217745	-0.0798691,-0.113403,-0.187358,-0.0626383,-0.0446878,-0.109742,-0.144867,-0.0713926,0.00878249,-0.0476827,-0.124926,-0.0666665,0.00748276,-0.051736,0.0513113,-0.104147,-0.0854749,-0.0974776,-0.0116673,0.0251154	-0.15341,-0.456635,-0.459418,-0.16324,-0.189374,-0.232146,-0.191497,-0.298709,-0.234901,-0.272915,-0.148057,-0.169132,-0.198081,-0.208644,-0.255145,-0.229176,-0.162012,-0.158122,-0.128349,-0.24154
0.429741,0.512318,-0.0195633,0.370407,0.339354,0.330415,0.324137,0.263244,0.336368,0.411275,0.317407,0.356291,0.358638,0.315099,0.368868,0.385775,0.275393,0.310613,0.319576,0.283897	0.370145,0.54075,0.283297,0.335954,0.359058,0.350023,0.300811,0.303707,0.325877,0.412861,0.320996,0.343872,0.355737,0.358554,0.401535,0.396448,0.285233,0.327797,0.337279,0.302172	0.0708681,-0.0393279,-0.301191,0.0393499,-0.0224379,-0.022173,0.0258459,-0.0439784,0.0117831,-0.00191098,-0.00399676,0.0141526,0.00332475,-0.0489896,-0.0383464,-0.0125995,-0.0106798,-0.0191314,-0.0198425,-0.0199902
0.474639,0.543026,0.071135,0.425183,0.363823,0.341355,0.339568,0.344494,0.411348,0.475025,0.399482,0.503099,0.487822,0.414033,0.483652,0.463,0.357979,0.378015,0.346341,0.418675	0.42897,0.571838,0.39535,0.390964,0.408937,0.38276,0.326128,0.354814,0.419842,0.49417,0.41799,0.476511,0.492109,0.448826,0.487797,0.46853,0.365304,0.40073,0.362367,0.40951	0.0573447,-0.0417881,-0.333597,0.0410408,-0.0529998,-0.0476284,0.0151131,-0.0117565,-0.0102665,-0.0250173,-0.0222181,0.0349717,-0.00564186,-0.0427348,-0.00542502,-0.00706286,-0.00842656,-0.0267711,-0.0183269,0.0110609
-0.234175,-0.52354,-0.602889,-0.270434,-0.22546,-0.343531,-0.320575,-0.3855,-0.219348,-0.353898,-0.298304,-0.220569,-0.187535,-0.311098,-0.238846,-0.302759,-0.198991,-0.239798,-0.186822,-0.211028	-0.111699,-0.111654,-0.256143,-0.101317,-0.0824306,-0.103879,-0.0890589,-0.0661,0.00895763,-0.0871859,-0.177626,-0.0647859,0.0048537,-0.100306,0.0170651,-0.0859138,-0.0344001,-0.0892135,-0.0208432,0.00813477	-0.125766,-0.437458,-0.410072,-0.173881,-0.145738,-0.248521,-0.238321,-0.327752,-0.227857,-0.275203,-0.12743,-0.158042,-0.192214,-0.217581,-0.254872,-0.222636,-0.165725,-0.153876,-0.166627,-0.218787
-0.229594,-0.587975,-0.613388,-0.239692,-0.240466,-0.32353,-0.317362,-0.358624,-0.256234,-0.320857,-0.265705,-0.212154,-0.188815,-0.259493,-0.230449,-0.319152,-0.23754,-0.259771,-0.10518,-0.219966	-0.0911882,-0.176726,-0.24692,-0.0583428,-0.0321038,-0.0830605,-0.129396,-0.0764095,-0.0260601,-0.0633853,-0.129412,-0.0496963,-0.00144896,-0.0604871,0.049465,-0.0815088,-0.0712949,-0.104041,0.0026659,0.01446	-0.141365,-0.458937,-0.431879,-0.183921,-0.209984,-0.24711,-0.196016,-0.290165,-0.231721,-0.262817,-0.141147,-0.164189,-0.187417,-0.202179,-0.276759,-0.24399,-0.169109,-0.160056,-0.107816,-0.233683
0.317168,0.48665,0.405284,0.309495,0.266459,0.272362,0.266281,0.279562,0.294886,0.3419,0.243448,0.33247,0.333343,0.349674,0.41015,0.370746,0.216465,0.300405,0.29315,0.332489	0.331443,0.486472,0.412612,0.309894,0.29126,0.293582,0.275772,0.249836,0.313344,0.359657,0.257756,0.318292,0.340477,0.340819,0.381581,0.36564,0.213901,0.305359,0.291272,0.305481	-0.015952,0.000234266,-0.00879912,-0.000441506,-0.0268877,-0.0230639,-0.0102435,0.0319584,-0.020338,-0.0202466,-0.0152657,0.015856,-0.00804756,0.0100531,0.0338689,0.00590616,0.00268921,-0.00545472,0.002054,0.0300613
-0.220177,-0.488822,-0.488572,-0.266743,-0.203854,-0.33084,-0.318428,-0.363258,-0.266599,-0.353457,-0.256794,-0.210623,-0.211147,-0.262546,-0.20098,-0.28027,-0.186215,-0.198879,-0.182114,-0.193915	-0.0490299,-0.0743003,-0.29201,-0.0696605,-0.0744662,-0.103907,-0.0696554,-0.0693954,-0.0419271,-0.0866557,-0.132926,-0.0435104,-0.0206593,-0.0744405,0.0336676,-0.0647352,-0.0306886,-0.0556207,-0.0322627,0.0107229	-0.173015,-0.430144,-0.229271,-0.200814,-0.131382,-0.235012,-0.254415,-0.301462,-0.227211,-0.275232,-0.128246,-0.168658,-0.191323,-0.191855,-0.23307,-0.219517,-0.15642,-0.144861,-0.150737,-0.204213
-0.21466,-0.546775,-0.508435,-0.239711,-0.201903,-0.322249,-0.326547,-0.345343,-0.270667,-0.331609,-0.261926,-0.210655,-0.192611,-0.21067,-0.198223,-0.307976,-0.186448,-0.216298,-0.129648,-0.207902	-0.0276732,-0.122065,-0.293423,-0.03089,-0.00334064,-0.0963814,-0.124178,-0.0938609,-0.0387621,-0.079871,-0.127627,-0.039496,-0.00452854,-0.0362266,0.0580032,-0.0748076,-0.0241888,-0.0662577,-0.0398803,0.00903927	-0.188104,-0.455083,-0.252714,-0.210379,-0.198697,-0.233108,-0.210921,-0.259906,-0.234363,-0.258587,-0.138945,-0.172595,-0.188246,-0.175785,-0.253313,-0.238667,-0.162995,-0.152222,-0.0902347,-0.216535
-0.241501,-0.510935,-0.555085,-0.296597,-0.183466,-0.328554,-0.312308,-0.376917,-0.228866,-0.343079,-0.265735,-0.2401,-0.181293,-0.29031,-0.224368,-0.28265,-0.177984,-0.21356,-0.215026,-0.216784	-0.0840682,-0.114806,-0.387253,-0.107543,-0.0722485,-0.117439,-0.0693872,-0.0625257,-0.0110396,-0.0916529,-0.155274,-0.0671094,0.00775637,-0.101786,0.0309124,-0.0664731,-0.0179453,-0.0769663,-0.0684246,0.00742318	-0.160695,-0.420813,-0.213786,-0.195283,-0.112712,-0.219589,-0.248302,-0.321979,-0.218378,-0.259589,-0.115215,-0.175824,-0.188784,-0.194264,-0.253522,-0.220316,-0.160551,-0.138876,-0.148791,-0.223847
-0.23928,-0.569601,-0.569621,-0.266579,-0.145972,-0.326833,-0.314515,-0.354245,-0.23226,-0.3089,-0.274592,-0.235157,-0.172056,-0.233337,-0.208199,-0.302388,-0.188441,-0.243812,-0.163287,-0.232506	-0.0665564,-0.166934,-0.385149,-0.0654548,0.0400422,-0.118973,-0.115871,-0.0774162,-0.00694634,-0.0682477,-0.15461,-0.0560931,0.013735,-0.0560581,0.0738882,-0.0671102,-0.02194,-0.102171,-0.0746327,0.00440283	-0.175519,-0.444978,-0.236318,-0.204696,-0.184933,-0.21627,-0.206157,-0.284635,-0.225678,-0.245835,-0.125302,-0.181457,-0.185353,-0.179629,-0.277814,-0.240151,-0.167192,-0.145259,-0.0897477,-0.236667
0.777758,0.557,0.658265,0.766561,0.623652,0.726615,0.713665,0.691672,0.664312,0.710618,0.674571,0.676916,0.682928,0.667569,0.660069,0.679147,0.597158,0.657884,0.683501,0.655771	0.797769,0.623758,0.706985,0.774891,0.712289,0.724531,0.650674,0.628129,0.670544,0.684334,0.688054,0.687292,0.678026,0.635826,0.683315,0.714575,0.608635,0.670054,0.603645,0.677964	-0.052726,-0.102301,-0.0911315,-0.0205171,-0.159482,0.00440016,0.1176,0.112357,-0.0112373,0.0511678,-0.0251614,-0.0194035,0.00912962,0.055153,-0.0423464,-0.0688328,-0.0180306,-0.0217649,0.135947,-0.0399583
0.530577,0.315181,-0.1936,0.545256,0.478441,0.477182,0.417895,0.444455,0.576498,0.477964,0.383671,0.555837,0.471777,0.614709,0.420335,0.43927,0.482423,0.429152,0.464516,0.420199	0.470831,0.245806,0.372425,0.603421,0.53677,0.55935,0.457553,0.489931,0.55915,0.534346,0.408423,0.621418,0.511069,0.616042,0.462625,0.515388,0.404757,0.44753,0.548812,0.423323	0.0796406,0.0752021,-0.527958,-0.0866867,-0.0784841,-0.112085,-0.0490336,-0.058136,0.0256006,-0.0757213,-0.0293508,-0.100187,-0.0517751,-0.00214426,-0.0524981,-0.0983942,0.0965107,-0.0227462,-0.113138,-0.00380031
-0.0515745,-0.0498568,-0.168047,0.0264422,0.042525,0.0221315,-0.00460008,-0.0653508,-0.0212524,0.00571504,-0.037553,0.0161074,0.0697212,0.0494836,0.0521595,-0.0502044,0.0399627,-0.0648873,0.158388,-0.0229793	-0.160914,-0.533385,-0.545875,-0.323394,-0.160936,-0.327317,-0.322554,-0.486626,-0.232105,-0.340302,-0.30113,-0.236855,-0.26844,-0.243482,-0.232456,-0.28545,-0.22486,-0.197293,-0.132537,-0.262212	0.110254,0.496738,0.415988,0.34687,0.202078,0.346935,0.318426,0.435112,0.211897,0.345345,0.266592,0.252001,0.331948,0.289478,0.281206,0.238665,0.262464,0.134123,0.284944,0.240683
-0.0761091,-0.0555977,-0.198224,0.0482913,0.0451229,-0.00914484,-0.016742,-0.0616357,-0.031007,-0.0314659,-0.0539665,0.0128188,0.0644357,0.036629,0.0706375,-0.0521166,0.0231622,-0.06789,0.139938,-0.0378973	-0.174888,-0.546585,-0.546341,-0.325424,-0.174038,-0.355492,-0.330814,-0.477669,-0.238142,-0.359157,-0.303936,-0.238303,-0.260115,-0.245128,-0.240295,-0.299347,-0.238802,-0.205293,-0.12304,-0.263992	0.100111,0.506376,0.390395,0.367933,0.217453,0.347477,0.315821,0.428654,0.208676,0.331437,0.254138,0.250357,0.319201,0.27925,0.305743,0.251148,0.260523,0.139345,0.258527,0.22838
-0.0201033,-0.0257555,-0.265096,0.0252706,0.0582726,-0.0315442,-0.0101676,-0.068682,-0.0390224,-0.00353758,-0.0147053,0.0304255,0.0209003,0.0356313,0.081651,-0.033263,0.0119404,-0.0469082,0.117907,-0.0287057	-0.170924,-0.519982,-0.41395,-0.333037,-0.146555,-0.349844,-0.346015,-0.45997,-0.243629,-0.334672,-0.274097,-0.229345,-0.289448,-0.206125,-0.205059,-0.283574,-0.228089,-0.179737,-0.128648,-0.246031	0.151341,0.500935,0.167203,0.355317,0.203093,0.321851,0.337033,0.404053,0.206571,0.331527,0.260442,0.25797,0.308483,0.239994,0.281989,0.252695,0.239377,0.133958,0.242871,0.218871
-0.0388145,-0.0213768,-0.348459,0.0254782,0.0536464,-0.0414387,-0.00728456,-0.0653309,-0.0369313,-0.0214064,-0.028413,0.011767,0.0455657,0.0420144,0.0762923,-0.0274756,0.0313185,-0.0659965,0.0943529,-0.040376	-0.17765,-0.522467,-0.468357,-0.350016,-0.149185,-0.344772,-0.334714,-0.475907,-0.229781,-0.333913,-0.278778,-0.251985,-0.270234,-0.210025,-0.235497,-0.287372,-0.227933,-0.194283,-0.153508,-0.272523	0.139799,0.50675,0.143283,0.372175,0.201221,0.30773,0.32823,0.423751,0.194501,0.314756,0.252364,0.262973,0.311958,0.249834,0.306286,0.261965,0.257414,0.129952,0.244322,0.234729
-0.0168442,-0.0546883,0.517601,0.0637967,0.0753982,-0.0487518,0.0583407,-0.0221537,0.061985,0.0344877,-0.0229294,0.100667,-0.00505078,0.0725962,0.132082,-0.0499688,0.198772,0.0811654,0.06196,-0.0738724	0.0993912,-0.0275707,0.351184,-0.00897375,0.0580896,-0.0505489,0.00410288,-0.113475,0.133233,0.0675661,-0.0874162,0.026616,-0.113615,0.117058,0.108151,-0.024519,0.116518,0.064046,0.0524128,-0.0459041	-0.116041,-0.0271585,0.203387,0.0727288,0.0173848,0.0018015,0.0542508,0.091551,-0.071841,-0.0331556,0.0646163,0.0742495,0.108626,-0.0448428,0.0242783,-0.0254811,0.0842038,0.0172088,0.00957837,-0.0280635
-0.0313739,-0.114317,0.572428,0.0310627,0.114426,-0.104937,0.096812,0.0183551,0.0670968,0.0416256,-0.0232102,0.0954128,-0.0249984,0.0414779,0.164369,-0.0351509,0.164727,0.0344249,0.0693467,-0.0816798	0.115825,-0.00559294,0.413613,-0.0106042,0.149704,-0.0833273,-0.0218072,-0.131504,0.130796,0.0322667,-0.075986,0.0412304,-0.134546,0.0557522,0.156484,0.030762,0.0958692,0.0659228,-0.0123726,-0.0328223	-0.146666,-0.108794,0.208081,0.0416531,-0.0358928,-0.0218001,0.118369,0.149498,-0.0642631,0.00937157,0.0528691,0.0543964,0.109917,-0.0143074,0.00809327,-0.0658417,0.0699626,-0.0315695,0.0816493,-0.0489889
-0.10663,-0.171928,0.0593025,0.0242094,0.0943474,-0.00462849,-0.0204105,-0.0485644,-0.0576388,-0.0183911,-0.0954658,-0.028684,0.0793384,0.065559,0.0122357,-0.0268328,-0.0359067,-0.0948699,0.162769,0.00733841	-0.168245,-0.574345,-0.664319,-0.358734,-0.163234,-0.38329,-0.356999,-0.490217,-0.249519,-0.38907,-0.358332,-0.314053,-0.286814,-0.23036,-0.292825,-0.310706,-0.243091,-0.235051,-0.187767,-0.243792	0.0627399,0.446507,0.696194,0.379646,0.253675,0.379335,0.339059,0.452424,0.19468,0.37335,0.272177,0.287963,0.358006,0.291517,0.303971,0.28626,0.209009,0.143378,0.34014,0.250682
-0.136654,-0.194752,0.0673966,0.048735,0.0604662,-0.0468842,-0.0448819,-0.0535047,-0.072995,-0.0521665,-0.124636,-0.0239161,0.0697792,0.0391092,0.0150289,-0.0490794,-0.0301549,-0.0836557,0.182079,-0.0288758	-0.189365,-0.594946,-0.64841,-0.359678,-0.205224,-0.417359,-0.373967,-0.487506,-0.261124,-0.405706,-0.371185,-0.308549,-0.281648,-0.241471,-0.30907,-0.339037,-0.238921,-0.229846,-0.147754,-0.263068	0.0541118,0.45264,0.685835,0.401377,0.262434,0.377869,0.334703,0.445625,0.191785,0.361184,0.258509,0.286749,0.344654,0.277955,0.3226,0.294864,0.210281,0.149056,0.321192,0.235985
-0.0674341,-0.138889,0.108519,0.0344081,0.0734093,-0.0768743,-0.022483,-0.049206,-0.0771526,-0.0124073,-0.0747333,0.00307672,0.0181267,0.0544808,0.03047,-0.03067,-0.0340034,-0.0212218,0.130411,-0.049092	-0.170858,-0.554577,-0.518381,-0.359078,-0.177124,-0.420403,-0.374866,-0.462894,-0.262916,-0.374571,-0.334841,-0.293459,-0.316226,-0.189369,-0.274252,-0.325521,-0.222571,-0.168524,-0.179453,-0.268283	0.10463,0.450379,0.593512,0.388684,0.247318,0.355002,0.355378,0.42333,0.18961,0.363855,0.266783,0.296268,0.332447,0.241359,0.302197,0.297825,0.190006,0.147831,0.302778,0.222116
-0.0755445,-0.143797,0.165548,0.0182779,0.101497,-0.0763582,-0.0163014,-0.0617239,-0.083759,-0.0252921,-0.122046,-0.0165783,0.0499896,0.0641045,0.0355688,-0.027084,-0.00976427,-0.0467263,0.0919051,-0.0652065	-0.168104,-0.563013,-0.477488,-0.388736,-0.151429,-0.412725,-0.362944,-0.4874,-0.256527,-0.370704,-0.364906,-0.315127,-0.293387,-0.190306,-0.293674,-0.329154,-0.217222,-0.189252,-0.212778,-0.298124	0.0937501,0.456145,0.595929,0.404143,0.249098,0.347312,0.348706,0.438879,0.176562,0.348681,0.25418,0.300117,0.338413,0.251344,0.325839,0.304787,0.207899,0.143798,0.298839,0.237535
0.00312262,-0.10177,0.00962855,0.159318,0.109502,-0.0535312,-0.0121569,0.0018654,0.0597414,0.0842273,0.0641922,0.108488,-0.0282824,0.0506792,0.118049,-0.0318561,0.185771,0.145031,0.0994481,-0.0774203	0.179865,-0.0192052,-0.49917,0.0334371,0.0423455,-0.112911,-0.0927097,-0.122681,0.14606,0.0696307,-0.0234558,-0.0180795,-0.162525,0.0932951,0.0584094,-0.0645929,0.168932,0.110923,0.0184737,-0.0518522	-0.176842,-0.0827268,0.506365,0.126555,0.0674698,0.0597413,0.0806437,0.124518,-0.0870789,0.0146827,0.0875163,0.126319,0.134863,-0.0428183,0.0600537,0.0328043,0.0173843,0.0346651,0.0811235,-0.0256712
-0.00946731,-0.190655,0.0406952,0.146969,0.176179,-0.14988,-0.019091,0.0269733,0.0555379,0.106677,0.120285,0.119298,-0.0899225,0.0127355,0.119376,-0.00342106,0.153345,0.0925956,0.0989762,-0.0792275	0.199665,-0.0315933,-0.487274,0.0532265,0.160637,-0.180944,-0.155733,-0.152157,0.134564,0.0497711,0.041508,0.0132027,-0.219376,0.0255471,0.0753595,0.00250447,0.148538,0.108824,-0.0545257,-0.0323841	-0.208738,-0.160025,0.517703,0.0944816,0.0159942,0.0319302,0.13705,0.178398,-0.0796211,0.05721,0.0791725,0.106263,0.132059,-0.0128158,0.044416,-0.00592548,0.00491907,-0.0163931,0.152678,-0.0469639
0.574039,0.7059,0.473444,0.770159,0.630332,0.52096,0.550644,0.574656,0.617695,0.708016,0.589508,0.650684,0.595669,0.678906,0.59527,0.715221,0.497459,0.568311,0.692008,0.655229	0.583577,0.678852,0.50987,0.742756,0.607162,0.515424,0.556265,0.587217,0.621134,0.724242,0.607055,0.657275,0.612932,0.68889,0.567186,0.698843,0.497322,0.560858,0.720767,0.664264	-0.0143429,0.0519347,-0.0480161,0.0640302,0.0375341,0.00756864,-0.00810325,-0.0189585,-0.0055795,-0.0333028,-0.0273272,-0.0115154,-0.0271899,-0.0187554,0.0423985,0.0327441,0.000182818,0.01094,-0.0573784,-0.0159983
0.419964,0.485797,-0.101593,0.421033,0.373248,0.35937,0.325166,0.215304,0.325005,0.388781,0.327429,0.381516,0.364359,0.338661,0.402838,0.43199,0.279365,0.30459,0.329289,0.293642	0.364814,0.484341,0.267199,0.402335,0.369854,0.386379,0.296187,0.267349,0.324471,0.413311,0.347938,0.381825,0.388462,0.408502,0.408654,0.418462,0.299427,0.307011,0.374849,0.317536	0.0651278,0.00190383,-0.359046,0.0225108,0.00393776,-0.0313639,0.0320677,-0.0552232,0.000596936,-0.0292267,-0.0231465,-0.000362659,-0.0280776,-0.0810554,-0.00696158,0.0165125,-0.0218933,-0.00267049,-0.0519745,-0.0263515
0.480181,0.523872,-0.0875031,0.498503,0.472532,0.428123,0.335558,0.316577,0.384206,0.438194,0.377667,0.525705,0.463721,0.433112,0.530878,0.517227,0.357819,0.399245,0.349502,0.419408	0.43847,0.502263,0.31923,0.454531,0.471415,0.47903,0.319734,0.331739,0.402436,0.478107,0.407141,0.512715,0.486637,0.485247,0.50134,0.487676,0.361949,0.405688,0.386756,0.417914	0.0528361,0.0293262,-0.395681,0.0568546,0.00143763,-0.0640402,0.0177265,-0.0169408,-0.0215647,-0.0504905,-0.0348299,0.0177832,-0.0295935,-0.0660081,0.0402513,0.0395193,-0.00474376,-0.00768855,-0.0430761,0.0018111
-0.276992,-0.527259,-0.519201,-0.280628,-0.208109,-0.394983,-0.334701,-0.432315,-0.22745,-0.386768,-0.340946,-0.217343,-0.200987,-0.333511,-0.212025,-0.3272,-0.211633,-0.178324,-0.246333,-0.241407	-0.073328,-0.0284545,-0.225724,0.00807494,-0.0307183,-0.0882865,-0.0653611,-0.090635,0.048322,-0.0285163,-0.144239,-0.0237758,0.0329085,-0.0280613,0.0507582,-0.0764437,-0.0257191,-0.0605693,0.0184604,0.0410119	-0.207886,-0.506402,-0.332438,-0.28805,-0.178532,-0.317778,-0.275364,-0.355614,-0.272773,-0.362247,-0.206881,-0.194572,-0.232359,-0.308335,-0.259985,-0.257189,-0.186931,-0.11904,-0.263595,-0.27965
-0.295735,-0.608032,-0.52348,-0.265599,-0.196114,-0.403344,-0.349677,-0.400325,-0.244474,-0.34952,-0.312736,-0.223801,-0.198531,-0.276705,-0.20995,-0.358958,-0.247602,-0.236727,-0.174353,-0.25365	-0.0636851,-0.0896906,-0.214976,0.0573031,0.0295513,-0.0849877,-0.136485,-0.101237,0.0255135,-0.0164647,-0.0953497,-0.0189435,0.0295725,0.0187173,0.075453,-0.0823677,-0.0600514,-0.0848601,0.0262579,0.0488544	-0.236505,-0.54824,-0.347624,-0.318061,-0.224365,-0.329657,-0.223877,-0.311721,-0.268314,-0.334983,-0.224067,-0.20573,-0.226772,-0.293901,-0.280952,-0.285018,-0.190381,-0.15498,-0.199697,-0.298802
0.449613,0.527103,-0.082202,0.401704,0.379036,0.332386,0.334093,0.248651,0.338777,0.420343,0.328032,0.382529,0.360813,0.339339,0.378574,0.40713,0.277887,0.324928,0.342934,0.296039	0.386002,0.552566,0.255693,0.411149,0.398739,0.364694,0.299264,0.289099,0.334898,0.428015,0.331146,0.376066,0.367554,0.398935,0.411844,0.41027,0.298167,0.334679,0.359031,0.311134	0.0769697,-0.0359273,-0.330939,-0.011313,-0.0232108,-0.0367656,0.038698,-0.0435812,0.0043759,-0.00935459,-0.00349271,0.00754864,-0.00777135,-0.0689264,-0.0394144,-0.00377025,-0.0221119,-0.0109401,-0.0183572,-0.0166258
0.493687,0.572805,-0.00198137,0.473846,0.415965,0.344754,0.347233,0.337221,0.411704,0.484249,0.415657,0.521908,0.494534,0.43983,0.496951,0.490386,0.370602,0.392124,0.375666,0.428088	0.443367,0.578613,0.379152,0.458585,0.437884,0.400638,0.325674,0.340165,0.426587,0.507757,0.427468,0.502219,0.500106,0.481868,0.495822,0.477361,0.374863,0.406074,0.383063,0.41761	0.064421,-0.00868685,-0.380848,0.019498,-0.026801,-0.0648402,0.0243086,-0.00332644,-0.0180538,-0.0311729,-0.0143632,0.0266825,-0.00740388,-0.053344,0.00149809,0.0170057,-0.00494768,-0.0165925,-0.00864014,0.0127591
-0.283357,-0.568236,-0.540435,-0.291567,-0.209364,-0.398902,-0.351396,-0.429498,-0.246322,-0.403656,-0.343413,-0.20283,-0.19636,-0.330729,-0.244846,-0.328524,-0.203804,-0.193371,-0.227024,-0.243484	-0.0916233,-0.0817748,-0.284483,0.0192059,-0.0150356,-0.0879524,-0.0875163,-0.0937168,0.0207723,-0.0643516,-0.161989,-0.0112189,0.0221624,-0.0342012,0.0366007,-0.0623542,-0.0159163,-0.0707223,0.0147663,0.02294	-0.196844,-0.510167,-0.302452,-0.309043,-0.194942,-0.322255,-0.272253,-0.349863,-0.265734,-0.348353,-0.19211,-0.192048,-0.217576,-0.299921,-0.278947,-0.271737,-0.188499,-0.124349,-0.240983,-0.264944
-0.29319,-0.651471,-0.542367,-0.2792,-0.204427,-0.394761,-0.340508,-0.395992,-0.273827,-0.355278,-0.312462,-0.202221,-0.197282,-0.27925,-0.235435,-0.353051,-0.242676,-0.242356,-0.141094,-0.255584	-0.0710524,-0.158246,-0.274736,0.0652173,0.0371272,-0.0666087,-0.127874,-0.102716,-0.0146238,-0.037994,-0.111376,0.00322406,0.0156282,0.00584885,0.0698763,-0.0577501,-0.0529294,-0.0857592,0.0375154,0.0298254	-0.226863,-0.549917,-0.314493,-0.338258,-0.239734,-0.337013,-0.222314,-0.305711,-0.260246,-0.321626,-0.208337,-0.205311,-0.212256,-0.284634,-0.30037,-0.301448,-0.192216,-0.159921,-0.177669,-0.283251
0.337118,0.515243,0.344167,0.373888,0.327411,0.27896,0.270673,0.270955,0.298857,0.355511,0.261552,0.361034,0.344319,0.383103,0.423946,0.398988,0.231987,0.315552,0.322647,0.342138	0.350679,0.495484,0.374915,0.34954,0.329664,0.301624,0.283393,0.234006,0.316965,0.371682,0.269831,0.347631,0.34318,0.36559,0.389691,0.382937,0.21644,0.319435,0.31382,0.317011	-0.0153799,0.0265332,-0.0353028,0.0280083,-0.00252613,-0.0247455,-0.0137762,0.0394495,-0.0200029,-0.0186329,-0.00890675,0.0153272,0.00129098,0.0203656,0.0410332,0.0189448,0.0163698,-0.00431841,0.0098207,0.0281835
-0.267218,-0.53792,-0.403157,-0.292344,-0.188786,-0.389621,-0.34689,-0.409431,-0.293491,-0.403274,-0.304011,-0.195058,-0.220672,-0.287169,-0.207775,-0.303769,-0.192998,-0.152275,-0.219967,-0.227104	-0.0215232,-0.0382649,-0.343376,0.00566619,-0.0080496,-0.102056,-0.0554464,-0.0967753,-0.0382234,-0.0705067,-0.115535,0.00414734,-0.0129265,-0.0259182,0.0520625,-0.0318841,-0.0233816,-0.0319096,0.0037402,0.0290175	-0.247116,-0.510156,-0.0693872,-0.297517,-0.181012,-0.299473,-0.297159,-0.325556,-0.258163,-0.342506,-0.195337,-0.199044,-0.208339,-0.26321,-0.257057,-0.274544,-0.170385,-0.120953,-0.223523,-0.254444
-0.274668,-0.616103,-0.410329,-0.282507,-0.167841,-0.3968,-0.347129,-0.384634,-0.288968,-0.365999,-0.310195,-0.203009,-0.201653,-0.235488,-0.203172,-0.338956,-0.193842,-0.201417,-0.163723,-0.24347	0.00121168,-0.093124,-0.34237,0.0459439,0.06409,-0.0947028,-0.110771,-0.120256,-0.0346745,-0.0623207,-0.109634,0.00733009,0.00318677,0.0129465,0.0769119,-0.0420927,-0.0169254,-0.0428132,-0.00571999,0.0273284	-0.275787,-0.55481,-0.0790668,-0.324242,-0.229463,-0.313893,-0.24581,-0.277199,-0.256867,-0.310767,-0.207621,-0.210027,-0.204708,-0.247679,-0.275774,-0.30116,-0.177499,-0.159983,-0.158151,-0.269009
-0.288446,-0.552036,-0.486679,-0.31565,-0.16708,-0.388624,-0.34134,-0.419101,-0.255281,-0.391149,-0.312598,-0.224866,-0.190507,-0.312387,-0.229618,-0.304056,-0.183428,-0.166596,-0.250997,-0.249259	-0.0574264,-0.0553831,-0.449026,-0.00694315,0.0154597,-0.117776,-0.0587906,-0.0814109,-0.00620125,-0.0741122,-0.133465,-0.0202784,0.0237237,-0.0450019,0.055633,-0.0224634,0.00344135,-0.0514636,-0.0268292,0.0235916	-0.23491,-0.512316,-0.0481822,-0.309385,-0.182069,-0.28384,-0.288335,-0.349619,-0.249475,-0.326502,-0.186932,-0.205525,-0.213267,-0.271198,-0.281653,-0.283529,-0.186751,-0.116128,-0.225687,-0.271256
-0.29913,-0.629928,-0.490211,-0.301817,-0.112742,-0.402599,-0.336661,-0.390896,-0.249602,-0.341661,-0.322634,-0.228095,-0.181061,-0.256067,-0.212029,-0.330675,-0.194618,-0.227939,-0.195822,-0.26768	-0.0393161,-0.114512,-0.445365,0.0364554,0.127584,-0.120197,-0.106075,-0.0958944,-0.00192781,-0.0483627,-0.132424,-0.00973318,0.0294854,0.00171582,0.0993858,-0.0226086,-0.000577044,-0.0769049,-0.0347907,0.0206306	-0.262906,-0.555485,-0.0573714,-0.334591,-0.236918,-0.296763,-0.239126,-0.30649,-0.247794,-0.298226,-0.198699,-0.218848,-0.209429,-0.25767,-0.304988,-0.310387,-0.194063,-0.153729,-0.162136,-0.286727
0.753912,0.477158,0.716481,0.728016,0.645828,0.667627,0.704502,0.676682,0.657229,0.704721,0.648935,0.67345,0.674781,0.658312,0.656476,0.65792,0.590336,0.636996,0.672319,0.638161	0.794954,0.594499,0.733565,0.766233,0.70696,0.700288,0.625155,0.596325,0.648674,0.653133,0.665003,0.695761,0.670607,0.62258,0.675963,0.709885,0.602963,0.693994,0.583439,0.666112	-0.102431,-0.163809,-0.03601,-0.0864308,-0.112494,-0.0613393,0.141799,0.134719,0.0149127,0.0955826,-0.0282658,-0.0419828,0.00762296,0.0605474,-0.0350345,-0.0975039,-0.0196061,-0.10216,0.146246,-0.0486179
-0.0924051,-0.162735,0.268581,-0.00688297,0.0807241,-0.0456011,-0.0240852,0.025549,-0.07068,-0.0376771,-0.0829732,-0.0881993,0.0123476,0.0322547,-0.0622995,0.039197,-0.109908,-0.0445753,-0.00292624,0.0440729	-0.618213,-0.713919,-0.536077,-0.743566,-0.575007,-0.702075,-0.647744,-0.725584,-0.7091,-0.698138,-0.621168,-0.731079,-0.641127,-0.704157,-0.611402,-0.614493,-0.598773,-0.574709,-0.604742,-0.550465	0.557665,0.623639,0.703385,0.740473,0.626644,0.678187,0.633543,0.737462,0.672105,0.678302,0.567441,0.68719,0.648342,0.720058,0.570846,0.638316,0.523304,0.544071,0.602883,0.580456
-0.102889,-0.186097,0.311045,-0.00369755,0.0206401,-0.062431,-0.0425119,0.012465,-0.0803608,-0.0304171,-0.101195,-0.072738,0.00580857,0.00572861,-0.0868868,0.00775788,-0.0794334,-0.0240357,0.0607157,0.0143686	-0.62829,-0.728505,-0.507374,-0.745897,-0.601263,-0.717781,-0.659633,-0.726576,-0.712793,-0.703377,-0.629817,-0.729164,-0.641135,-0.7108,-0.630851,-0.634877,-0.596998,-0.569297,-0.566885,-0.561971	0.561712,0.627476,0.706864,0.744252,0.61428,0.686095,0.634926,0.732407,0.670859,0.687673,0.564607,0.693191,0.644544,0.713623,0.575509,0.639485,0.54333,0.552826,0.606718,0.571723
-0.077912,-0.148946,0.402626,0.0163607,0.0203872,-0.0732191,-0.0186038,0.0294275,-0.0751811,-0.0134668,-0.0849357,-0.0554206,-0.00536056,0.0376169,-0.0810716,0.00615174,-0.0680438,0.0384467,0.0111262,-0.0277582	-0.616385,-0.701052,-0.29378,-0.737468,-0.591607,-0.717411,-0.655696,-0.706445,-0.712805,-0.687188,-0.608944,-0.71852,-0.654625,-0.683522,-0.60786,-0.628642,-0.579596,-0.52771,-0.594194,-0.568312	0.565637,0.616478,0.622746,0.744842,0.604701,0.679906,0.64496,0.720886,0.673728,0.680014,0.552588,0.6906,0.651551,0.703062,0.554095,0.632349,0.532555,0.554898,0.601344,0.549218
-0.062415,-0.16276,0.550181,-0.0166669,0.0750006,-0.0530701,-0.0135311,0.00496577,-0.0929588,-0.00472515,-0.131734,-0.0549275,0.00461754,0.0442974,-0.0643276,0.00213173,-0.0606497,0.0290557,-0.0102874,-0.0334509	-0.613745,-0.711006,-0.245795,-0.752543,-0.5654,-0.707241,-0.64801,-0.728621,-0.715598,-0.68118,-0.629842,-0.7237,-0.641287,-0.68039,-0.616298,-0.629066,-0.580227,-0.539641,-0.614635,-0.584464	0.57329,0.619994,0.701158,0.745223,0.614349,0.679681,0.640091,0.730942,0.667009,0.678639,0.543176,0.696458,0.643998,0.703484,0.574757,0.630352,0.538528,0.559917,0.608194,0.562001
0.0307568,-0.0642274,-0.620326,0.180021,0.0477258,-0.00348018,-0.102849,0.0394419,-0.00295702,0.0808048,0.125993,0.00779417,-0.0366411,-0.0435034,-0.0285413,0.0329974,-0.00943651,0.0971204,0.0515406,-0.00463134	-0.410682,-0.328331,-0.540086,-0.515823,-0.449364,-0.546443,-0.501641,-0.524855,-0.499474,-0.437062,-0.381417,-0.599093,-0.568072,-0.581902,-0.408327,-0.493643,-0.345575,-0.3453,-0.451396,-0.454878	0.435932,0.269793,-0.120666,0.636718,0.486653,0.543997,0.420487,0.552853,0.497251,0.500201,0.484144,0.604066,0.542728,0.552381,0.384264,0.5182,0.337238,0.428065,0.491502,0.451197
0.0340185,-0.106455,-0.656249,0.221777,0.0931993,-0.0685304,-0.165479,0.0144069,-0.0216111,0.106408,0.207341,0.0440435,-0.101583,-0.0555701,-0.0780354,0.0558315,-0.00912791,0.0899756,0.0352663,0.00473825	-0.401329,-0.343996,-0.542739,-0.497444,-0.365248,-0.593676,-0.549009,-0.552942,-0.512482,-0.441401,-0.324441,-0.57111,-0.606478,-0.613263,-0.408893,-0.457008,-0.356293,-0.353048,-0.488973,-0.436842	0.429484,0.246571,-0.176305,0.647759,0.443355,0.547417,0.421855,0.562865,0.496368,0.523234,0.498264,0.60006,0.538043,0.577369,0.341763,0.50008,0.348298,0.429384,0.515353,0.440668
0.60544,0.717321,0.552222,0.764549,0.613454,0.538921,0.567705,0.591201,0.631702,0.724939,0.617627,0.645869,0.58153,0.668173,0.557339,0.723868,0.496061,0.596621,0.657615,0.67192	0.586697,0.686861,0.563082,0.755183,0.592737,0.50554,0.561948,0.606004,0.625495,0.710987,0.619922,0.649142,0.594948,0.666331,0.545688,0.706973,0.479984,0.586481,0.671729,0.665729	0.0290691,0.0600441,-0.0157604,0.0221609,0.0325551,0.0458814,0.0084547,-0.0230674,0.0102611,0.0287925,-0.00371908,-0.00563607,-0.0205174,0.00332028,0.0167431,0.0346037,0.0211011,0.0155981,-0.0252819,0.0112024
0.416169,0.489118,0.0687861,0.420661,0.33083,0.386625,0.336285,0.252452,0.352415,0.391188,0.336851,0.362149,0.366406,0.317173,0.34972,0.442465,0.281194,0.330552,0.260732,0.311836	0.396018,0.504501,0.347291,0.400257,0.344511,0.366809,0.301826,0.300214,0.334003,0.407753,0.379535,0.375847,0.344084,0.37406,0.384263,0.446018,0.276937,0.351119,0.268892,0.329411	0.0241279,-0.0204216,-0.285321,0.0245357,-0.0154406,0.02309,0.0383515,-0.0516784,0.0208681,-0.0197082,-0.0489412,-0.0158562,0.0255427,-0.0645447,-0.0399063,-0.00442706,0.00461666,-0.0232674,-0.00877548,-0.0195869
0.489364,0.524299,0.136305,0.497587,0.442152,0.457055,0.342192,0.345603,0.408895,0.451244,0.392896,0.519845,0.451121,0.408985,0.484663,0.522503,0.347415,0.433791,0.29875,0.442162	0.462637,0.523017,0.379545,0.451069,0.453557,0.451505,0.323832,0.359599,0.410632,0.467945,0.431398,0.502466,0.451763,0.455207,0.477664,0.515384,0.343845,0.439202,0.274324,0.423315	0.0345488,0.00176666,-0.256511,0.0599806,-0.0142654,0.00699324,0.0206475,-0.0159816,-0.00208754,-0.0211716,-0.0463596,0.023524,-0.000806835,-0.056796,0.00910667,0.0097423,0.00405343,-0.00668348,0.0266074,0.0231864
-0.248338,-0.496467,-0.736346,-0.343188,-0.279644,-0.365309,-0.375737,-0.412235,-0.278541,-0.404851,-0.325026,-0.299545,-0.201463,-0.389417,-0.32023,-0.284806,-0.370227,-0.244546,-0.31331,-0.175849	-0.0152913,0.0204114,-0.115261,-0.018441,-0.0767677,-0.105953,-0.0636248,-0.0328769,0.0746506,-0.0342139,-0.109633,-0.0426072,-0.0302756,-0.0807108,0.000441207,-0.024294,-0.0714272,0.0030315,-0.144545,0.0603567	-0.233935,-0.511694,-0.678686,-0.326815,-0.207328,-0.269799,-0.319756,-0.38457,-0.345997,-0.375843,-0.223352,-0.260259,-0.172238,-0.318723,-0.320626,-0.262327,-0.306916,-0.247395,-0.17677,-0.233725
-0.248149,-0.53929,-0.755392,-0.305384,-0.3031,-0.336636,-0.411195,-0.406911,-0.299909,-0.372363,-0.29486,-0.303692,-0.184706,-0.310387,-0.340023,-0.328317,-0.381266,-0.265414,-0.249329,-0.180088	-0.00393844,-0.032413,-0.0932291,0.03511,-0.0145118,-0.100446,-0.138435,-0.0471888,0.0508784,-0.0220378,-0.0586216,-0.0374022,-0.0325849,-0.0311239,0.0259386,-0.029161,-0.108671,-0.0217695,-0.130242,0.0670732	-0.24445,-0.515895,-0.712328,-0.336882,-0.289863,-0.244455,-0.289224,-0.366765,-0.345515,-0.353224,-0.240394,-0.269349,-0.153042,-0.281987,-0.362762,-0.302048,-0.284377,-0.245061,-0.123084,-0.244212
0.4395,0.528769,0.0889909,0.404312,0.339604,0.357278,0.340681,0.285432,0.364427,0.414901,0.335215,0.363834,0.360489,0.315535,0.328923,0.418811,0.275826,0.350438,0.270467,0.310183	0.437861,0.574711,0.35852,0.393626,0.373498,0.370306,0.311811,0.319063,0.351974,0.446093,0.375582,0.374291,0.325554,0.374071,0.374769,0.439869,0.286805,0.381267,0.264986,0.33363	0.00202953,-0.0659987,-0.278411,0.0127092,-0.0388182,-0.0150147,0.0323011,-0.0370003,0.0142855,-0.0382766,-0.0461815,-0.0121059,0.0395802,-0.0663707,-0.0522921,-0.0258141,-0.0119221,-0.0355839,0.00590448,-0.0261534
0.498733,0.570396,0.213483,0.474334,0.387858,0.372721,0.349766,0.368177,0.435237,0.488817,0.426079,0.515853,0.482751,0.413103,0.455255,0.495832,0.357201,0.42845,0.321601,0.444955	0.49078,0.600195,0.448053,0.438128,0.419794,0.400211,0.336877,0.367629,0.443266,0.519975,0.462454,0.495134,0.470361,0.461153,0.459959,0.506139,0.369199,0.444203,0.28373,0.432376	0.0105311,-0.0453117,-0.259381,0.0457048,-0.0381464,-0.0323091,0.014611,0.000632903,-0.00994843,-0.0417768,-0.0453017,0.0278265,0.0160307,-0.0593584,-0.00595098,-0.0137609,-0.0138208,-0.0194562,0.0416742,0.0155753
-0.251842,-0.536078,-0.74921,-0.358429,-0.278815,-0.36461,-0.391552,-0.411725,-0.294973,-0.412764,-0.326329,-0.287107,-0.197589,-0.38249,-0.357146,-0.284219,-0.362932,-0.256257,-0.291427,-0.177508	-0.00646215,-0.0259318,-0.166009,-0.0291339,-0.0625403,-0.0770583,-0.0746722,-0.0390245,0.055662,-0.0319552,-0.113095,-0.0256662,-0.0361372,-0.0730265,-0.0350601,-0.00837966,-0.0431878,-0.00441421,-0.129743,0.0582679	-0.24578,-0.517338,-0.66604,-0.33277,-0.220113,-0.295864,-0.326424,-0.378787,-0.344971,-0.385899,-0.221405,-0.263381,-0.162613,-0.318356,-0.326171,-0.276498,-0.324836,-0.252128,-0.168037,-0.233363
-0.243313,-0.581214,-0.766268,-0.32448,-0.308097,-0.323864,-0.405046,-0.405165,-0.327451,-0.372223,-0.294244,-0.284085,-0.184093,-0.309587,-0.367316,-0.319922,-0.377316,-0.269146,-0.213684,-0.181175	0.0159312,-0.0878749,-0.149923,0.0209524,-0.0089595,-0.0553537,-0.119444,-0.0518217,0.0189456,-0.00700902,-0.0599393,-0.00985827,-0.041843,-0.0310198,-0.00050677,-0.00240917,-0.0848259,-0.0195029,-0.101471,0.0641193	-0.258244,-0.519892,-0.696342,-0.3431,-0.299966,-0.273412,-0.300122,-0.360921,-0.344261,-0.366169,-0.238511,-0.274997,-0.143354,-0.281268,-0.366877,-0.317758,-0.302161,-0.25096,-0.1147,-0.242478
0.362283,0.521747,0.519944,0.365648,0.294029,0.302692,0.278115,0.304259,0.321632,0.367917,0.286083,0.357674,0.31517,0.354848,0.38401,0.410196,0.212674,0.359586,0.261022,0.365353	0.356126,0.505018,0.469785,0.340626,0.291451,0.316785,0.293533,0.270564,0.341628,0.368389,0.281634,0.326372,0.337479,0.344087,0.342738,0.399592,0.213409,0.344194,0.229087,0.329814	0.0070694,0.0227131,0.0663704,0.0285818,0.00281912,-0.0155876,-0.0167892,0.0367171,-0.0224636,-0.000546773,0.00483934,0.0354386,-0.0249645,0.0122575,0.0475273,0.0126833,-0.000770768,0.017566,0.033966,0.0404084
-0.24541,-0.50557,-0.685415,-0.354869,-0.260474,-0.351861,-0.383557,-0.389496,-0.341409,-0.419332,-0.288668,-0.278349,-0.219353,-0.345245,-0.323759,-0.26069,-0.351173,-0.220206,-0.284653,-0.163163	0.000607518,-0.0118654,-0.175615,-0.0199853,-0.0690202,-0.0704088,-0.0470396,-0.0353146,0.00239965,-0.0666122,-0.102109,-0.0268837,-0.0318061,-0.0642642,-0.0302431,0.0022477,-0.0400729,0.0156353,-0.117613,0.0553769	-0.24598,-0.496684,-0.579561,-0.337276,-0.194959,-0.288602,-0.3427,-0.359121,-0.343527,-0.362855,-0.192225,-0.253361,-0.188864,-0.287356,-0.296418,-0.262784,-0.315541,-0.235032,-0.172826,-0.216583
-0.237458,-0.542778,-0.717785,-0.323205,-0.273673,-0.322693,-0.40643,-0.390938,-0.34156,-0.388048,-0.292687,-0.283276,-0.186754,-0.268421,-0.341187,-0.308406,-0.326763,-0.22894,-0.23717,-0.173315	0.0224812,-0.0567766,-0.177371,0.0241349,0.00567401,-0.0623323,-0.105942,-0.0633348,0.00681194,-0.0588939,-0.0950928,-0.0231282,-0.0154343,-0.0230746,-0.00493287,-0.00699606,-0.0318245,0.00510125,-0.12324,0.0536233	-0.258559,-0.501454,-0.619254,-0.344651,-0.278914,-0.265706,-0.314009,-0.33592,-0.347563,-0.336853,-0.203251,-0.261863,-0.171815,-0.246875,-0.336821,-0.302062,-0.298038,-0.233768,-0.11736,-0.224848
-0.263889,-0.525606,-0.71467,-0.377662,-0.238122,-0.349974,-0.380576,-0.404297,-0.30893,-0.406578,-0.294624,-0.303643,-0.189594,-0.36733,-0.34325,-0.261904,-0.345356,-0.231935,-0.310442,-0.184648	-0.013863,-0.0331802,-0.226014,-0.0337164,-0.0394919,-0.077288,-0.0537425,-0.0229679,0.0347456,-0.0528689,-0.106965,-0.0338385,-0.017533,-0.0900275,-0.0200567,0.00550849,-0.0294398,0.0144296,-0.12406,0.0617038	-0.250944,-0.501166,-0.582792,-0.348381,-0.200515,-0.280267,-0.333658,-0.384903,-0.340026,-0.361479,-0.193765,-0.272606,-0.172635,-0.286787,-0.325434,-0.267027,-0.319161,-0.245543,-0.193847,-0.243577
-0.258237,-0.56488,-0.739106,-0.342726,-0.2179,-0.326792,-0.397387,-0.401564,-0.309086,-0.362491,-0.302102,-0.301907,-0.16538,-0.286911,-0.347303,-0.301411,-0.331676,-0.252882,-0.263819,-0.195912	0.00472225,-0.0818917,-0.220144,0.0141153,0.0814698,-0.0784236,-0.103696,-0.0406205,0.0402354,-0.0278033,-0.104343,-0.022339,-0.0113339,-0.0409524,0.0266247,0.00597854,-0.0335235,-0.010776,-0.128896,0.0588083	-0.262639,-0.506415,-0.619811,-0.355123,-0.294148,-0.254901,-0.306313,-0.366929,-0.345031,-0.338095,-0.204196,-0.281467,-0.154336,-0.248882,-0.370501,-0.306837,-0.301505,-0.242767,-0.139673,-0.251819
0.760366,0.565235,0.403641,0.746001,0.576318,0.750008,0.660978,0.649694,0.631076,0.679792,0.659713,0.642962,0.702063,0.644769,0.572582,0.663207,0.537883,0.662332,0.623432,0.669052	0.779384,0.593085,0.542175,0.744121,0.695257,0.707721,0.624515,0.618498,0.629956,0.636601,0.675148,0.66276,0.675434,0.565778,0.640129,0.731911,0.508431,0.662605,0.542758,0.684535	-0.0466839,-0.0418949,-0.177346,0.00422597,-0.198459,0.0901262,0.0620968,0.0521533,0.00185982,0.0761425,-0.0278306,-0.0344998,0.0506454,0.124356,-0.106629,-0.133513,0.0405389,-0.00048494,0.121933,-0.0285656
0.635168,0.747961,0.453036,0.766465,0.624692,0.555017,0.578117,0.586627,0.650644,0.725245,0.642256,0.658003,0.58018,0.668444,0.586746,0.733555,0.520197,0.596293,0.624485,0.681383	0.609999,0.706744,0.494342,0.758422,0.567176,0.513771,0.561789,0.594935,0.639343,0.715443,0.63365,0.668972,0.589628,0.653647,0.561118,0.697927,0.52554,0.600039,0.678605,0.655436	0.0410902,0.0874382,-0.0532262,0.0192097,0.089077,0.0576987,0.0241813,-0.0127613,0.0193496,0.0203734,0.0145122,-0.0195943,-0.0143605,0.0262796,0.0382065,0.0730053,-0.00735373,-0.00583375,-0.0939223,0.0468862
0.444224,0.526386,-0.146528,0.416763,0.332432,0.409508,0.339035,0.236537,0.376698,0.390934,0.36537,0.37705,0.367744,0.304034,0.383665,0.447009,0.309775,0.304522,0.254458,0.336179	0.433333,0.546856,0.245391,0.406464,0.310607,0.376272,0.30833,0.285449,0.355726,0.420202,0.40579,0.406502,0.335257,0.364013,0.406352,0.430627,0.331501,0.381018,0.271087,0.306761	0.0134879,-0.0287443,-0.378315,0.0123992,0.0243384,0.03929,0.0342893,-0.0524537,0.0242166,-0.0350216,-0.0474561,-0.0347824,0.0370558,-0.0674439,-0.0268775,0.0202871,-0.024213,-0.0865374,-0.0178612,0.0328004
0.506585,0.566628,-0.155501,0.505004,0.420729,0.469766,0.341496,0.339493,0.439851,0.445233,0.443741,0.528756,0.448296,0.394721,0.508498,0.530135,0.370135,0.411131,0.301982,0.470229	0.500003,0.563844,0.307606,0.453869,0.430323,0.460676,0.32951,0.343453,0.429893,0.478713,0.449913,0.526936,0.44441,0.448017,0.500556,0.500696,0.398596,0.466651,0.273322,0.399685	0.00881504,0.00409107,-0.441966,0.0663402,-0.0117145,0.0116004,0.0135054,-0.00448289,0.01228,-0.0425488,-0.00771111,0.00252347,0.00485211,-0.0647459,0.0106535,0.0400764,-0.0333873,-0.0687001,0.0312383,0.0868719
-0.263937,-0.453569,-0.540582,-0.406605,-0.318421,-0.358616,-0.322074,-0.425129,-0.273498,-0.436136,-0.375009,-0.302187,-0.183015,-0.375099,-0.298926,-0.300675,-0.363054,-0.295944,-0.34021,-0.178957	0.0500994,0.143171,-0.268951,-0.0161833,-0.13083,-0.0810418,-0.0453187,-0.0473808,0.116572,-0.010744,-0.0555707,0.00291737,-0.0361874,-0.0959139,0.0426459,-0.0490972,0.00895636,0.0373667,-0.145996,0.0313946	-0.309938,-0.560352,-0.317842,-0.393008,-0.195746,-0.285882,-0.280854,-0.385513,-0.378017,-0.427394,-0.326237,-0.304835,-0.147807,-0.289604,-0.337272,-0.255347,-0.370804,-0.329665,-0.204365,-0.209177
-0.264156,-0.476422,-0.5524,-0.385292,-0.365337,-0.300669,-0.326404,-0.416425,-0.283086,-0.415835,-0.389442,-0.320088,-0.132133,-0.291652,-0.297285,-0.35194,-0.375187,-0.311885,-0.276082,-0.188515	0.0614275,0.0917281,-0.259983,0.0421275,-0.0713516,-0.0734015,-0.113199,-0.0623249,0.0910863,0.00131973,-0.00094379,0.00812182,-0.0369683,-0.04686,0.0685139,-0.0550987,-0.0319917,0.0109845,-0.134562,0.0383107	-0.320385,-0.544361,-0.341455,-0.420593,-0.301854,-0.232396,-0.221386,-0.363536,-0.364767,-0.416926,-0.388641,-0.327359,-0.0956323,-0.248184,-0.358497,-0.302711,-0.347364,-0.321767,-0.146981,-0.225199
0.464055,0.558285,-0.127859,0.400819,0.333805,0.378895,0.341612,0.269281,0.386368,0.416044,0.361214,0.380453,0.360925,0.299882,0.360154,0.417694,0.308068,0.327159,0.26976,0.330307	0.478162,0.620551,0.227223,0.398871,0.36775,0.386207,0.326823,0.311008,0.37644,0.455768,0.41028,0.398735,0.319908,0.374258,0.407975,0.43788,0.324633,0.400463,0.233923,0.32623	-0.0181296,-0.0952724,-0.345057,0.00231846,-0.0386947,-0.00856554,0.016647,-0.0455403,0.0116177,-0.0490196,-0.0576026,-0.0215511,0.0463712,-0.0837793,-0.0560581,-0.0247038,-0.0184061,-0.0843555,0.0382508,0.00456989
0.512856,0.602777,-0.0691113,0.481966,0.356085,0.384608,0.34738,0.362344,0.463977,0.48395,0.471721,0.526634,0.479266,0.395902,0.472774,0.496635,0.383537,0.409495,0.331818,0.468405	0.531494,0.642582,0.369106,0.43989,0.422258,0.416169,0.351082,0.358178,0.465439,0.527785,0.486731,0.513645,0.466294,0.463956,0.490565,0.503683,0.406682,0.461649,0.251062,0.423844	-0.0256223,-0.0649698,-0.427317,0.053397,-0.0778831,-0.0375746,-0.00421621,0.00478821,-0.00186446,-0.0588727,-0.0194835,0.0178046,0.0167046,-0.0833665,-0.0231633,-0.00939847,-0.0274213,-0.0643122,0.0880956,0.0555998
-0.266687,-0.491222,-0.560248,-0.423301,-0.308859,-0.354547,-0.336519,-0.425049,-0.28886,-0.445136,-0.373109,-0.288631,-0.178077,-0.365286,-0.33117,-0.296377,-0.359125,-0.309003,-0.325128,-0.178183	0.0667877,0.118257,-0.329976,-0.0295262,-0.0780633,-0.0426604,-0.0442841,-0.0463953,0.103081,-0.0134833,-0.0463692,0.0119016,-0.0382799,-0.0743919,0.0244249,-0.0132452,0.0145119,0.0135026,-0.16983,0.0493394	-0.327639,-0.576018,-0.282497,-0.398759,-0.236498,-0.316676,-0.296656,-0.386271,-0.380608,-0.434259,-0.332492,-0.299503,-0.140757,-0.29902,-0.352741,-0.284248,-0.3717,-0.321165,-0.164374,-0.22554
-0.259041,-0.516658,-0.569397,-0.406014,-0.359994,-0.28653,-0.32041,-0.415304,-0.3103,-0.416698,-0.387826,-0.29913,-0.130319,-0.289604,-0.321487,-0.33928,-0.375747,-0.315808,-0.246558,-0.186422	0.090059,0.0589658,-0.321842,0.0251477,-0.0238889,-0.0213907,-0.0856285,-0.0600394,0.0661349,0.0123584,0.01123,0.0283585,-0.0422296,-0.0334663,0.0595402,-0.00749757,-0.0301962,-0.00248098,-0.144128,0.055391	-0.341142,-0.558606,-0.3031,-0.426804,-0.339021,-0.266774,-0.241405,-0.36435,-0.368865,-0.426859,-0.397326,-0.324733,-0.0885766,-0.258644,-0.37387,-0.332628,-0.349516,-0.313573,-0.106204,-0.239342
0.385055,0.562544,0.273436,0.373512,0.259153,0.317108,0.280679,0.301899,0.353879,0.367475,0.34246,0.375454,0.310778,0.341063,0.405395,0.409935,0.243111,0.351046,0.268071,0.380351	0.389354,0.539345,0.34429,0.334419,0.289967,0.341011,0.298766,0.256218,0.365181,0.372553,0.308175,0.34412,0.338641,0.333975,0.375176,0.396992,0.249082,0.328863,0.223318,0.341204	-0.00505753,0.0333034,-0.0782176,0.0446729,-0.0333184,-0.0268013,-0.0197429,0.0495098,-0.0129794,-0.00588245,0.0383305,0.0359825,-0.0311407,0.00799911,0.0356393,0.0154586,-0.00635632,0.0250785,0.0476022,0.0449847
-0.260418,-0.464644,-0.427809,-0.419455,-0.290403,-0.342833,-0.329277,-0.407245,-0.333155,-0.451452,-0.340534,-0.282012,-0.201207,-0.331167,-0.300057,-0.27692,-0.344782,-0.282028,-0.314335,-0.161303	0.0554404,0.102909,-0.402914,-0.0301828,-0.0842117,-0.0304911,-0.0326127,-0.053403,0.0464182,-0.0603523,-0.0476732,0.00147756,-0.0284361,-0.0831906,0.025771,-0.00162417,0.0100524,-0.0124497,-0.127575,0.0754638	-0.311363,-0.541654,-0.0300798,-0.394264,-0.21136,-0.315641,-0.299884,-0.361708,-0.373792,-0.402054,-0.297694,-0.283371,-0.173765,-0.255002,-0.323328,-0.27542,-0.353608,-0.270528,-0.194562,-0.23392
-0.252884,-0.484115,-0.446975,-0.403857,-0.325096,-0.28675,-0.323475,-0.404342,-0.32336,-0.431219,-0.38708,-0.29998,-0.13421,-0.248753,-0.295874,-0.332393,-0.320977,-0.285477,-0.261742,-0.177441	0.077832,0.0597002,-0.404492,0.0175044,-0.00782014,-0.0225438,-0.0862945,-0.0822584,0.0506771,-0.0531843,-0.0416024,0.00510241,-0.0118591,-0.0419808,0.0519572,-0.0112165,0.0171555,-0.0235087,-0.133704,0.0745397	-0.324333,-0.52854,-0.0518585,-0.418404,-0.318085,-0.265925,-0.243991,-0.333164,-0.368007,-0.386908,-0.351132,-0.304616,-0.122546,-0.208954,-0.342565,-0.322378,-0.336281,-0.263738,-0.132681,-0.248691
-0.279071,-0.481735,-0.532734,-0.436694,-0.272903,-0.34457,-0.327944,-0.417915,-0.300197,-0.440945,-0.339441,-0.307508,-0.171457,-0.355106,-0.318689,-0.274403,-0.340582,-0.290451,-0.335313,-0.1823	0.0294469,0.092417,-0.541109,-0.0273126,-0.0880631,-0.0484912,-0.0422616,-0.0260686,0.0895241,-0.0520356,-0.0196753,-0.00557164,-0.0197257,-0.112302,0.0241813,0.00418003,0.0150491,-0.00650542,-0.120205,0.0857771	-0.306003,-0.54968,0.0117674,-0.414323,-0.189392,-0.30111,-0.289697,-0.396162,-0.379522,-0.398043,-0.321916,-0.302455,-0.152246,-0.252889,-0.340249,-0.278264,-0.353818,-0.284483,-0.224142,-0.26395
-0.274211,-0.502717,-0.545462,-0.417063,-0.275686,-0.292388,-0.315539,-0.410121,-0.289345,-0.407228,-0.389233,-0.318877,-0.113253,-0.269483,-0.300326,-0.320784,-0.32729,-0.305848,-0.283755,-0.199212	0.0485104,0.0467187,-0.539139,0.0243557,0.0345719,-0.0485653,-0.087793,-0.0441852,0.0939753,-0.0261742,-0.0166398,0.00601314,-0.0131194,-0.0633506,0.0696062,0.00460411,0.0100387,-0.0329413,-0.125589,0.0837349	-0.318485,-0.536828,-0.00895752,-0.43698,-0.307329,-0.247335,-0.234234,-0.37269,-0.373173,-0.385159,-0.375023,-0.324269,-0.100283,-0.209713,-0.362358,-0.324909,-0.336224,-0.275684,-0.164011,-0.278304
0.750193,0.606063,0.705342,0.70348,0.545997,0.77025,0.719132,0.650416,0.638308,0.641634,0.580273,0.634096,0.734328,0.650362,0.608429,0.645149,0.553534,0.652586,0.608135,0.666401	0.772216,0.593407,0.748844,0.730623,0.711369,0.685734,0.632012,0.600422,0.622941,0.617847,0.673754,0.677587,0.665255,0.566448,0.631368,0.731991,0.523331,0.645041,0.515915,0.689385	-0.0523497,0.0197653,-0.0922013,-0.0558465,-0.270396,0.179129,0.159706,0.0820286,0.0255118,0.0394106,-0.153489,-0.0762545,0.135045,0.132859,-0.0372472,-0.16455,0.0425206,0.0130297,0.134382,-0.0425165
0.0631786,0.125077,0.0326167,-0.0376598,0.0273,-0.0431666,0.00928089,0.052849,0.0239556,0.0686895,-0.00418892,-0.00454715,-0.00776334,-0.00126001,-0.0332825,-0.0543395,-0.00415335,0.0397373,0.0212542,0.00334555	-0.245914,-0.280531,-0.340921,-0.5823,-0.345864,-0.241647,-0.330616,-0.380405,-0.38999,-0.471666,-0.374024,-0.430267,-0.35094,-0.458634,-0.274709,-0.496942,-0.260311,-0.323374,-0.509395,-0.493037	0.304364,0.391858,0.36943,0.556851,0.369674,0.200573,0.338857,0.424716,0.410114,0.523398,0.370416,0.426555,0.344115,0.457639,0.243654,0.454886,0.256435,0.358505,0.524965,0.495565
0.0346347,0.143975,0.127977,-0.0457376,-0.0972736,-0.13777,0.0129343,0.02785,0.0551889,0.106658,0.0630287,-0.0115684,0.0668176,0.0110032,-0.0476239,-0.0622906,0.0222305,-0.0103941,0.0504471,0.0180596	-0.18421,-0.244457,-0.2435,-0.549807,-0.331156,-0.220094,-0.304617,-0.328418,-0.314106,-0.387493,-0.272907,-0.279174,-0.16741,-0.368314,-0.167665,-0.422059,-0.166623,-0.263441,-0.484525,-0.39725	0.217457,0.375226,0.360251,0.517072,0.241667,0.0848981,0.316305,0.353039,0.363002,0.474539,0.330255,0.268473,0.231637,0.377786,0.121008,0.369482,0.188157,0.253741,0.522207,0.412351
-0.0158644,-0.126015,-0.0220543,-0.0423505,-0.0125488,-0.00645702,-0.0211263,0.0153524,-0.040592,-0.0249497,-0.00151685,0.0331219,0.0104098,0.00771681,-0.0638983,-0.00499015,0.0128502,-0.0263923,0.0512168,-0.0126463	-0.608807,-0.736785,-0.59889,-0.769348,-0.633044,-0.550745,-0.595018,-0.600136,-0.633947,-0.732498,-0.655478,-0.651022,-0.593982,-0.683829,-0.584731,-0.718441,-0.499795,-0.599554,-0.6903,-0.659681	0.598726,0.673281,0.584556,0.751483,0.625464,0.54623,0.581198,0.60987,0.609027,0.72072,0.654612,0.669703,0.600678,0.687916,0.541048,0.716018,0.509374,0.582377,0.716196,0.652478
0.00182375,-0.132655,-0.0244491,-0.049539,-0.0254915,0.0156651,0.0219688,0.0180671,-0.0599006,-0.00318186,0.00172401,0.049683,0.00476198,-0.00355248,-0.0508225,0.0129834,0.00958596,-0.0125723,0.0790687,-0.0130951	-0.598072,-0.74329,-0.596062,-0.759341,-0.621106,-0.535034,-0.59994,-0.61127,-0.646682,-0.726336,-0.640918,-0.642509,-0.600846,-0.671575,-0.568945,-0.713316,-0.513655,-0.603901,-0.677794,-0.654656	0.599243,0.677431,0.580066,0.737546,0.605197,0.546122,0.613819,0.622463,0.610427,0.72483,0.641933,0.670779,0.603881,0.66962,0.53355,0.719635,0.520678,0.595853,0.718364,0.647108
-0.17982,-0.00196835,0.37599,-0.179608,-0.208098,-0.214549,-0.0764919,-0.0681908,-0.10624,-0.146096,-0.160482,-0.255727,-0.18157,-0.092217,-0.150772,-0.183651,-0.157032,-0.109659,-0.0456305,-0.104498	-0.0850315,0.0269916,0.421743,-0.101073,-0.0666633,-0.1051,-0.0459673,0.0222095,-0.0149608,-0.0451248,-0.0921043,-0.0587174,-0.0344816,0.0336231,-0.00888558,-0.0693165,-0.0816088,0.0160928,-0.0322237,0.0413996	-0.0962606,-0.0289584,-0.0543748,-0.0799867,-0.143424,-0.111974,-0.0306323,-0.0902636,-0.0914241,-0.101642,-0.0694031,-0.200013,-0.148015,-0.125451,-0.142077,-0.115808,-0.0764025,-0.12553,-0.0134266,-0.145269
-0.0055217,-0.0104656,0.260622,-0.0253537,0.0224741,0.0158736,-0.0216304,0.0485992,-0.0936832,-0.0123295,0.0552019,0.0329305,-0.0264946,0.0807057,0.0082436,0.0346271,0.0240515,0.0368365,0.0367552,0.0155464	-0.411883,-0.499595,-0.135771,-0.420857,-0.373037,-0.401787,-0.359349,-0.267983,-0.36716,-0.431044,-0.390735,-0.374169,-0.381229,-0.345868,-0.374465,-0.428986,-0.293388,-0.319885,-0.329801,-0.278662	0.407287,0.491701,0.382846,0.399769,0.392223,0.415014,0.340364,0.312512,0.283219,0.420952,0.436521,0.402145,0.358354,0.41499,0.381531,0.456827,0.315215,0.352567,0.362166,0.292939
0.00738526,-0.00264104,0.254473,-0.0347067,0.036985,0.0203731,-0.00476112,0.0360869,-0.0645936,-0.0187137,0.00775337,0.0310767,-0.00375878,0.0714915,0.00930422,0.0284995,0.0654366,0.0522563,0.0164107,0.00677434	-0.398332,-0.506463,-0.132007,-0.403789,-0.329064,-0.395665,-0.385446,-0.287449,-0.359587,-0.429874,-0.397877,-0.370376,-0.370713,-0.323662,-0.362573,-0.433588,-0.28031,-0.324368,-0.339745,-0.279745	0.404527,0.504497,0.373919,0.374328,0.361647,0.412711,0.381385,0.320214,0.302008,0.414494,0.404383,0.396885,0.367466,0.386217,0.370627,0.456447,0.339519,0.370346,0.354181,0.285977
-0.0332291,-0.0558557,0.200842,-0.0759139,0.0594917,0.0280357,-0.0105222,0.0257201,-0.0430627,0.00133764,0.0463788,-0.012815,0.0178434,0.0443727,-0.034537,0.0276872,0.0373252,0.0200076,-0.00629699,-0.0203266	-0.498615,-0.546727,-0.2251,-0.508179,-0.452991,-0.476227,-0.372594,-0.351852,-0.406949,-0.478174,-0.445811,-0.532732,-0.453417,-0.450953,-0.507263,-0.504727,-0.349906,-0.421891,-0.372891,-0.412324	0.473227,0.506334,0.407519,0.44961,0.499034,0.497619,0.363497,0.374186,0.370377,0.479205,0.48222,0.523491,0.467479,0.485609,0.481156,0.525077,0.382239,0.4382,0.367456,0.395311
-0.0238629,-0.049462,0.198628,-0.0825572,0.12778,0.0216123,0.0160395,0.0235152,-0.0100618,0.0146613,-0.00898794,-0.00485199,0.0302355,0.043619,-0.0091594,0.0325263,0.0704992,0.0196323,-0.0271892,-0.0315245	-0.489607,-0.554936,-0.218601,-0.494527,-0.381556,-0.476665,-0.392561,-0.363412,-0.398087,-0.468618,-0.45937,-0.523593,-0.451485,-0.425924,-0.484243,-0.502657,-0.344326,-0.436362,-0.381545,-0.414469	0.47125,0.51974,0.399866,0.429505,0.485658,0.493196,0.406044,0.383649,0.389585,0.479982,0.452249,0.520063,0.475233,0.460979,0.4772,0.526574,0.404994,0.452121,0.358071,0.388014
0.826955,0.801307,0.841817,0.80383,0.717851,0.818474,0.805515,0.807166,0.752027,0.790589,0.750774,0.754123,0.759047,0.727162,0.734139,0.800024,0.707669,0.75156,0.701805,0.735511	0.837808,0.766027,0.856416,0.849519,0.778861,0.820391,0.740027,0.795278,0.729192,0.799687,0.798995,0.758667,0.756216,0.769259,0.757811,0.796504,0.673598,0.728272,0.710368,0.742169	-0.0353339,0.0913567,-0.0523168,-0.144071,-0.138377,-0.00583286,0.16214,0.0331996,0.0505632,-0.0247366,-0.120511,-0.010622,0.00664647,-0.0955392,-0.053358,0.00970191,0.0651059,0.0514474,-0.0170774,-0.0146618
-0.211973,-0.107156,0.288346,-0.153279,-0.139801,-0.096234,-0.087188,-0.0905379,-0.145543,-0.21437,-0.20583,-0.247564,-0.2267,-0.0986613,-0.110261,-0.142813,-0.173066,-0.105525,-0.0753276,-0.11475	-0.139714,-0.0656723,0.424199,-0.0779228,-0.0829442,-0.0601307,-0.0538462,-0.0165288,-0.0339864,-0.0942646,-0.0926409,-0.0547211,-0.0288692,0.0345274,0.0212417,-0.0319073,-0.0786404,-0.0158113,-0.0453481,0.0394094	-0.0744644,-0.0417774,-0.154786,-0.0762672,-0.0575235,-0.0363134,-0.0334991,-0.07412,-0.112111,-0.122582,-0.11539,-0.195491,-0.199134,-0.132736,-0.131196,-0.111413,-0.0957284,-0.0898635,-0.0300823,-0.153465
0.00649981,0.0798808,0.280915,-0.00347161,0.0316544,0.0210915,-0.00606378,0.0396844,-0.0687967,0.00297372,0.0556226,0.0103366,-0.0334701,0.0752086,0.0574026,0.0369764,0.0140463,0.0578171,0.00682885,0.0230343	-0.437807,-0.528582,-0.153403,-0.40388,-0.383295,-0.382307,-0.364497,-0.300935,-0.374282,-0.451692,-0.386364,-0.377834,-0.37531,-0.344501,-0.346056,-0.408709,-0.294107,-0.338876,-0.342642,-0.278606	0.443046,0.583812,0.416375,0.400971,0.409975,0.400172,0.359227,0.3366,0.313559,0.454056,0.432688,0.386661,0.346188,0.40911,0.3956,0.43905,0.306886,0.38907,0.348655,0.299717
0.00614931,0.0944932,0.275267,-0.00861195,0.0556952,0.00735371,-0.021492,0.0249112,-0.0263941,-0.0172634,0.0063953,-0.00270372,-0.00711794,0.0731324,0.0488239,0.0200645,0.0583977,0.0633046,-0.0303867,0.0145535	-0.427124,-0.536137,-0.14936,-0.38555,-0.339929,-0.378591,-0.397413,-0.320006,-0.36451,-0.455214,-0.392021,-0.376502,-0.364623,-0.32118,-0.335975,-0.415868,-0.280839,-0.345454,-0.356702,-0.279103	0.432138,0.600222,0.407858,0.378193,0.388274,0.384873,0.379159,0.342189,0.3414,0.44142,0.39742,0.374179,0.358436,0.385263,0.378589,0.432325,0.333763,0.400011,0.329891,0.292468
-0.0203054,0.037117,0.229617,-0.0507777,0.0658703,0.0313262,0.00547769,0.0151592,-0.0147114,0.0180011,0.0486181,-0.0388343,0.00964152,0.0392098,0.0234757,0.0303758,0.0268788,0.0419553,-0.0373668,-0.011912	-0.50949,-0.581029,-0.29296,-0.485708,-0.405737,-0.40256,-0.380227,-0.373355,-0.425964,-0.513138,-0.471443,-0.533949,-0.482925,-0.45598,-0.465874,-0.483268,-0.365509,-0.417244,-0.397589,-0.416466	0.494298,0.605096,0.48964,0.445928,0.459331,0.428483,0.384903,0.386328,0.413846,0.526277,0.508408,0.505598,0.490283,0.486492,0.484056,0.506212,0.388571,0.451299,0.365654,0.406571
-0.0255627,0.0506805,0.22953,-0.0525554,0.141071,0.00660255,-0.000531238,0.0111523,0.0335643,0.0176903,-0.0104201,-0.0437456,0.0270411,0.0462735,0.0366857,0.0232939,0.0634473,0.0304367,-0.0756821,-0.022679	-0.50298,-0.588938,-0.287516,-0.470262,-0.330985,-0.406251,-0.404912,-0.386242,-0.414484,-0.509099,-0.483158,-0.528217,-0.480966,-0.429802,-0.445746,-0.483971,-0.359477,-0.435605,-0.410824,-0.417569	0.483636,0.62108,0.485037,0.428292,0.450998,0.411749,0.404468,0.39569,0.4419,0.522087,0.47513,0.495931,0.501484,0.466792,0.47467,0.50161,0.413494,0.459943,0.345896,0.398666
0.82271,0.818483,0.8494,0.810418,0.720149,0.810376,0.801093,0.809378,0.763505,0.79108,0.744728,0.74766,0.759203,0.727926,0.740739,0.796109,0.708914,0.750428,0.683905,0.731089	0.844362,0.780191,0.862458,0.852156,0.772379,0.827313,0.761574,0.798617,0.729844,0.810566,0.794417,0.762331,0.752926,0.763826,0.772822,0.801819,0.672079,0.736318,0.707268,0.737272	-0.0709096,0.105947,-0.0488267,-0.1349,-0.117695,-0.0513916,0.101353,0.0304307,0.0760268,-0.0543131,-0.121676,-0.0341169,0.0146511,-0.0808559,-0.0750416,-0.0157886,0.0703551,0.0315337,-0.0452508,-0.0134122
-0.0231166,-0.0432847,-0.111063,-0.0417696,0.029212,0.00874207,0.010791,-0.0247989,0.0538476,0.0131341,-0.0105444,-0.0425516,0.0406138,-0.0402912,-0.0373348,-0.00876899,0.00997084,-0.0188993,-0.0413707,-0.0338683	-0.373926,-0.534654,-0.58602,-0.382508,-0.313409,-0.336636,-0.312042,-0.312509,-0.297647,-0.391224,-0.346668,-0.375633,-0.320493,-0.404433,-0.394809,-0.402394,-0.225297,-0.352016,-0.339707,-0.330536	0.353868,0.503011,0.508022,0.34627,0.339512,0.344365,0.32175,0.289958,0.34595,0.402291,0.337356,0.338492,0.356467,0.370174,0.362822,0.395018,0.234741,0.335348,0.302589,0.300027
-0.0271757,-0.045614,-0.103151,-0.0382088,0.0740678,-0.000928996,0.0198452,-0.0141076,0.0543412,0.0316439,-0.0150697,-0.0341991,0.0294389,-0.0315859,-0.0169615,0.00139978,-0.000128145,-0.0351241,-0.0414959,-0.0351587	-0.36441,-0.547824,-0.578247,-0.360885,-0.233817,-0.339333,-0.338383,-0.320889,-0.295578,-0.377186,-0.346807,-0.366316,-0.320541,-0.375846,-0.369575,-0.399541,-0.227203,-0.370909,-0.34573,-0.331543	0.340608,0.515081,0.505232,0.327188,0.302643,0.338511,0.355838,0.308177,0.344388,0.404008,0.33348,0.336331,0.346708,0.348396,0.354838,0.400716,0.227081,0.340217,0.308662,0.29988
0.81842,0.806683,0.817629,0.810957,0.700694,0.815113,0.803643,0.805524,0.754486,0.800003,0.758304,0.748657,0.754589,0.711261,0.730687,0.792751,0.667117,0.743966,0.703024,0.735978	0.839741,0.776665,0.826367,0.848108,0.775039,0.820928,0.752326,0.781411,0.758233,0.804125,0.766166,0.751964,0.770428,0.748019,0.755378,0.784154,0.673551,0.733552,0.69378,0.734222	-0.0681735,0.0803741,-0.02694,-0.11899,-0.162704,-0.0175757,0.129784,0.0650743,-0.00875547,-0.0115555,-0.0187619,-0.00756711,-0.0378342,-0.0785476,-0.0551083,0.0227214,-0.0116846,0.0229255,0.0180456,0.00382236
0.828806,0.813511,0.8238,0.816234,0.666788,0.818146,0.796224,0.805258,0.74422,0.784629,0.761835,0.751894,0.753242,0.716951,0.728915,0.790008,0.679175,0.753602,0.71365,0.743686	0.846447,0.782521,0.837314,0.855758,0.786657,0.815457,0.752278,0.790987,0.748436,0.803721,0.765588,0.762171,0.75941,0.76008,0.771953,0.790258,0.675028,0.729326,0.704618,0.740612	-0.0591082,0.0852756,-0.0435644,-0.131091,-0.252108,0.00807864,0.109588,0.0393078,-0.00951747,-0.0516868,-0.00900341,-0.0240704,-0.0144132,-0.0947774,-0.098416,-0.000663662,0.00765867,0.0539008,0.0181677,0.00684376
