0.0921075,-0.0372329,0.16981,0.0228681,0.232716,0.181691,0.127289,0.0473815,0.309715,0.284654,0.290113,0.326982,0.224266,0.161483,0.0996473,-0.0550316,0.0489092,-0.105431,-0.111559,-0.112914	-0.25056,-0.429224,-0.245742,-0.301232,-0.327217,0.237882,0.418763,0.372467,0.335316,0.37676,0.334625,0.32104,0.245721,-0.372367,-0.260339,-0.323356,-0.235526,-0.25209,-0.365483,-0.382662	0.334938,0.398357,0.398905,0.321883,0.520312,-0.0587296,-0.307886,-0.330926,-0.0285678,-0.10317,-0.0492981,0.00663928,-0.0227063,0.50357,0.350883,0.273186,0.281196,0.150663,0.264717,0.281929
0.0420175,-0.00850075,0.264313,-0.0164708,0.18761,0.0377875,0.614457,0.525344,0.638305,0.800556,0.69923,0.736114,0.67699,0.550289,0.612094,0.535331,0.327223,0.327019,0.353659,0.157443	-0.513442,-0.601875,-0.554125,-0.637798,-0.70169,-0.234523,0.479293,0.417374,0.384556,0.604254,0.411822,0.693269,0.665482,0.149904,0.264076,0.228299,0.141223,-0.0704203,-0.291557,-0.260519	0.543729,0.596426,0.713881,0.627924,0.785848,0.269919,0.191588,0.138293,0.336299,0.380238,0.403639,0.0874954,0.0209441,0.436382,0.415117,0.349781,0.195012,0.388493,0.584905,0.401494
0.188989,0.0717345,0.218533,0.00118856,0.0342536,-0.67393,-0.880155,-0.779036,-0.776769,-0.910037,-0.786207,-0.743015,-0.792438,-0.5888,-0.682244,-0.702039,-0.38772,-0.63956,-0.763596,-0.619759	0.113209,0.00495356,-0.0539807,0.000849356,-0.0755804,-0.473544,-0.73015,-0.483143,-0.708856,-0.846533,-0.724934,-0.698581,-0.774398,-0.848327,-0.853125,-0.811103,-0.638255,-0.704081,-0.8391,-0.712207	0.0774368,0.0668047,0.269337,0.000339208,0.10955,-0.294311,-0.419764,-0.47448,-0.151124,-0.276556,-0.142478,-0.0923885,-0.0466926,0.518531,0.408844,0.253301,0.332922,0.117375,0.210161,0.165498
0.0729246,0.0677503,0.224576,0.00174765,0.000853819,-0.672791,-0.886284,-0.778735,-0.774682,-0.904561,-0.776479,-0.732448,-0.736605,-0.601763,-0.671505,-0.701744,-0.378824,-0.642025,-0.764061,-0.613424	0.0236838,-0.0293982,-0.0820071,-0.0656396,-0.158173,-0.473364,-0.741337,-0.489317,-0.68965,-0.838856,-0.714202,-0.692834,-0.721593,-0.852984,-0.849083,-0.81337,-0.63067,-0.708675,-0.839118,-0.708472	0.0493261,0.0969553,0.301039,0.0673796,0.159005,-0.292619,-0.422629,-0.467594,-0.182575,-0.272408,-0.139812,-0.0804284,-0.0320455,0.516166,0.413128,0.260065,0.330903,0.122291,0.209153,0.168107
0.175983,0.0785624,0.21904,-0.0184655,-0.00815238,-0.663024,-0.880182,-0.783466,-0.779224,-0.913784,-0.770611,-0.715271,-0.787918,-0.598485,-0.672339,-0.698961,-0.394609,-0.640283,-0.762662,-0.616201	0.0205372,-0.00505345,-0.0501475,-0.0316562,-0.187006,-0.470223,-0.731582,-0.490271,-0.693108,-0.855001,-0.702522,-0.681194,-0.779071,-0.852334,-0.849765,-0.816831,-0.651091,-0.706082,-0.838053,-0.709416	0.15601,0.0835827,0.266263,0.0131984,0.179127,-0.280141,-0.417327,-0.476051,-0.187244,-0.268768,-0.148463,-0.0664564,-0.0229102,0.518175,0.413899,0.274712,0.345164,0.120091,0.208929,0.16561
0.163597,0.0813958,0.224802,-0.00087015,-0.00258114,-0.598745,-0.839612,-0.744129,-0.723508,-0.840258,-0.695493,-0.617177,-0.695306,-0.527375,-0.616446,-0.673224,-0.381332,-0.61854,-0.725519,-0.577497	0.0698609,-0.0828385,-0.08219,-0.0829516,-0.239453,-0.385145,-0.653084,-0.454756,-0.635326,-0.759151,-0.624019,-0.59244,-0.704077,-0.818917,-0.824729,-0.804185,-0.646451,-0.696756,-0.814886,-0.688271	0.09482,0.163134,0.301423,0.0820873,0.237019,-0.27762,-0.412979,-0.437381,-0.163198,-0.22398,-0.12628,-0.038996,0.017182,0.513165,0.423684,0.285565,0.351855,0.137456,0.218615,0.183849
0.0611334,-0.171676,0.0927084,-0.0614975,0.274429,0.693035,-0.0222667,-0.123835,0.168943,0.150903,0.00248652,0.121486,0.0467123,0.00818276,-0.047409,-0.151707,-0.0763639,-0.222991,-0.201821,-0.182661	-0.422073,-0.620875,-0.433208,-0.485985,-0.531408,0.618343,0.296,0.281997,0.231931,0.277531,-0.0161026,0.192018,-0.0303123,-0.515806,-0.448698,-0.427538,-0.384821,-0.34056,-0.380339,-0.430053	0.471052,0.502791,0.50561,0.437565,0.703276,0.130703,-0.316183,-0.392139,-0.0655573,-0.132163,0.0185883,-0.0722168,0.0769157,0.521786,0.41001,0.294963,0.317796,0.127232,0.19336,0.268483
-0.0350034,-0.178789,0.0351882,-0.115986,0.293217,0.739261,0.849935,0.669206,0.777889,0.778504,0.585271,0.571135,0.670023,0.57058,0.640626,0.570386,0.307479,0.505863,0.561737,0.412187	-0.40752,-0.630118,-0.490199,-0.544682,-0.574188,0.643366,0.753469,0.669235,0.661025,0.719945,0.331613,0.617365,0.520425,-0.00292365,0.320661,0.260513,0.0350785,0.329702,0.356785,-0.0444293	0.377908,0.50863,0.516479,0.457606,0.742411,0.182872,0.268261,-5.28812e-05,0.24056,0.133233,0.314744,-0.0714092,0.22969,0.572549,0.402687,0.363954,0.275371,0.211423,0.256324,0.448405
0.0469587,0.0716941,0.312162,0.412198,0.115783,0.107229,0.453483,0.408551,0.498168,0.506846,0.453837,0.413297,0.315851,-0.123919,-0.177639,-0.229269,-0.0874164,-0.118911,-0.103954,-0.0791173	-0.302727,-0.278935,-0.278346,-0.317063,-0.50049,-0.236639,0.0359705,-0.00820479,0.21502,0.235233,0.136257,0.378525,0.284085,0.194689,0.000595185,-0.0851748,0.0931266,-0.207767,-0.252163,-0.0943994	0.344784,0.343755,0.543301,0.644968,0.582517,0.335359,0.424436,0.415364,0.317116,0.30838,0.338513,0.0412211,0.0348971,-0.311102,-0.178215,-0.146964,-0.179085,0.0911067,0.152199,0.0153971
-0.211963,-0.497708,-0.211684,-0.251335,-0.418139,-0.315056,-0.508406,-0.475618,-0.545835,-0.626742,-0.429932,-0.418391,-0.294295,0.236918,0.289841,0.268843,0.192633,0.250947,0.289328,0.135056	0.157028,-0.159336,-0.00384781,0.155948,-0.0600716,0.0609162,-0.114299,-0.0343706,-0.396752,-0.364902,-0.278125,-0.298846,-0.243991,-0.153435,-0.0982703,0.0766026,-0.0553195,0.198537,0.194758,0.159807	-0.357105,-0.367517,-0.208006,-0.391921,-0.367293,-0.368892,-0.418421,-0.448581,-0.190293,-0.339479,-0.172424,-0.136629,-0.054196,0.376661,0.377363,0.196282,0.245338,0.0551576,0.100217,-0.0252974
-0.262826,-0.482347,-0.21838,-0.250531,-0.425984,-0.308847,-0.510277,-0.474686,-0.54189,-0.615085,-0.422798,-0.412769,-0.278104,0.218821,0.285382,0.268226,0.173972,0.250166,0.287544,0.132708	0.070365,-0.167149,-0.0567651,0.0472528,-0.142953,0.066238,-0.109526,-0.0475744,-0.350574,-0.35207,-0.274215,-0.30862,-0.249107,-0.164977,-0.110076,0.0658913,-0.0699389,0.188401,0.193741,0.151444	-0.327141,-0.34284,-0.163643,-0.2943,-0.301384,-0.367566,-0.424474,-0.43698,-0.236185,-0.335715,-0.168068,-0.119354,-0.031155,0.370426,0.383413,0.205975,0.240979,0.0648206,0.0993365,-0.0191205
-0.214592,-0.457109,-0.200149,-0.225742,-0.433316,-0.308819,-0.506605,-0.469522,-0.547117,-0.61165,-0.413974,-0.387484,-0.274164,0.221301,0.289016,0.286093,0.225244,0.262114,0.292225,0.146282	0.0538715,-0.0931866,0.0272392,0.195932,-0.181251,0.0441557,-0.116871,-0.0219524,-0.35083,-0.349624,-0.251356,-0.299519,-0.258072,-0.166927,-0.107311,0.0588007,-0.0513927,0.205217,0.200557,0.171005	-0.265395,-0.380114,-0.226155,-0.403814,-0.27355,-0.348227,-0.414261,-0.452231,-0.242913,-0.333302,-0.181504,-0.099514,-0.0173172,0.374398,0.384405,0.231182,0.273471,0.0601309,0.0973747,-0.0253574
-0.20716,-0.442737,-0.181436,-0.21921,-0.422082,-0.289332,-0.481739,-0.426769,-0.494448,-0.547745,-0.347957,-0.305102,-0.216326,0.181335,0.273981,0.272897,0.23197,0.25438,0.283851,0.167653	0.134654,-0.162064,-0.00317578,0.0988805,-0.219617,0.0497717,-0.108726,-0.0545674,-0.320236,-0.335964,-0.2136,-0.249575,-0.259142,-0.167232,-0.120326,0.0419729,-0.0486496,0.175747,0.18719,0.177112	-0.332538,-0.302369,-0.178363,-0.311342,-0.223151,-0.33429,-0.39363,-0.381076,-0.206985,-0.259542,-0.145144,-0.0601029,0.0453597,0.338308,0.381723,0.233599,0.277488,0.0823129,0.102086,-0.00974899
0.259955,0.534507,0.464767,0.166128,0.132273,0.221115,-0.00268609,-0.0853991,0.154545,0.140902,0.0183737,0.0910308,0.0688325,0.0137623,0.0675394,0.121663,0.143623,0.11581,0.103081,0.0725567	-0.0245617,0.108927,0.155854,-0.13998,-0.329919,0.10041,0.0455199,0.0450191,0.197982,0.184706,-0.042965,0.17555,-0.0369729,-0.0983662,-0.0662831,0.0314216,0.0554602,0.125665,0.166943,0.0750706	0.282711,0.45189,0.333036,0.299151,0.442865,0.123446,-0.0482001,-0.129919,-0.0448082,-0.0449741,0.0612903,-0.0858915,0.105537,0.111977,0.133226,0.0905875,0.0888709,-0.0100013,-0.0649804,-0.00252769
0.180913,0.551108,0.371983,-0.174424,0.0620849,0.258047,0.529415,0.402935,0.551392,0.488637,0.310764,0.276285,0.268354,-0.182405,-0.234789,-0.193021,-0.0632181,-0.184606,-0.227906,-0.155664	0.0189214,0.10452,0.00978569,-0.49459,-0.46446,0.117511,0.140909,0.0835073,0.413005,0.344039,0.0388377,0.32669,0.123601,-0.00884438,-0.042888,-0.0725594,0.0525174,-0.111777,-0.0413134,-0.132548	0.162548,0.473885,0.36352,0.350394,0.511787,0.144931,0.419825,0.33055,0.179195,0.173819,0.275249,-0.0554056,0.149719,-0.173841,-0.193853,-0.122173,-0.115353,-0.0743643,-0.188366,-0.0236034
-0.493669,-0.526499,-0.538025,-0.679749,-0.732254,-0.478688,-0.861731,-0.792199,-0.800412,-0.890682,-0.838146,-0.754149,-0.701236,-0.521694,-0.631768,-0.796265,-0.398441,-0.612466,-0.636519,-0.517154	0.121118,0.0835838,0.0519626,-0.0718763,-0.178873,0.224897,-0.628334,-0.456012,-0.659483,-0.775157,-0.719527,-0.699346,-0.673078,-0.769236,-0.79805,-0.857444,-0.609075,-0.60219,-0.617888,-0.495886	-0.580101,-0.584367,-0.573942,-0.639097,-0.636788,-0.635202,-0.508996,-0.526322,-0.298489,-0.373167,-0.29884,-0.115963,-0.0533273,0.41347,0.335371,0.192843,0.27813,-0.0162802,-0.0307095,-0.0286033
-0.514929,-0.512164,-0.537811,-0.671421,-0.742414,-0.477442,-0.865914,-0.776662,-0.800833,-0.873263,-0.8212,-0.735662,-0.687382,-0.527116,-0.647842,-0.773114,-0.411267,-0.614473,-0.62512,-0.510329	0.0368727,0.0667494,-0.0115777,-0.162426,-0.280018,0.213744,-0.634415,-0.431327,-0.638335,-0.742497,-0.693191,-0.683845,-0.666804,-0.771028,-0.809117,-0.842676,-0.616827,-0.608904,-0.605812,-0.492511	-0.54152,-0.559777,-0.52953,-0.571298,-0.583752,-0.627182,-0.513699,-0.519298,-0.332443,-0.371911,-0.297177,-0.104276,-0.0379903,0.410918,0.338942,0.199596,0.275432,-0.00889817,-0.0310773,-0.0237996
-0.47386,-0.511029,-0.521604,-0.664773,-0.746636,-0.459356,-0.861971,-0.771063,-0.814043,-0.886011,-0.811127,-0.73809,-0.69655,-0.525626,-0.648187,-0.823066,-0.405482,-0.59721,-0.613467,-0.511704	0.0534629,0.13842,0.118846,0.0262881,-0.313905,0.223489,-0.630745,-0.405009,-0.658831,-0.768043,-0.669422,-0.694307,-0.68132,-0.771335,-0.809417,-0.881798,-0.624176,-0.588716,-0.592375,-0.490387	-0.514294,-0.606544,-0.603066,-0.679192,-0.565198,-0.61927,-0.506724,-0.532278,-0.334736,-0.369221,-0.310067,-0.0898045,-0.028985,0.413258,0.339185,0.214177,0.292799,-0.0131003,-0.0331315,-0.0284577
-0.492974,-0.511244,-0.508148,-0.648798,-0.740584,-0.43748,-0.831707,-0.754634,-0.765739,-0.847982,-0.752884,-0.643094,-0.643781,-0.472837,-0.621513,-0.786055,-0.390705,-0.572378,-0.584761,-0.495855	0.0990358,0.0196631,0.101725,-0.0192629,-0.334775,0.24085,-0.565277,-0.420207,-0.594894,-0.719871,-0.589874,-0.60414,-0.650552,-0.734614,-0.795997,-0.858331,-0.61726,-0.573595,-0.563776,-0.482412	-0.564452,-0.525623,-0.579898,-0.637502,-0.539589,-0.613669,-0.502835,-0.489718,-0.313784,-0.328859,-0.293241,-0.0637034,0.0116492,0.401099,0.345323,0.222178,0.298557,0.00181255,-0.0313044,-0.0176696
-0.264563,-0.39245,-0.246626,-0.461419,-0.5707,-0.25568,-0.200406,-0.251041,-0.00386937,0.0432865,-0.100369,0.201895,0.0783032,0.0683315,-0.171201,-0.334526,-0.052037,-0.337661,-0.384135,-0.166423	-0.20575,-0.46969,-0.0259695,-0.169546,-0.421379,-0.0454016,0.222852,0.221084,0.306899,0.343494,0.107879,0.312961,0.0092067,-0.295759,-0.423319,-0.495023,-0.282403,-0.255549,-0.211177,-0.149648	-0.0621988,0.0946946,-0.222079,-0.316644,-0.1966,-0.212748,-0.405163,-0.447299,-0.3104,-0.304739,-0.206018,-0.118557,0.0691463,0.356878,0.271818,0.19235,0.233802,-0.0898668,-0.188227,-0.0172032
-0.286646,-0.383349,-0.179946,-0.370733,-0.494745,-0.245941,0.618089,0.508052,0.639137,0.662574,0.480027,0.675208,0.707666,0.541584,0.421494,0.40158,0.310867,0.100703,-0.204677,0.14213	-0.112534,-0.455006,-0.0340866,-0.276104,-0.413501,-0.060064,0.662826,0.615671,0.771249,0.803443,0.511118,0.762801,0.568082,0.34515,0.456096,0.355989,0.210629,0.398248,0.284335,0.198827	-0.179915,0.0867961,-0.14676,-0.105419,-0.10214,-0.188664,-0.0757847,-0.156604,-0.260541,-0.301222,-0.0411992,-0.180621,0.233423,0.241594,-0.0428379,0.053196,0.107261,-0.309976,-0.462117,-0.0583463
0.401444,0.472951,0.418775,0.550841,0.544048,0.780889,0.899533,0.712605,0.615853,0.915819,0.794258,0.789373,0.813775,0.919199,0.932748,0.933034,0.739118,0.924059,0.979247,0.905936	0.422126,0.433201,0.369221,0.446207,0.472027,0.778642,0.914391,0.69292,0.726305,0.903551,0.786767,0.737955,0.768473,0.925167,0.923991,0.923809,0.736899,0.913284,0.979681,0.899999	-0.0249018,0.0499926,0.0586174,0.138733,0.0969063,0.00573075,-0.08372,0.0388855,-0.199841,0.0711132,0.0199701,0.123164,0.120923,-0.0398977,0.0633896,0.0668212,0.00487266,0.0690352,-0.010677,0.0321509
0.44344,0.385935,0.313224,0.518292,0.499915,0.769846,0.896888,0.697268,0.537702,0.908964,0.743713,0.748999,0.824969,0.904547,0.908452,0.939788,0.736709,0.924013,0.972073,0.886861	0.324121,0.367368,0.328169,0.49758,0.395935,0.730665,0.874681,0.694191,0.679589,0.87885,0.761701,0.645258,0.744416,0.904619,0.903967,0.906662,0.70285,0.919173,0.975276,0.886799	0.139348,0.0216343,-0.0166576,0.027909,0.12964,0.0895567,0.103042,0.00596332,-0.22359,0.149705,-0.0414937,0.200775,0.20875,-0.000396291,0.0250902,0.223933,0.0702167,0.0321248,-0.0616443,0.000292059
0.447056,0.360328,0.314437,0.486317,0.452325,0.720334,0.854883,0.646951,0.432196,0.838272,0.654125,0.624778,0.64175,0.774297,0.79717,0.883933,0.680158,0.884502,0.918296,0.772674	0.418082,0.229682,0.26859,0.355504,0.266004,0.644632,0.751614,0.479828,0.455277,0.518686,0.566555,0.427541,0.437855,0.829417,0.802455,0.853459,0.650448,0.856073,0.91703,0.755691	0.0356341,0.142434,0.0500762,0.158157,0.211805,0.141326,0.2889,0.242357,-0.0287351,0.56544,0.139132,0.269125,0.283578,-0.154057,-0.0146665,0.124082,0.0532832,0.117086,0.00802249,0.0408154
0.011848,-0.465728,-0.189643,-0.217172,-0.194247,-0.548445,0.0632406,0.166241,-0.29588,-0.307126,-0.0137882,-0.142753,-0.095167,-0.00967222,0.0468688,0.307936,0.0958191,0.336756,0.29014,0.141091	-0.477297,-0.756749,-0.513566,-0.603132,-0.649872,-0.740137,-0.388308,-0.260414,-0.449895,-0.581404,-0.273688,-0.215434,-0.250136,0.304569,0.356422,0.432648,0.289746,0.401655,0.450071,0.11844	0.486394,0.449411,0.358876,0.444134,0.52145,0.322672,0.440725,0.408951,0.177664,0.3339,0.260884,0.0749872,0.158748,-0.313318,-0.314812,-0.14388,-0.199464,-0.0750512,-0.183951,0.0230363
-0.125706,-0.476335,-0.277984,-0.481722,-0.348176,-0.600626,-0.815683,-0.469633,-0.785107,-0.901121,-0.483469,-0.63753,-0.756604,-0.827047,-0.864253,-0.780497,-0.586988,-0.710635,-0.775653,-0.719241	-0.484028,-0.763733,-0.592397,-0.756405,-0.749927,-0.775044,-0.9247,-0.767846,-0.851691,-0.945439,-0.681487,-0.674463,-0.802108,-0.667269,-0.737254,-0.696963,-0.400003,-0.671363,-0.701303,-0.720752	0.381537,0.451737,0.376397,0.432147,0.543719,0.326327,0.443632,0.4664,0.20096,0.299353,0.29532,0.0647947,0.11575,-0.356538,-0.350027,-0.183179,-0.24436,-0.0751037,-0.163038,0.00313671
0.322457,0.354539,0.278038,0.435412,0.454747,0.753664,0.913279,0.679793,0.675536,0.926808,0.736457,0.726093,0.747188,0.904706,0.893686,0.935105,0.723418,0.911544,0.969129,0.867285	0.201251,0.380846,0.344932,0.520935,0.423518,0.717512,0.875793,0.696524,0.705533,0.910173,0.761534,0.67216,0.716514,0.898629,0.898293,0.911453,0.692518,0.917646,0.971885,0.873204	0.129618,-0.0304135,-0.0739906,-0.110611,0.0386774,0.0787222,0.187285,-0.031778,-0.057313,0.106337,-0.057102,0.105347,0.0660185,0.0324917,-0.0233608,0.160138,0.0619225,-0.037318,-0.0474267,-0.0243911
0.341252,0.328989,0.268241,0.390866,0.397837,0.701661,0.870953,0.621306,0.554641,0.849275,0.645981,0.60671,0.675608,0.792324,0.802461,0.890861,0.671764,0.875234,0.917795,0.764404	0.295105,0.241369,0.274499,0.37162,0.287259,0.62947,0.752209,0.474324,0.463946,0.546539,0.568177,0.454544,0.527532,0.841123,0.817219,0.870769,0.645132,0.858441,0.916082,0.753658	0.0513156,0.0951775,-0.00675519,0.0225165,0.124845,0.129298,0.344324,0.208396,0.122119,0.564977,0.122918,0.21011,0.230076,-0.146299,-0.0428747,0.0895901,0.0470016,0.0675334,0.0107615,0.02535
-0.0834672,-0.444329,-0.234731,-0.290455,-0.223053,-0.531737,0.0675908,0.16413,-0.240785,-0.288754,-0.0226371,-0.157769,-0.0861465,-0.00725316,0.034912,0.308262,0.0759687,0.320864,0.290612,0.134771	-0.514637,-0.736152,-0.522199,-0.603684,-0.634498,-0.729122,-0.391399,-0.250372,-0.446105,-0.566097,-0.275301,-0.20914,-0.219846,0.302415,0.347146,0.443027,0.266648,0.395489,0.449523,0.118231	0.450523,0.433675,0.327628,0.379829,0.479276,0.322368,0.44716,0.398141,0.23003,0.331536,0.254249,0.053124,0.13628,-0.30899,-0.316064,-0.156081,-0.194622,-0.0854709,-0.18279,0.016808
-0.0906956,-0.46527,-0.336798,-0.51719,-0.374577,-0.59052,-0.8245,-0.46303,-0.779728,-0.882739,-0.476905,-0.640447,-0.734501,-0.830915,-0.853787,-0.762703,-0.600751,-0.714465,-0.772881,-0.698719	-0.449046,-0.749157,-0.611695,-0.752264,-0.739196,-0.768279,-0.928881,-0.761554,-0.85583,-0.934747,-0.674637,-0.670068,-0.777719,-0.676574,-0.718281,-0.669323,-0.421594,-0.672443,-0.698123,-0.698316	0.373564,0.435783,0.346225,0.384775,0.504235,0.325378,0.445808,0.461128,0.228752,0.297423,0.291527,0.051889,0.100798,-0.352517,-0.350379,-0.190763,-0.239923,-0.080879,-0.162364,-0.000786663
0.298489,0.404897,0.343471,0.491833,0.372473,0.685505,0.839543,0.646787,0.561511,0.853063,0.665426,0.591364,0.696287,0.795261,0.815393,0.890056,0.695591,0.886895,0.919885,0.771886	0.385258,0.285889,0.281154,0.37747,0.29383,0.649422,0.757213,0.481333,0.443014,0.562968,0.561795,0.492529,0.565267,0.85005,0.82538,0.894741,0.700263,0.863632,0.915311,0.754867	-0.0980428,0.134588,0.0689783,0.140435,0.0883084,0.0650359,0.226004,0.240248,0.157734,0.55814,0.1655,0.139453,0.216059,-0.169107,-0.0305432,-0.0230072,-0.00910976,0.0993951,0.0289489,0.0407803
-0.0647927,-0.453751,-0.187125,-0.192683,-0.2198,-0.53223,0.0592044,0.175079,-0.241631,-0.276632,-0.0314251,-0.156627,-0.0537584,0.0105727,0.0503539,0.330885,0.128152,0.340386,0.300251,0.167367	-0.474084,-0.75443,-0.524825,-0.593794,-0.621331,-0.72367,-0.386622,-0.254741,-0.453132,-0.555138,-0.294898,-0.185077,-0.179317,0.325396,0.362434,0.489961,0.357848,0.409962,0.456778,0.144588	0.422262,0.457182,0.374476,0.452932,0.46504,0.311365,0.43585,0.411469,0.237506,0.329036,0.265938,0.0292997,0.126781,-0.31591,-0.317881,-0.189856,-0.240736,-0.0808597,-0.181407,0.0233436
-0.18317,-0.463349,-0.278375,-0.448303,-0.35901,-0.582941,-0.813727,-0.46316,-0.768502,-0.877794,-0.510107,-0.631699,-0.739324,-0.828685,-0.860028,-0.708657,-0.558374,-0.714779,-0.769313,-0.690524	-0.474986,-0.76224,-0.603986,-0.743555,-0.724454,-0.758712,-0.923515,-0.766153,-0.849322,-0.931699,-0.701756,-0.653743,-0.778816,-0.671328,-0.729853,-0.586332,-0.340069,-0.674415,-0.694058,-0.692139	0.319625,0.462094,0.391423,0.44288,0.493901,0.315161,0.441782,0.469648,0.232714,0.295917,0.298505,0.037552,0.093098,-0.354663,-0.349646,-0.209284,-0.269474,-0.0779315,-0.161473,0.00309421
-0.00230401,-0.435175,-0.130815,-0.182852,-0.227113,-0.458546,0.058948,0.0653118,-0.22131,-0.216161,-0.00447345,-0.109502,-0.0346987,0.0511634,0.0646018,0.312394,0.154174,0.313362,0.298206,0.2107	-0.469975,-0.719082,-0.462596,-0.550524,-0.605134,-0.671633,-0.359287,-0.250646,-0.399322,-0.44438,-0.23237,-0.0904395,-0.0959093,0.323745,0.374478,0.471991,0.388572,0.405757,0.459975,0.203341	0.468178,0.413211,0.353152,0.408826,0.438252,0.307918,0.409561,0.310869,0.195268,0.252471,0.228134,-0.019253,0.061415,-0.277172,-0.317558,-0.187199,-0.249335,-0.105854,-0.187486,0.00768785
-0.110127,-0.451325,-0.206979,-0.361623,-0.341692,-0.500687,-0.719278,-0.448467,-0.686568,-0.79048,-0.449332,-0.567532,-0.680266,-0.793223,-0.831689,-0.707682,-0.533197,-0.694774,-0.735443,-0.636148	-0.460511,-0.729779,-0.538442,-0.67481,-0.700121,-0.703343,-0.88058,-0.735703,-0.784901,-0.869525,-0.648684,-0.573321,-0.709185,-0.621486,-0.674578,-0.579243,-0.299977,-0.642214,-0.646628,-0.631255	0.369103,0.415212,0.373036,0.414283,0.471137,0.312815,0.439971,0.42867,0.213252,0.252817,0.281361,0.008581,0.055875,-0.338716,-0.357914,-0.217663,-0.277625,-0.0949071,-0.169351,-0.00817575
0.414025,0.836845,0.74645,0.679583,0.572711,0.795086,0.443261,0.45676,0.464407,0.540909,0.520014,0.476396,0.267171,-0.0486402,-0.261223,0.0521196,0.0313993,-0.0974919,-0.0233426,0.114901	0.52812,0.851048,0.68323,0.51615,0.401825,0.773325,0.0321556,0.0326957,0.293847,0.364075,0.315019,0.446994,0.23193,0.266892,0.0635804,0.259054,0.261035,-0.0343721,0.101799,0.139618	-0.146024,-0.0493493,0.129019,0.251732,0.221967,0.0565022,0.417049,0.430493,0.197513,0.220197,0.245154,0.0373571,0.0375688,-0.311489,-0.319497,-0.209767,-0.231534,-0.063332,-0.124845,-0.0251204
0.0126779,0.0742669,0.124827,0.403077,-0.0115228,0.0674388,-0.346781,-0.222875,-0.270993,-0.493695,-0.43337,-0.504584,-0.507536,-0.49854,-0.64764,-0.638495,-0.368835,-0.363185,-0.323372,-0.18052	-0.376397,-0.24506,-0.431835,-0.314714,-0.614847,-0.372638,-0.192252,-0.103709,-0.169044,-0.100096,-0.253783,0.172993,0.193411,0.115596,-0.188226,-0.0709781,0.0664976,-0.183249,-0.233443,-0.0109454	0.387227,0.313619,0.52819,0.636987,0.60763,0.429289,-0.165567,-0.121986,-0.106844,-0.41406,-0.201779,-0.62318,-0.63829,-0.580673,-0.523192,-0.594457,-0.424911,-0.192765,-0.0972723,-0.169911
-0.390229,-0.529341,-0.458117,-0.244834,-0.499119,0.486412,0.737497,0.633504,0.502909,0.703834,0.595153,0.551622,0.708832,0.638904,0.809489,0.806019,0.524986,0.743108,0.804563,0.579965	0.0593808,-0.126231,-0.232456,0.120331,-0.272645,-0.114509,-0.135414,-0.0518579,-0.402715,-0.33784,-0.328658,-0.384781,-0.267349,-0.179631,-0.111546,0.0777208,-0.0689244,0.197339,0.187431,0.173358	-0.439427,-0.431974,-0.252556,-0.354715,-0.262148,0.569217,0.793651,0.663563,0.753099,0.841564,0.772674,0.772448,0.820661,0.734265,0.844758,0.776971,0.573171,0.639556,0.726722,0.452057
-0.356124,-0.511536,-0.471005,-0.244973,-0.485563,0.490999,0.744642,0.632394,0.501411,0.720423,0.590994,0.541293,0.643367,0.631377,0.802116,0.807992,0.501322,0.745375,0.803843,0.573373	-0.0365281,-0.135141,-0.289551,0.0218694,-0.330861,-0.111327,-0.133393,-0.0575149,-0.383943,-0.335229,-0.328323,-0.391888,-0.272425,-0.188387,-0.121278,0.0697877,-0.0807511,0.188809,0.186392,0.166905	-0.323808,-0.404348,-0.210108,-0.265421,-0.184313,0.571108,0.7987,0.665696,0.742427,0.850299,0.769923,0.769871,0.779219,0.732623,0.841531,0.782318,0.559426,0.647722,0.726268,0.449482
-0.380264,-0.489121,-0.442792,-0.204167,-0.488148,0.483526,0.742401,0.646625,0.500408,0.743037,0.590882,0.537492,0.708719,0.630399,0.805961,0.817033,0.561646,0.750456,0.803102,0.583621	-0.0579526,-0.0542412,-0.198243,0.15395,-0.360474,-0.12157,-0.136772,-0.0466989,-0.381054,-0.332991,-0.320338,-0.388983,-0.274681,-0.189786,-0.119273,0.0643933,-0.0653234,0.202357,0.191758,0.181707	-0.329574,-0.446732,-0.268081,-0.347203,-0.154938,0.571502,0.798131,0.673002,0.7403,0.8626,0.766194,0.766267,0.823155,0.732542,0.844092,0.794436,0.604781,0.646237,0.72263,0.449593
-0.363326,-0.475911,-0.428354,-0.211065,-0.481196,0.424539,0.708108,0.614265,0.46275,0.676235,0.542827,0.474865,0.627926,0.5433,0.747668,0.786445,0.557689,0.724188,0.763543,0.568406	0.0340691,-0.130171,-0.225406,0.0679655,-0.393474,-0.122545,-0.138612,-0.0623478,-0.377694,-0.344295,-0.314765,-0.377109,-0.284281,-0.193838,-0.132195,0.0528944,-0.0641075,0.182088,0.185034,0.190183	-0.392536,-0.368573,-0.224637,-0.275085,-0.10821,0.520029,0.771041,0.651656,0.715406,0.827799,0.732444,0.722578,0.774036,0.666905,0.800721,0.76539,0.600333,0.624443,0.673688,0.424065
0.229139,0.639678,0.456596,0.233788,-0.0973012,-0.629154,0.0310761,0.0816703,-0.0470307,-0.0454133,0.0180361,-0.0534238,0.0188965,0.00919285,0.10977,0.236807,0.212415,0.283889,0.236945,0.195049	-0.0793321,0.116842,0.0751903,-0.151412,-0.486338,-0.186892,-0.125314,-0.0157388,-0.177727,-0.172674,-0.321803,-0.201112,-0.260396,-0.187206,-0.125957,0.0615826,0.0169475,0.192981,0.22918,0.145296	0.302964,0.56507,0.394965,0.372031,0.408361,-0.501194,0.155784,0.097284,0.131798,0.128267,0.337878,0.149292,0.277925,0.196061,0.232512,0.177818,0.196174,0.0961772,0.00821042,0.0512045
0.227576,0.661379,0.39888,-0.0484336,-0.214988,-0.653805,-0.674895,-0.480867,-0.370855,-0.469082,-0.425703,-0.443174,-0.56913,-0.586207,-0.752978,-0.629973,-0.332222,-0.572956,-0.607253,-0.442527	-0.036789,0.113064,-0.0763102,-0.492045,-0.625304,-0.151087,0.0871435,0.111195,0.40955,0.245188,-0.37755,0.0103979,-0.222204,-0.222112,-0.330717,-0.0457591,0.00521227,-0.0206229,0.143996,-0.0656987	0.26217,0.592632,0.461153,0.454441,0.474043,-0.557821,-0.71971,-0.562012,-0.677503,-0.640593,-0.0573751,-0.451492,-0.397151,-0.418599,-0.562283,-0.601555,-0.336851,-0.558938,-0.69084,-0.388113
-0.6078,-0.554749,-0.7174,-0.64174,-0.788533,0.196151,0.0382467,-0.0584219,-0.153159,-0.129546,-0.329999,-0.0867239,0.166443,-0.0478064,-0.0693404,-0.219345,-0.00645843,-0.112007,-0.0534929,-0.00339663	0.0917814,0.0956312,-0.238593,-0.0464651,-0.341456,0.0924242,-0.685506,-0.609137,-0.756604,-0.866152,-0.813126,-0.855017,-0.76389,-0.802623,-0.840534,-0.859267,-0.668782,-0.631122,-0.614509,-0.472886	-0.662617,-0.617615,-0.577687,-0.613571,-0.611804,0.105642,0.705262,0.571037,0.682539,0.829705,0.660308,0.829825,0.82539,0.784935,0.818923,0.788544,0.665196,0.558603,0.580084,0.470244
-0.572898,-0.538808,-0.719136,-0.634902,-0.788411,0.193729,0.047144,-0.0337199,-0.166734,-0.0700988,-0.308759,-0.0736855,0.0854213,-0.041666,-0.117364,-0.174677,-0.0346272,-0.110913,-0.02915,-0.0108777	-0.00816214,0.0772361,-0.29657,-0.12941,-0.421723,0.0882607,-0.683939,-0.597225,-0.752633,-0.861424,-0.806738,-0.851423,-0.764553,-0.80147,-0.850831,-0.848268,-0.675186,-0.635272,-0.602609,-0.470893	-0.567389,-0.591432,-0.53712,-0.550742,-0.549338,0.107303,0.708247,0.575087,0.669974,0.84218,0.663164,0.829797,0.797866,0.786054,0.814834,0.79076,0.655893,0.564105,0.583712,0.462383
-0.578658,-0.539914,-0.697631,-0.621953,-0.789669,0.208036,0.0377107,-0.00756966,-0.181261,-0.0741594,-0.292964,-0.122448,0.153143,-0.0426419,-0.118748,-0.288584,-0.00504287,-0.0879013,-0.0134237,-0.0037635	0.0117465,0.152639,-0.163901,0.0395626,-0.448811,0.095695,-0.688042,-0.585741,-0.756862,-0.867796,-0.799687,-0.858627,-0.764226,-0.801201,-0.852335,-0.879751,-0.677866,-0.621056,-0.593873,-0.46824	-0.586419,-0.639823,-0.602637,-0.645629,-0.527981,0.114623,0.707399,0.580746,0.667124,0.848224,0.661759,0.822672,0.821253,0.785392,0.816197,0.792325,0.675131,0.563941,0.585114,0.465296
-0.594306,-0.541522,-0.695022,-0.612849,-0.787214,0.15448,0.0134425,-0.055953,-0.181959,-0.180639,-0.303277,-0.115683,0.082876,-0.0575116,-0.165671,-0.276087,-0.00362748,-0.0818123,-0.0252948,-0.0196825	0.0628022,0.0281886,-0.182447,-0.000529708,-0.469404,0.110395,-0.684395,-0.611058,-0.745267,-0.882693,-0.793192,-0.846597,-0.766956,-0.788492,-0.85689,-0.877145,-0.679273,-0.615911,-0.580392,-0.474549	-0.633465,-0.561145,-0.58701,-0.612518,-0.504077,0.0448494,0.691476,0.574756,0.651681,0.835231,0.645098,0.810269,0.799043,0.765703,0.805581,0.793128,0.677314,0.562439,0.563368,0.459155
-0.335261,-0.192092,-0.40219,-0.412869,-0.728275,-0.758949,-0.36978,-0.247137,-0.30383,-0.305587,-0.211022,0.238679,0.0887455,0.105805,-0.29982,-0.379317,0.0368362,-0.248328,-0.332999,-0.0343977	-0.259422,-0.411786,-0.25402,-0.14632,-0.591521,-0.146767,-0.584134,-0.419372,-0.488565,-0.684209,-0.616156,-0.546327,-0.667878,-0.59027,-0.791667,-0.795463,-0.521492,-0.47923,-0.413945,-0.255238	-0.0830638,0.238565,-0.16503,-0.283687,-0.240251,-0.688921,0.273411,0.19215,0.216937,0.478715,0.465684,0.694451,0.714287,0.655158,0.644925,0.59597,0.547805,0.262093,0.0938875,0.222797
-0.281625,-0.172218,-0.282843,-0.282419,-0.685451,-0.786127,-0.554509,-0.324065,-0.340922,-0.27858,-0.0655089,0.374319,0.155977,0.189533,-0.357761,-0.32476,0.0189065,-0.362726,-0.664106,-0.175985	-0.149762,-0.395552,-0.258284,-0.257658,-0.590415,-0.184122,0.148911,0.316468,0.576317,0.00858615,-0.228668,0.147531,-0.252969,-0.0983219,-0.25753,-0.222482,-0.138105,0.160519,-0.0422231,0.122103	-0.137669,0.23966,-0.0264944,-0.0267047,-0.159644,-0.703888,-0.649768,-0.580953,-0.766615,-0.286481,0.16564,0.240045,0.393422,0.282589,-0.110403,-0.110243,0.156602,-0.494456,-0.639824,-0.291817
0.415529,0.457169,0.298333,0.551644,0.584426,0.892044,0.972615,0.887434,0.841504,0.975109,0.904159,0.904385,0.888477,0.943368,0.94945,0.955884,0.782315,0.947036,0.989432,0.93171	0.281385,0.40864,0.250254,0.447278,0.471165,0.889878,0.970746,0.880476,0.892842,0.97093,0.904338,0.909235,0.909621,0.941681,0.948183,0.954869,0.78172,0.93245,0.98727,0.927535	0.151905,0.059678,0.0519582,0.138551,0.156301,0.010501,0.0334854,0.0318234,-0.20645,0.0784896,-0.000982822,-0.0272906,-0.11023,0.015104,0.012703,0.011634,0.00153066,0.124732,0.0933278,0.0307403
0.315322,0.345293,0.154424,0.539369,0.547629,0.87821,0.9656,0.882941,0.828578,0.980249,0.881581,0.87955,0.913958,0.932064,0.934186,0.953786,0.786078,0.944596,0.984038,0.921957	0.161354,0.329799,0.163756,0.488057,0.39001,0.87,0.965285,0.882451,0.873915,0.965125,0.907966,0.881768,0.910103,0.927862,0.93974,0.94567,0.754633,0.940377,0.987327,0.923561	0.162221,0.0174846,-0.00957386,0.0696452,0.200426,0.0347936,0.00463205,0.00222174,-0.164328,0.280399,-0.132219,-0.00987941,0.0229191,0.0310831,-0.0454828,0.0827929,0.0772975,0.0377624,-0.115699,-0.0108003
0.34464,0.311441,0.148723,0.483495,0.491308,0.81117,0.921886,0.837581,0.754226,0.902491,0.797682,0.767244,0.78426,0.807014,0.839652,0.905687,0.737394,0.911946,0.938525,0.828587	0.269684,0.180114,0.101088,0.351077,0.253172,0.867789,0.962716,0.84006,0.839704,0.943278,0.886724,0.845022,0.840359,0.886,0.895813,0.938132,0.728106,0.915388,0.974611,0.858246	0.0826362,0.139132,0.0483618,0.159491,0.271964,-0.191232,-0.362975,-0.00836664,-0.233116,-0.274291,-0.304235,-0.221174,-0.164541,-0.277157,-0.226609,-0.2158,0.0200578,-0.0208305,-0.423028,-0.102674
-0.0777713,-0.303003,-0.382174,-0.147028,-0.409049,-0.794479,0.0383892,0.165674,-0.253336,-0.221425,-0.00810637,-0.159441,-0.080384,-0.0107949,0.0538455,0.285586,0.114457,0.349695,0.29355,0.18865	-0.607209,-0.729679,-0.699497,-0.586584,-0.715508,-0.222941,0.802407,0.727631,0.597298,0.743204,0.566694,0.669283,0.643106,0.653365,0.8184,0.826098,0.566382,0.817574,0.893914,0.550289	0.555679,0.54779,0.433106,0.481043,0.433266,-0.69456,-0.7883,-0.638986,-0.738835,-0.828318,-0.572172,-0.748817,-0.687927,-0.659508,-0.799799,-0.707405,-0.483253,-0.655203,-0.813952,-0.40353
-0.1086,-0.309937,-0.42839,-0.374108,-0.581426,-0.84956,-0.917741,-0.725398,-0.912541,-0.928008,-0.641559,-0.712753,-0.827649,-0.859283,-0.915831,-0.799943,-0.626607,-0.773311,-0.802215,-0.742485	-0.601793,-0.736159,-0.750947,-0.737449,-0.822305,-0.36586,-0.409105,-0.00911451,-0.475417,-0.295423,-0.00782308,0.137674,-0.137104,-0.30505,-0.24508,-0.0436632,-0.0159762,-0.103528,0.0482904,-0.33848	0.52768,0.552217,0.475535,0.501774,0.46155,-0.701848,-0.814407,-0.721051,-0.772081,-0.871516,-0.636933,-0.774433,-0.778933,-0.751119,-0.864873,-0.783651,-0.616805,-0.728072,-0.818786,-0.539621
0.164619,0.31047,0.122962,0.454259,0.48503,0.869617,0.968607,0.87709,0.884487,0.984844,0.878234,0.888156,0.897062,0.931972,0.927256,0.955768,0.775115,0.931919,0.981936,0.907753	0.160209,0.349636,0.182264,0.511754,0.442356,0.863629,0.970182,0.8836,0.8773,0.974189,0.90407,0.885409,0.87073,0.929462,0.934203,0.948643,0.744834,0.942458,0.987403,0.913602	0.00452935,-0.0439359,-0.0606617,-0.0749096,0.0543303,0.024049,-0.0261317,-0.0289328,0.0320771,0.262587,-0.125411,0.0128565,0.120293,0.018766,-0.051939,0.0763506,0.0716439,-0.0865949,-0.179655,-0.0342705
0.203968,0.27708,0.100233,0.389784,0.420409,0.802116,0.924986,0.828157,0.808719,0.90568,0.793001,0.766896,0.805502,0.819412,0.843454,0.911675,0.729307,0.900309,0.936812,0.823924	0.27513,0.197243,0.102324,0.36717,0.299578,0.860497,0.967839,0.837803,0.840241,0.95082,0.880446,0.839968,0.83535,0.900065,0.900092,0.944793,0.720861,0.919075,0.975057,0.858132	-0.0753929,0.084453,-0.00211315,0.0263916,0.138241,-0.188458,-0.409049,-0.0315032,-0.0983569,-0.325067,-0.289741,-0.205355,-0.0912444,-0.307278,-0.235193,-0.238852,0.0178081,-0.108757,-0.441859,-0.116764
-0.172914,-0.286561,-0.436516,-0.229078,-0.409808,-0.78589,0.0396516,0.165377,-0.229698,-0.216725,-0.0122947,-0.167295,-0.075761,-0.00885047,0.0441831,0.287256,0.0982085,0.336605,0.292955,0.182638	-0.591513,-0.708962,-0.713609,-0.58828,-0.684913,-0.198252,0.807554,0.734918,0.595585,0.767263,0.560141,0.652553,0.601784,0.658395,0.793562,0.83349,0.540057,0.817476,0.891831,0.54067	0.466291,0.530096,0.402459,0.415148,0.382453,-0.696092,-0.793305,-0.648339,-0.725967,-0.843694,-0.56852,-0.739156,-0.648002,-0.66338,-0.776609,-0.718186,-0.466595,-0.663423,-0.810679,-0.39726
-0.0591564,-0.303008,-0.505675,-0.42442,-0.573479,-0.845935,-0.91847,-0.723381,-0.914957,-0.927673,-0.641286,-0.716905,-0.815626,-0.859738,-0.906008,-0.787347,-0.637013,-0.774564,-0.796763,-0.723754	-0.499749,-0.72044,-0.775966,-0.73468,-0.798221,-0.351652,-0.410851,0.00814887,-0.503727,-0.254759,-0.00939886,0.123449,-0.171102,-0.309071,-0.243935,0.00660444,-0.0571108,-0.100422,0.0564735,-0.312678	0.454015,0.534004,0.44484,0.450837,0.414473,-0.70358,-0.815261,-0.727243,-0.762793,-0.881161,-0.635718,-0.772028,-0.74906,-0.749942,-0.849909,-0.789845,-0.601795,-0.731002,-0.816497,-0.531314
0.164155,0.357572,0.177983,0.48053,0.39039,0.798007,0.921655,0.839344,0.800392,0.904744,0.808827,0.760454,0.81699,0.821236,0.854449,0.911982,0.747201,0.912826,0.939558,0.830453	0.242483,0.235553,0.119184,0.393538,0.312771,0.861789,0.963107,0.842342,0.838987,0.961938,0.870266,0.834444,0.877849,0.904042,0.903839,0.952831,0.770172,0.920644,0.972049,0.858625	-0.0815758,0.133242,0.0600731,0.10728,0.0884151,-0.204242,-0.368961,-0.0102325,-0.117496,-0.440996,-0.207489,-0.202466,-0.215198,-0.32149,-0.21689,-0.311743,-0.0541102,-0.0489839,-0.374735,-0.0981753
-0.160006,-0.281365,-0.388832,-0.116777,-0.398822,-0.79125,0.0371179,0.169309,-0.22861,-0.211543,-0.0162652,-0.167295,-0.0582332,0.0053529,0.0565849,0.305822,0.13991,0.351722,0.300377,0.2078	-0.594978,-0.725258,-0.712746,-0.5647,-0.667157,-0.203557,0.806513,0.734728,0.594418,0.788955,0.538448,0.637571,0.664393,0.669579,0.801944,0.859934,0.632077,0.821663,0.891069,0.564947	0.480739,0.557699,0.4481,0.479546,0.365617,-0.700523,-0.793138,-0.645748,-0.724567,-0.8574,-0.549897,-0.727291,-0.695709,-0.666615,-0.78079,-0.751834,-0.539914,-0.660954,-0.806577,-0.404652
-0.179423,-0.284434,-0.436539,-0.326243,-0.549897,-0.846077,-0.917908,-0.722075,-0.907947,-0.920539,-0.663187,-0.716096,-0.806891,-0.857641,-0.911927,-0.750375,-0.601313,-0.775926,-0.795303,-0.716081	-0.581958,-0.731802,-0.763772,-0.715071,-0.779237,-0.345878,-0.405267,0.00895522,-0.471749,-0.174818,-0.0656671,0.117669,-0.10049,-0.303991,-0.280969,0.154191,0.0827135,-0.109469,0.0550635,-0.294479	0.449467,0.564965,0.490911,0.507136,0.401295,-0.707135,-0.816305,-0.726334,-0.763015,-0.888744,-0.624727,-0.76897,-0.768734,-0.7489,-0.848316,-0.81076,-0.651617,-0.728321,-0.814689,-0.534263
-0.0890813,-0.278883,-0.301021,-0.113618,-0.406423,-0.785318,0.0386529,0.128035,-0.22577,-0.19781,-0.00405618,-0.148572,-0.0493063,0.0381413,0.0690122,0.297758,0.162687,0.33572,0.303367,0.245981	-0.585255,-0.693428,-0.648811,-0.529535,-0.6567,-0.224259,0.771034,0.686706,0.548772,0.738002,0.497702,0.580838,0.59686,0.6145,0.761753,0.826833,0.646508,0.797166,0.856949,0.580216	0.523464,0.513932,0.432202,0.442542,0.341395,-0.680991,-0.754879,-0.612526,-0.689158,-0.816601,-0.500747,-0.671465,-0.627694,-0.590192,-0.731179,-0.701873,-0.540689,-0.630067,-0.748053,-0.38988
-0.0860818,-0.290156,-0.329519,-0.246346,-0.532319,-0.836143,-0.912395,-0.730713,-0.8953,-0.919462,-0.657848,-0.710966,-0.790268,-0.845059,-0.903231,-0.765155,-0.585893,-0.770606,-0.781386,-0.694283	-0.560928,-0.702294,-0.697573,-0.651554,-0.759085,-0.348302,-0.379384,-0.0181692,-0.420968,-0.205051,-0.0838514,0.0930811,-0.123666,-0.318458,-0.260514,0.134559,0.117685,-0.0875665,0.0657962,-0.242507	0.498938,0.517614,0.477908,0.482681,0.380528,-0.688293,-0.815186,-0.722131,-0.761237,-0.880398,-0.607508,-0.75414,-0.738805,-0.720499,-0.840487,-0.815728,-0.658195,-0.732466,-0.805757,-0.543241
0.44824,0.860292,0.760496,0.731573,0.514752,0.266552,-0.655053,-0.328818,-0.430563,-0.29864,-0.00712401,-0.129455,-0.390395,-0.350796,-0.639122,-0.24065,-0.19607,-0.424946,-0.352263,-0.136963	0.49689,0.87419,0.661444,0.52288,0.333779,0.407414,0.255068,0.390756,0.398172,0.726977,0.535722,0.602493,0.425895,0.417153,0.256932,0.626697,0.481421,0.374531,0.537058,0.440479	-0.0625908,-0.0560527,0.19931,0.337978,0.218516,-0.158023,-0.779826,-0.637644,-0.707451,-0.842669,-0.540782,-0.67899,-0.699917,-0.669916,-0.769666,-0.753681,-0.619057,-0.689707,-0.74784,-0.544587
-0.397242,-0.16535,-0.537144,-0.725149,-0.605768,-0.255622,-0.694368,-0.639144,-0.667836,-0.760749,-0.753464,-0.653763,-0.623021,-0.662372,-0.784267,-0.860432,-0.544973,-0.7648,-0.814467,-0.597601	0.054475,0.00515765,-0.287088,-0.491319,-0.241964,0.0560623,-0.729075,-0.643814,-0.825312,-0.866896,-0.835278,-0.8434,-0.783416,-0.762861,-0.81262,-0.836123,-0.606399,-0.632963,-0.687757,-0.465936	-0.442149,-0.170363,-0.295648,-0.363248,-0.426287,-0.307281,0.0702937,0.00793548,0.35086,0.311731,0.220734,0.422714,0.313324,0.203129,0.0781737,-0.0866425,0.0917453,-0.255543,-0.28808,-0.182475
-0.375971,-0.163038,-0.533204,-0.709658,-0.613508,-0.262074,-0.696793,-0.6176,-0.675868,-0.740071,-0.737444,-0.631555,-0.611216,-0.650992,-0.794668,-0.845046,-0.540582,-0.766323,-0.806163,-0.595309	-0.0190491,-0.00538956,-0.326462,-0.521716,-0.316192,0.0506507,-0.730342,-0.626048,-0.821769,-0.854107,-0.82445,-0.834661,-0.776828,-0.758203,-0.824745,-0.820874,-0.609641,-0.641226,-0.674199,-0.468931	-0.359496,-0.157787,-0.250315,-0.298434,-0.368871,-0.308628,0.0683146,0.0137735,0.328167,0.309963,0.221948,0.429523,0.315338,0.211705,0.0872797,-0.07891,0.103005,-0.245955,-0.289086,-0.17532
-0.369408,-0.186347,-0.523203,-0.725709,-0.611489,-0.240283,-0.699752,-0.614335,-0.687584,-0.759322,-0.72852,-0.658003,-0.623168,-0.651202,-0.796452,-0.892808,-0.587126,-0.758777,-0.798025,-0.603305	-0.00387425,0.0464618,-0.236824,-0.453339,-0.338237,0.0607399,-0.734492,-0.616009,-0.827621,-0.864783,-0.815305,-0.845942,-0.785925,-0.758964,-0.825544,-0.876846,-0.642084,-0.620808,-0.657238,-0.465704	-0.366058,-0.230811,-0.326882,-0.405912,-0.344506,-0.296693,0.0714754,0.0026929,0.324956,0.307152,0.213738,0.423891,0.318983,0.21307,0.0849428,-0.0735111,0.088213,-0.260837,-0.296078,-0.191369
-0.393256,-0.196675,-0.518162,-0.704694,-0.610471,-0.231884,-0.678307,-0.623118,-0.645835,-0.74817,-0.689911,-0.582692,-0.593277,-0.572141,-0.75862,-0.856642,-0.583313,-0.730135,-0.762311,-0.597758	0.0340178,-0.0437038,-0.24914,-0.461351,-0.357241,0.077734,-0.714939,-0.634228,-0.800324,-0.860678,-0.783945,-0.802461,-0.770813,-0.702053,-0.796592,-0.83897,-0.638398,-0.592912,-0.605781,-0.452142	-0.421633,-0.154297,-0.308899,-0.360567,-0.323859,-0.304136,0.0711219,0.0183692,0.319772,0.315973,0.204799,0.412779,0.327138,0.217126,0.0959633,-0.0628201,0.0877685,-0.241975,-0.290836,-0.199548
-0.441501,-0.805495,-0.65271,-0.657025,-0.725894,-0.433303,-0.282069,-0.262061,-0.196045,-0.113918,-0.15974,0.181621,0.0252695,0.0461365,-0.199587,-0.375245,-0.196944,-0.396314,-0.432159,-0.221263	-0.24723,-0.662685,-0.346886,-0.536731,-0.604466,-0.152712,-0.284482,-0.215798,-0.252381,-0.224349,-0.331229,-0.118807,-0.30347,-0.19151,-0.259511,-0.307139,-0.213814,-0.142335,-0.11189,-0.0701751	-0.218074,-0.306322,-0.395334,-0.185824,-0.216363,-0.300474,0.0026228,-0.0490354,0.059268,0.113327,0.181069,0.294083,0.326238,0.235565,0.0631969,-0.0769785,0.0176113,-0.269162,-0.336543,-0.153471
-0.397508,-0.829207,-0.558059,-0.334855,-0.620607,-0.450243,0.194603,0.213585,0.100864,0.298169,0.342132,0.652294,0.675083,0.66021,0.583674,0.529058,0.34858,0.270532,0.0344813,0.289144	-0.14703,-0.692626,-0.33472,-0.526273,-0.568218,-0.166867,0.430428,0.402932,0.570345,0.540355,0.178788,0.550465,0.363102,0.416398,0.52691,0.54126,0.295899,0.444893,0.324419,0.252441	-0.266026,-0.320861,-0.27464,0.232367,-0.0809263,-0.306396,-0.257384,-0.207177,-0.498137,-0.2887,0.173986,0.158877,0.413288,0.336251,0.0819741,-0.0170986,0.0587401,-0.198218,-0.293217,0.0395927
0.613492,0.68407,0.572565,0.670311,0.706002,0.845258,0.950685,0.845118,0.794458,0.96714,0.864389,0.868343,0.870742,0.921746,0.924964,0.942468,0.736334,0.909747,0.975987,0.897341	0.532456,0.673119,0.513938,0.575752,0.63503,0.85173,0.95625,0.833295,0.864051,0.973754,0.863366,0.855244,0.853612,0.901024,0.904107,0.923934,0.710196,0.899509,0.975081,0.889377	0.120349,0.0202977,0.0830721,0.153987,0.12865,-0.0231101,-0.0612156,0.039973,-0.221955,-0.113558,0.004032,0.0509021,0.0667272,0.122267,0.127381,0.143427,0.0547891,0.0563547,0.0187507,0.0394407
0.596724,0.618921,0.477016,0.62167,0.688539,0.836772,0.944139,0.830476,0.771739,0.964913,0.825994,0.827015,0.872107,0.903956,0.891691,0.939256,0.684168,0.897442,0.958592,0.865182	0.485993,0.676561,0.513279,0.656233,0.5811,0.819488,0.94184,0.841261,0.841372,0.974982,0.85997,0.814691,0.854367,0.878234,0.87706,0.907849,0.689184,0.911466,0.969534,0.881727	0.15596,-0.0991636,-0.0480201,-0.0583802,0.179098,0.0549979,0.0207501,-0.035788,-0.198566,-0.170011,-0.117291,0.0377753,0.0695962,0.124792,0.067131,0.213225,-0.0094918,-0.0770501,-0.15496,-0.0697667
0.590264,0.594469,0.459687,0.604056,0.658131,0.789958,0.900176,0.767464,0.684919,0.888932,0.720878,0.694914,0.716555,0.784672,0.763677,0.885966,0.605918,0.849415,0.89236,0.731608	0.569664,0.581284,0.460382,0.550406,0.507239,0.779815,0.902774,0.746592,0.774788,0.897854,0.789697,0.731762,0.686151,0.766435,0.728434,0.819285,0.617802,0.814329,0.873987,0.752573	0.0310359,0.0201468,-0.000881329,0.080372,0.226506,0.0264162,-0.0138655,0.0488798,-0.191482,-0.0441951,-0.159775,-0.0749714,0.0598119,0.0457522,0.0794267,0.243236,-0.018994,0.113806,0.0834786,-0.0466515
-0.294615,-0.775835,-0.627143,-0.405072,-0.291192,-0.596277,0.0363047,0.181465,-0.307461,-0.287133,-0.026399,-0.182296,-0.136742,-0.0230998,0.0030485,0.286027,-0.01439,0.303492,0.260755,0.0892904	-0.38588,-0.708591,-0.526066,-0.565306,-0.514767,-0.563957,0.154827,0.250908,0.163656,0.108856,0.13803,0.257529,0.0336727,0.075577,0.0748721,0.209989,0.118634,0.165944,0.173293,-0.020154	0.102971,-0.149349,-0.150844,0.207823,0.262997,-0.0486957,-0.119192,-0.0727554,-0.448548,-0.383987,-0.163832,-0.420103,-0.169634,-0.0985048,-0.07184,0.0808974,-0.132797,0.144842,0.0916013,0.109248
-0.314721,-0.804902,-0.612928,-0.405771,-0.385671,-0.655268,-0.919104,-0.676404,-0.933154,-0.926363,-0.615462,-0.691105,-0.797593,-0.784207,-0.855016,-0.807065,-0.633582,-0.678104,-0.745327,-0.619652	-0.368457,-0.745669,-0.606149,-0.747404,-0.662107,-0.618642,-0.893767,-0.630663,-0.831969,-0.844932,-0.504373,-0.410124,-0.709181,-0.735385,-0.836732,-0.835159,-0.586901,-0.772511,-0.809789,-0.71938	0.0607845,-0.148154,-0.0107874,0.490341,0.371232,-0.0615952,-0.14192,-0.0797697,-0.452435,-0.374766,-0.161097,-0.392124,-0.203543,-0.115335,-0.0642513,0.0861851,-0.0743153,0.198268,0.162601,0.179938
0.467351,0.601676,0.432504,0.540975,0.643963,0.829008,0.951295,0.819403,0.848071,0.971918,0.822074,0.826953,0.829134,0.894182,0.868782,0.928188,0.662105,0.885161,0.955669,0.842702	0.450176,0.670924,0.52972,0.667377,0.608777,0.805559,0.943355,0.841996,0.846041,0.975003,0.856469,0.827838,0.82985,0.889653,0.875808,0.916044,0.692869,0.909393,0.967496,0.867145	0.0217513,-0.116126,-0.126108,-0.197823,0.0578744,0.0705901,0.0773901,-0.0728675,0.00718762,-0.0589064,-0.116231,-0.00280774,-0.0022958,0.0221478,-0.0293844,0.0811003,-0.0568393,-0.124241,-0.156874,-0.0907801
0.474108,0.57683,0.409701,0.512732,0.606247,0.780536,0.907494,0.752,0.758483,0.895637,0.715554,0.686921,0.734789,0.795806,0.767518,0.890045,0.59204,0.842114,0.892347,0.722077	0.539238,0.575357,0.47172,0.559205,0.531208,0.764082,0.904424,0.743094,0.774536,0.896881,0.784006,0.737476,0.725522,0.799332,0.755475,0.844601,0.629336,0.818038,0.874969,0.751416	-0.0874998,0.00220456,-0.0768772,-0.0651536,0.110683,0.0407685,0.0171328,0.0201852,-0.0389161,-0.00632463,-0.155927,-0.10246,0.0198468,-0.00969205,0.028663,0.183045,-0.0594441,0.0773826,0.0792708,-0.0641385
-0.335253,-0.761422,-0.648406,-0.454676,-0.305961,-0.585858,0.0384232,0.180001,-0.277171,-0.278937,-0.032494,-0.192423,-0.128552,-0.0201978,-0.0107364,0.284718,-0.0360918,0.285518,0.261948,0.0837444	-0.386155,-0.688179,-0.534494,-0.563409,-0.485686,-0.554819,0.153529,0.258878,0.163194,0.113177,0.13152,0.253515,0.0530853,0.0931104,0.0757378,0.224388,0.113933,0.159778,0.175248,-0.0168676	0.0584706,-0.153871,-0.174328,0.146181,0.211094,-0.0459869,-0.115789,-0.0827321,-0.421309,-0.380115,-0.163316,-0.425196,-0.180406,-0.113096,-0.0864039,0.0644483,-0.149411,0.131751,0.0908709,0.10047
-0.26018,-0.797936,-0.650301,-0.458939,-0.402205,-0.650583,-0.923175,-0.669972,-0.938017,-0.921132,-0.61439,-0.694818,-0.779942,-0.783442,-0.843697,-0.783602,-0.644667,-0.684146,-0.744422,-0.607604	-0.277631,-0.734652,-0.62953,-0.739688,-0.64009,-0.615239,-0.899447,-0.620044,-0.849427,-0.835193,-0.503057,-0.410591,-0.682619,-0.730597,-0.821282,-0.812102,-0.591602,-0.773526,-0.808938,-0.706765	0.0188091,-0.152934,-0.035169,0.425038,0.320361,-0.0589335,-0.139861,-0.0854072,-0.435923,-0.372552,-0.161136,-0.397679,-0.208135,-0.12358,-0.0729935,0.0783729,-0.0857794,0.189849,0.162178,0.173795
0.458054,0.637965,0.491731,0.627191,0.581736,0.768445,0.896639,0.772896,0.754165,0.901399,0.737574,0.683387,0.759792,0.799334,0.783781,0.891573,0.639902,0.860579,0.896762,0.736002	0.544676,0.568221,0.456659,0.537185,0.543271,0.77543,0.901586,0.741092,0.772178,0.899156,0.771865,0.731635,0.748931,0.807395,0.764326,0.858447,0.646695,0.811571,0.867326,0.739613	-0.115417,0.109403,0.0452279,0.13574,0.0562395,-0.017285,-0.0258185,0.074445,-0.0431284,0.0118333,-0.0796202,-0.0964955,0.025202,-0.022732,0.048523,0.141186,-0.011589,0.162506,0.132469,-0.00792605
-0.332782,-0.797737,-0.64159,-0.402575,-0.29859,-0.591427,0.0342636,0.187554,-0.275795,-0.272607,-0.0387761,-0.192896,-0.103665,0.000435246,0.00773801,0.313403,0.0269643,0.311615,0.27487,0.12066	-0.378773,-0.746964,-0.552032,-0.581203,-0.461107,-0.553677,0.155027,0.248402,0.160611,0.118301,0.103303,0.243801,0.0842027,0.117381,0.0906646,0.263106,0.160025,0.162565,0.178853,-0.00402593	0.0526239,-0.125638,-0.138672,0.23319,0.188465,-0.0561302,-0.121408,-0.063821,-0.417895,-0.378695,-0.141512,-0.417082,-0.186242,-0.116952,-0.0829848,0.0548173,-0.133638,0.157003,0.100981,0.124626
-0.34544,-0.831299,-0.628102,-0.37455,-0.383589,-0.650352,-0.922083,-0.675043,-0.928247,-0.916311,-0.642295,-0.693034,-0.780854,-0.781165,-0.853111,-0.717489,-0.610979,-0.689467,-0.740151,-0.599245	-0.354508,-0.788711,-0.62988,-0.75318,-0.614158,-0.608827,-0.897346,-0.632005,-0.827641,-0.825983,-0.546489,-0.411394,-0.683009,-0.727196,-0.832723,-0.751449,-0.56325,-0.783023,-0.807482,-0.707912	0.0103328,-0.123679,0.00294107,0.527415,0.301628,-0.0687441,-0.143341,-0.075062,-0.434128,-0.371502,-0.147623,-0.393962,-0.209668,-0.124946,-0.0704021,0.0736893,-0.0727723,0.203324,0.167349,0.188728
-0.299095,-0.773566,-0.593959,-0.373317,-0.304515,-0.548654,0.035548,0.121921,-0.267974,-0.248649,-0.0207705,-0.164491,-0.088599,0.0460307,0.0240073,0.281982,0.0560066,0.274149,0.268619,0.169607	-0.381546,-0.702017,-0.482657,-0.523239,-0.447211,-0.509419,0.153985,0.205626,0.149844,0.156888,0.100018,0.239225,0.106385,0.15937,0.123621,0.257654,0.189597,0.167833,0.194524,0.0360999	0.0930721,-0.156582,-0.156033,0.186316,0.165193,-0.0544539,-0.119089,-0.0858566,-0.401688,-0.390311,-0.120538,-0.388431,-0.193163,-0.114177,-0.0999098,0.0262347,-0.135024,0.111443,0.0781808,0.134329
-0.298239,-0.806968,-0.566885,-0.256696,-0.368124,-0.604348,-0.889842,-0.667869,-0.896885,-0.888827,-0.61369,-0.663058,-0.746096,-0.72561,-0.809007,-0.704088,-0.584863,-0.655988,-0.687333,-0.540713	-0.344471,-0.744852,-0.559436,-0.663283,-0.588643,-0.559573,-0.854976,-0.615046,-0.757365,-0.767387,-0.520445,-0.377722,-0.631552,-0.659993,-0.778791,-0.734208,-0.535135,-0.749448,-0.763449,-0.668774	0.0515257,-0.155709,-0.010908,0.490019,0.281523,-0.0676541,-0.145757,-0.0896467,-0.435009,-0.381973,-0.137002,-0.380676,-0.216611,-0.125918,-0.0816734,0.0623549,-0.0723819,0.183841,0.160159,0.200602
0.364734,0.764108,0.725132,0.793734,0.594178,0.714998,-0.101291,0.0712787,-0.112067,0.0903504,0.277939,0.224928,0.0208512,0.107294,-0.0633655,0.191984,0.0998564,0.0754978,0.189306,0.255982	0.419815,0.73847,0.533095,0.41312,0.348814,0.746575,0.0557584,0.140465,0.305166,0.39225,0.376086,0.46295,0.213928,0.213098,-0.0209204,0.107812,0.0807254,-0.145095,-0.0230246,0.0445171	-0.0650402,0.0588392,0.31305,0.566312,0.309513,-0.067733,-0.156167,-0.0698856,-0.403435,-0.312992,-0.109604,-0.265688,-0.193942,-0.108281,-0.0425015,0.0859507,0.0192865,0.218202,0.211409,0.213903
0.717926,0.683853,0.719926,0.801277,0.82547,0.87631,0.96482,0.875959,0.853575,0.967074,0.911879,0.89895,0.917994,0.940989,0.955387,0.945993,0.79024,0.945616,0.985733,0.942424	0.664241,0.675846,0.679819,0.746054,0.767536,0.871379,0.967093,0.881053,0.894758,0.98044,0.922815,0.908845,0.905514,0.94178,0.943032,0.952717,0.775674,0.931525,0.992771,0.934385	0.102623,0.0148869,0.0785517,0.137302,0.158106,0.0208589,-0.0339569,-0.0223189,-0.174313,-0.25783,-0.0689947,-0.0540731,0.0739608,-0.00695328,0.12475,-0.0680981,0.0376364,0.11828,-0.329013,0.0673203
0.701417,0.643967,0.664311,0.783045,0.819425,0.853295,0.958933,0.865772,0.849245,0.972848,0.88999,0.892057,0.920585,0.928274,0.938696,0.959715,0.783672,0.936222,0.975177,0.929544	0.655928,0.675261,0.70781,0.83476,0.739286,0.858648,0.958173,0.890678,0.875931,0.975637,0.934215,0.878111,0.911055,0.926155,0.932805,0.941935,0.75314,0.940712,0.993847,0.930954	0.0842496,-0.0553717,-0.0821047,-0.149315,0.20329,-0.0200275,0.00935534,-0.108819,-0.104193,-0.0548316,-0.262369,0.0643621,0.0590891,0.0151091,0.0473624,0.185184,0.0745087,-0.0376408,-0.605731,-0.010475
0.724947,0.637408,0.658696,0.766126,0.806353,0.821125,0.925479,0.839667,0.785781,0.917851,0.82501,0.787373,0.8198,0.806158,0.851371,0.910716,0.736282,0.904603,0.931144,0.841985	0.709749,0.597778,0.6926,0.795209,0.706364,0.843012,0.954324,0.843843,0.84579,0.947696,0.917997,0.84743,0.83591,0.878097,0.882118,0.93616,0.728551,0.919467,0.977944,0.863784	0.0313061,0.0640259,-0.0623471,-0.0744245,0.232306,-0.0711099,-0.246976,-0.0143297,-0.178922,-0.229298,-0.383227,-0.180483,-0.051188,-0.246268,-0.123486,-0.172595,0.0166752,-0.0883408,-0.523522,-0.079936
0.350832,-0.190564,0.116477,0.327202,0.415492,-0.157439,0.182787,0.266538,-0.132852,-0.146041,0.0730398,-0.218193,-0.105321,-0.0388101,0.0985515,0.34349,0.103184,0.418717,0.422008,0.208371	0.0117065,-0.555943,0.0486297,0.234549,0.176193,-0.303637,0.74449,0.711444,0.713426,0.768982,0.70048,0.750019,0.561158,0.639528,0.757477,0.846642,0.581962,0.81279,0.825313,0.562354	0.340524,0.408675,0.0682338,0.100354,0.258201,0.153538,-0.650182,-0.549013,-0.773012,-0.822638,-0.661273,-0.832048,-0.629288,-0.66191,-0.712083,-0.709478,-0.509365,-0.597378,-0.61884,-0.400967
0.270702,-0.228528,-0.0982769,-0.0119186,0.250198,-0.20427,-0.861572,-0.633039,-0.915708,-0.891956,-0.596976,-0.776367,-0.847476,-0.830593,-0.834263,-0.757584,-0.646937,-0.632308,-0.540067,-0.687503	0.0538869,-0.568292,-0.171101,-0.21041,0.00757736,-0.351169,-0.380226,0.0557371,-0.399375,-0.101772,0.279417,0.253188,-0.29938,-0.214039,-0.0813597,0.134924,-0.0109739,0.0517581,0.0730286,-0.308345	0.220025,0.390475,0.07407,0.19899,0.243081,0.158251,-0.715854,-0.665301,-0.814034,-0.869075,-0.751105,-0.860424,-0.734435,-0.749865,-0.807728,-0.809739,-0.640511,-0.662388,-0.589832,-0.481158
0.607767,0.630352,0.62604,0.725482,0.782384,0.838113,0.964498,0.863418,0.894602,0.981118,0.891858,0.898982,0.89682,0.928128,0.927351,0.962265,0.769012,0.923977,0.976736,0.913263	0.620364,0.670262,0.710366,0.831411,0.761361,0.848221,0.96144,0.883082,0.87915,0.970379,0.924355,0.874597,0.900543,0.925177,0.93431,0.937467,0.753565,0.9426,0.98831,0.922833	-0.0202207,-0.0691083,-0.151862,-0.26694,0.0519953,-0.0349633,0.042062,-0.0827863,0.0723729,0.223981,-0.185061,0.114077,-0.0193519,0.0208881,-0.0520977,0.253274,0.0367351,-0.1443,-0.333715,-0.0608751
0.637881,0.623366,0.617875,0.704937,0.764853,0.805143,0.931019,0.832234,0.830724,0.925492,0.825175,0.784519,0.824843,0.820222,0.850512,0.917608,0.725065,0.89331,0.934187,0.835605	0.679882,0.592564,0.69446,0.791679,0.726546,0.831655,0.957626,0.83111,0.846783,0.940012,0.905288,0.833935,0.854007,0.891391,0.894416,0.935282,0.732521,0.922799,0.97344,0.866148	-0.0741649,0.0488445,-0.134145,-0.196285,0.0862186,-0.080244,-0.245381,0.00364781,-0.0541489,-0.11167,-0.316679,-0.142918,-0.0986663,-0.264708,-0.183478,-0.124664,-0.0159021,-0.167882,-0.433136,-0.110562
0.238276,-0.182628,0.0610203,0.22943,0.362793,-0.144739,0.184636,0.265729,-0.103078,-0.141446,0.0695167,-0.225195,-0.0995961,-0.0370388,0.0883811,0.34513,0.0868162,0.404709,0.425919,0.201531	-0.00845923,-0.539658,0.0448206,0.219819,0.203069,-0.288204,0.745571,0.700198,0.719687,0.76018,0.685893,0.719242,0.568431,0.642431,0.750904,0.839625,0.574265,0.812366,0.822525,0.557625	0.246239,0.396065,0.0162442,0.010121,0.172427,0.14971,-0.650479,-0.533787,-0.765944,-0.814091,-0.647237,-0.81279,-0.632234,-0.663678,-0.709617,-0.696257,-0.513026,-0.60733,-0.610473,-0.401178
0.25726,-0.232851,-0.177931,-0.0893258,0.195037,-0.198031,-0.863353,-0.630488,-0.920492,-0.894559,-0.600612,-0.779744,-0.833157,-0.834443,-0.824351,-0.743959,-0.656138,-0.63569,-0.54634,-0.668561	0.112712,-0.560726,-0.200315,-0.214386,0.0346532,-0.342316,-0.391063,0.0438583,-0.430888,-0.131958,0.259612,0.22168,-0.258392,-0.226706,-0.0529426,0.146205,-0.0287712,0.0525338,0.0571121,-0.279016	0.148865,0.377113,0.0232114,0.127501,0.161475,0.154777,-0.713026,-0.656201,-0.811447,-0.864671,-0.744186,-0.853836,-0.732447,-0.749528,-0.806611,-0.802839,-0.639438,-0.665983,-0.585193,-0.478873
0.642254,0.675849,0.690857,0.808684,0.75224,0.81029,0.924489,0.849547,0.821639,0.922019,0.846024,0.772933,0.84312,0.823739,0.860261,0.914942,0.747596,0.907766,0.938026,0.842539	0.672455,0.603689,0.680475,0.784116,0.735695,0.826351,0.954299,0.828036,0.853793,0.948494,0.893092,0.845736,0.869741,0.897803,0.896831,0.959311,0.771331,0.917821,0.965052,0.862947	-0.0531604,0.121892,0.0195939,0.0671428,0.0370471,-0.0486104,-0.253144,0.0725409,-0.107722,-0.211005,-0.192567,-0.210231,-0.0998154,-0.284374,-0.160049,-0.36283,-0.0560651,-0.0602729,-0.285212,-0.0747723
0.268773,-0.166426,0.136512,0.393687,0.351825,-0.155526,0.182102,0.273411,-0.102782,-0.136318,0.0675346,-0.223593,-0.0818972,-0.0234125,0.100345,0.361419,0.12923,0.420914,0.434287,0.228239	-0.00646756,-0.583085,0.0147503,0.215025,0.219093,-0.305922,0.748864,0.691157,0.729036,0.77997,0.658565,0.729022,0.58733,0.655973,0.757326,0.890019,0.649874,0.80424,0.815048,0.579067	0.274763,0.461438,0.122007,0.195185,0.143817,0.157909,-0.656255,-0.515081,-0.773833,-0.828227,-0.618541,-0.819098,-0.638515,-0.669109,-0.711014,-0.779267,-0.568378,-0.579493,-0.58938,-0.404257
0.197613,-0.202721,-0.0894359,0.0403537,0.192166,-0.203039,-0.862279,-0.637799,-0.908333,-0.886074,-0.624001,-0.775598,-0.828594,-0.834089,-0.830075,-0.700553,-0.621503,-0.636839,-0.543972,-0.662625	0.0377441,-0.597162,-0.213744,-0.232938,0.058738,-0.353738,-0.377249,0.0162344,-0.35666,-0.0612002,0.190809,0.256172,-0.247338,-0.224045,-0.0749617,0.367589,0.0950187,0.0200957,0.0414394,-0.270616	0.16107,0.448768,0.12673,0.270747,0.134951,0.16236,-0.718876,-0.64733,-0.816043,-0.87217,-0.728116,-0.86075,-0.731087,-0.750245,-0.805217,-0.849407,-0.676568,-0.648634,-0.572506,-0.477661
0.324776,-0.175314,0.178244,0.364899,0.338327,-0.0942689,0.18633,0.23191,-0.0987245,-0.120277,0.080238,-0.206261,-0.0722713,0.00697175,0.113307,0.357255,0.151964,0.406254,0.440528,0.264861	0.0135612,-0.514465,0.0678944,0.227773,0.226008,-0.261209,0.72511,0.677637,0.681994,0.78154,0.624471,0.664369,0.56197,0.617331,0.739484,0.85405,0.664408,0.777544,0.79271,0.59827	0.312592,0.372772,0.111701,0.149556,0.121618,0.171154,-0.622946,-0.528834,-0.731469,-0.824329,-0.572941,-0.765703,-0.609488,-0.612998,-0.683442,-0.71493,-0.569993,-0.542727,-0.541163,-0.396188
0.268389,-0.218358,-0.0144623,0.0832435,0.188909,-0.134404,-0.840161,-0.640543,-0.889318,-0.879641,-0.613532,-0.771931,-0.811751,-0.822426,-0.820407,-0.714214,-0.605612,-0.62786,-0.513743,-0.624863	0.0722916,-0.530576,-0.130015,-0.159983,0.0762922,-0.302494,-0.310325,0.0450781,-0.267573,0.0300904,0.182938,0.220006,-0.205999,-0.230011,-0.0274169,0.347612,0.131247,0.0294216,0.0572551,-0.198532	0.199977,0.35313,0.11577,0.24003,0.114263,0.175213,-0.716695,-0.66638,-0.815892,-0.886272,-0.716097,-0.847933,-0.727385,-0.730626,-0.811237,-0.850639,-0.682602,-0.645361,-0.554683,-0.486709
0.517163,0.871327,0.786268,0.79213,0.704743,0.821598,-0.252095,-0.0935418,-0.193522,-0.14088,0.0247771,-0.286836,-0.444588,-0.419643,-0.501253,-0.14148,-0.215791,-0.162533,0.133544,-0.00634607	0.588794,0.901831,0.781837,0.689571,0.706612,0.808034,0.562359,0.543512,0.66249,0.788616,0.666441,0.592704,0.387832,0.344463,0.432831,0.818543,0.481404,0.506492,0.558933,0.4084	-0.102993,-0.142405,0.0115008,0.226015,-0.00372238,0.0403533,-0.713327,-0.606232,-0.758737,-0.836555,-0.652437,-0.751738,-0.709998,-0.667603,-0.767557,-0.860384,-0.631584,-0.618139,-0.459703,-0.413674
-0.13199,-0.0295822,-0.0204942,-0.025041,-0.0242806,-0.0208473,0.0605992,-0.0165228,0.278048,0.334714,0.0521488,-0.0599698,-0.221228,-0.0833642,-0.183046,-0.0368935,-0.00434943,-0.0164877,-0.0487084,-0.11597	-0.28467,-0.194899,-0.142415,-0.0464405,-0.132113,-0.175086,-0.189408,-0.0637981,0.03544,-0.0394474,-0.187783,-0.29015,-0.393918,-0.309207,-0.445832,-0.314484,-0.140853,-0.130764,-0.386009,-0.265	0.158641,0.166276,0.122278,0.0214244,0.10818,0.154804,0.247171,0.0473252,0.245022,0.369286,0.237605,0.234256,0.189176,0.231818,0.286138,0.280848,0.136587,0.114523,0.343764,0.153754
-0.115638,-0.0302407,-0.0414529,-0.0727763,-0.0389509,-0.0475122,0.0690416,-0.0561213,0.211293,0.237961,0.0393952,-0.0446938,0.345567,0.185425,0.20691,0.290525,0.0303091,0.0496267,0.108889,-0.033624	-0.186414,-0.297841,-0.196767,-0.24021,-0.284432,-0.38093,-0.52726,-0.405192,-0.342204,-0.706734,-0.481324,-0.570524,-0.47982,-0.547309,-0.652588,-0.564808,-0.295878,-0.503615,-0.819978,-0.607551	0.072335,0.270032,0.156591,0.170413,0.248231,0.339564,0.575357,0.357194,0.516175,0.808693,0.511029,0.53959,0.707995,0.665224,0.757249,0.734765,0.323288,0.539752,0.852729,0.585896
-0.155906,0.000821032,-0.0836426,-0.167513,-0.0636171,0.0414676,0.0396715,0.00235387,0.231268,0.223461,-0.0378936,-0.073921,0.0392015,0.0273063,-0.136498,0.00765778,-0.0764984,-0.104731,0.0489709,-0.0237	-0.740402,-0.756853,-0.707467,-0.786017,-0.759934,-0.887832,-0.946436,-0.785683,-0.773131,-0.962948,-0.839196,-0.827712,-0.867656,-0.901143,-0.930032,-0.915045,-0.741559,-0.90902,-0.965492,-0.909307	0.660771,0.757204,0.663061,0.71229,0.731691,0.896301,0.950422,0.786582,0.852052,0.976323,0.827621,0.802918,0.877027,0.906152,0.908919,0.916282,0.705057,0.888916,0.968663,0.905113
0.0402432,-0.0100329,-0.109901,-0.157306,-0.082624,0.0190386,-0.032409,0.000824586,0.160992,0.159722,-0.00481917,-0.0288284,-0.000997705,-0.0339719,-0.0640027,0.162696,-0.0743048,-0.132487,-0.00018412,-0.0156314	-0.657791,-0.762564,-0.744734,-0.827805,-0.803815,-0.897836,-0.975236,-0.87807,-0.870039,-0.975617,-0.892594,-0.894261,-0.913961,-0.949974,-0.955676,-0.958056,-0.829305,-0.952754,-0.985234,-0.942705	0.680032,0.758333,0.691424,0.770883,0.772496,0.901465,0.973599,0.878258,0.904358,0.982274,0.89161,0.888334,0.913796,0.94655,0.949767,0.969616,0.804579,0.938765,0.985229,0.940939
-0.177092,0.055895,0.0241261,0.00199671,-0.0584527,-0.00742344,-0.116829,-0.0106791,0.197928,0.209623,0.0463006,0.0215414,0.283125,0.213395,0.234726,0.257997,0.128932,0.102931,0.0923001,-0.0268165	-0.0679387,-0.091756,-0.0274425,-0.177923,-0.210348,-0.225324,-0.498033,-0.349525,-0.209872,-0.627145,-0.349321,-0.373583,-0.489308,-0.40182,-0.48871,-0.452194,-0.107625,-0.429592,-0.721804,-0.51975	-0.110483,0.146898,0.0515345,0.179855,0.153786,0.218266,0.404754,0.340116,0.391536,0.739545,0.389325,0.39197,0.678444,0.566629,0.648988,0.635994,0.233319,0.509973,0.763254,0.499901
-0.134693,0.0409263,0.0189574,0.0566836,-0.0642289,0.0100071,-0.0373906,0.0240226,0.20542,0.378083,-0.0626836,-0.0748951,0.208925,0.177682,0.0343826,0.284169,0.127201,0.0692302,0.285727,0.173735	-0.724214,-0.742276,-0.667927,-0.755731,-0.734942,-0.878097,-0.939464,-0.778293,-0.746859,-0.954786,-0.815687,-0.777378,-0.828783,-0.849806,-0.880391,-0.84392,-0.636544,-0.893803,-0.939131,-0.867766	0.653242,0.760111,0.678296,0.779042,0.703943,0.880368,0.934915,0.787591,0.825613,0.979339,0.793579,0.745911,0.884546,0.892695,0.887897,0.909884,0.706538,0.906915,0.965721,0.905054
-0.12887,0.0491929,0.0220545,0.103946,-0.0705513,0.00897385,0.0266274,0.0302692,0.151622,0.300418,-0.069832,-0.047313,0.0384617,-0.0423027,-0.0430765,0.430391,0.0654731,-0.0592536,0.155649,0.0921006	-0.71612,-0.743902,-0.702184,-0.803245,-0.781614,-0.886706,-0.968774,-0.873507,-0.8524,-0.974322,-0.886125,-0.870077,-0.905326,-0.938283,-0.945258,-0.925318,-0.787392,-0.953988,-0.980501,-0.929623	0.646955,0.765096,0.713193,0.837283,0.752562,0.888609,0.97037,0.880495,0.889111,0.986104,0.870137,0.858088,0.912031,0.933013,0.940476,0.969576,0.811053,0.948342,0.985716,0.941144
-0.025035,0.00335021,0.0885561,0.0398902,-0.0783795,0.179388,-0.0120708,-0.199222,0.182225,0.381403,0.0234216,0.0580225,0.170235,0.285408,0.0805452,-0.00714609,0.177391,-0.116748,0.0689736,0.220126	-0.717663,-0.707416,-0.612093,-0.712308,-0.708714,-0.823371,-0.888689,-0.74123,-0.653661,-0.850396,-0.69591,-0.604968,-0.640517,-0.665622,-0.720562,-0.777053,-0.519644,-0.832199,-0.836492,-0.697298	0.705299,0.709085,0.664623,0.731416,0.667408,0.873709,0.886124,0.635914,0.746918,0.930121,0.707795,0.640507,0.73104,0.799202,0.757163,0.774206,0.638205,0.792442,0.856073,0.795344
0.0219723,-0.00212494,0.104491,0.164264,-0.0616682,0.207287,0.466825,-0.00416449,0.270732,0.521311,0.0877531,0.131428,0.146954,0.237493,0.200021,0.514196,0.167528,0.0531068,0.47887,0.251535	-0.699802,-0.711758,-0.644819,-0.7384,-0.751308,-0.832463,-0.924562,-0.835351,-0.774874,-0.907525,-0.810602,-0.771309,-0.794778,-0.835219,-0.854345,-0.879946,-0.728339,-0.919466,-0.934967,-0.831728	0.710845,0.710708,0.70201,0.805021,0.723144,0.886736,0.971905,0.834088,0.864292,0.96995,0.838696,0.819648,0.843244,0.895151,0.900485,0.959846,0.798443,0.927294,0.97659,0.895845
0.476924,0.8673,0.805077,0.876887,0.670999,0.872484,0.947666,0.793627,0.930504,0.960267,0.81384,0.906021,0.857261,0.887787,0.865586,0.944228,0.797269,0.858467,0.9295,0.82344	0.511458,0.882238,0.694476,0.532564,0.422232,0.82445,0.00387763,-0.039567,0.326857,0.364157,0.268404,0.415774,0.203814,0.134977,-0.0122226,-0.102231,0.0565481,-0.271332,-0.163148,-0.02743	-0.0456759,-0.0636113,0.250857,0.646006,0.347109,0.171137,0.947269,0.807827,0.867485,0.916652,0.69788,0.786535,0.791791,0.855301,0.868619,0.954337,0.775692,0.916353,0.948771,0.832076
-0.0518923,0.0834931,0.0628795,0.0711497,-0.0217182,0.0296036,-0.181633,0.0434162,0.0124193,0.0121041,0.0111715,0.0557318,-0.0846329,0.0563201,0.0689611,0.000795078,0.0949342,0.0531888,0.0196644,0.000915884	0.0636932,-0.0648083,-0.00710888,-0.130251,-0.181955,-0.200012,-0.54249,-0.326866,-0.433498,-0.757225,-0.365967,-0.350653,-0.423978,-0.396181,-0.452166,-0.464002,-0.101065,-0.425309,-0.711587,-0.462389	-0.115205,0.147503,0.0699571,0.199552,0.160873,0.228264,0.4003,0.365101,0.443529,0.762342,0.375603,0.398595,0.351975,0.442624,0.505369,0.464625,0.194136,0.467913,0.72116,0.463109
0.0259789,0.0382437,0.10244,0.208815,-0.00500685,-0.0255579,-0.0770851,0.0207191,-0.00891686,0.189367,-0.0285323,-0.0166976,0.151019,0.153864,0.115357,0.260518,0.185303,0.161896,0.238519,0.166442	-0.620664,-0.731287,-0.633175,-0.689475,-0.712222,-0.873961,-0.946799,-0.770027,-0.834905,-0.967245,-0.808625,-0.771214,-0.807493,-0.848028,-0.849092,-0.836445,-0.611412,-0.874679,-0.938133,-0.846883	0.636382,0.748595,0.690807,0.785237,0.709746,0.867786,0.938187,0.778328,0.832184,0.977559,0.798516,0.76436,0.854329,0.886253,0.87841,0.900694,0.715636,0.907997,0.961504,0.888136
-0.129264,0.0576384,0.132356,0.240024,0.00630304,-0.00762157,0.0590162,0.0286947,0.00873496,0.141801,-0.0634316,-0.0250446,0.0341453,-0.0138364,0.0101233,0.31773,0.129121,0.0808898,0.147509,0.0899951	-0.63158,-0.732467,-0.66626,-0.747841,-0.757646,-0.880164,-0.970449,-0.870463,-0.893479,-0.980489,-0.883007,-0.872577,-0.888938,-0.933822,-0.930049,-0.93095,-0.767742,-0.941262,-0.979545,-0.916641	0.546971,0.7581,0.733898,0.837529,0.760319,0.878435,0.973699,0.877246,0.895227,0.9853,0.868204,0.866467,0.895891,0.932028,0.931403,0.963643,0.815974,0.949833,0.984764,0.929924
0.124123,0.00250106,0.162323,0.177146,-0.02127,0.139607,-0.0326284,-0.192278,0.0195505,0.315099,0.0452981,0.0982449,0.155519,0.291719,0.131669,-0.0110834,0.224657,-0.0523504,0.0579922,0.224341	-0.624137,-0.696491,-0.576857,-0.643756,-0.681116,-0.818044,-0.895847,-0.726868,-0.738811,-0.863656,-0.686989,-0.589033,-0.68447,-0.688004,-0.717417,-0.796264,-0.505204,-0.816663,-0.839656,-0.689041	0.694461,0.697776,0.675891,0.73687,0.669546,0.859493,0.889211,0.621443,0.747564,0.926594,0.710186,0.649681,0.759176,0.815957,0.775802,0.792172,0.655467,0.798449,0.855968,0.791094
-0.0208355,0.00677387,0.201854,0.269535,0.00957798,0.181125,0.50906,-0.00463388,0.184068,0.468978,0.0874156,0.145859,0.150883,0.266422,0.221469,0.454592,0.221895,0.144881,0.482839,0.254459	-0.626602,-0.70025,-0.6094,-0.684029,-0.723362,-0.825489,-0.926397,-0.828826,-0.815016,-0.913608,-0.805474,-0.764273,-0.809052,-0.842687,-0.850653,-0.891514,-0.712702,-0.907763,-0.935444,-0.828059	0.61378,0.703686,0.722393,0.805124,0.727897,0.875685,0.975445,0.82737,0.868755,0.967884,0.834156,0.81885,0.855502,0.905757,0.902161,0.957895,0.806978,0.930294,0.977002,0.894121
0.434318,0.865516,0.822044,0.873274,0.677017,0.870839,0.951199,0.792826,0.934382,0.960668,0.811977,0.901718,0.85352,0.889116,0.857285,0.943271,0.804634,0.859841,0.933472,0.800054	0.536537,0.875088,0.703035,0.544171,0.428883,0.818775,0.00268965,-0.039861,0.307165,0.360764,0.272122,0.421326,0.199145,0.132652,-0.00345046,-0.104023,0.0712187,-0.259687,-0.164322,-0.0247188	-0.133275,-0.039457,0.281963,0.627114,0.349661,0.18142,0.950942,0.807177,0.879699,0.918091,0.692972,0.774723,0.788379,0.857614,0.858197,0.953714,0.777998,0.915178,0.951798,0.808778
0.100029,-0.0339183,0.076586,-0.00913889,-0.0162679,0.161874,0.00933615,-0.215847,0.0253011,0.263576,0.0676107,0.104061,0.0613097,0.200494,0.063157,-0.178046,0.0737977,-0.159425,-0.026066,0.13098	-0.629605,-0.733153,-0.63581,-0.730669,-0.673241,-0.817119,-0.884279,-0.744182,-0.73299,-0.872182,-0.691567,-0.582757,-0.720766,-0.7042,-0.739377,-0.815358,-0.576364,-0.844911,-0.849102,-0.709722	0.686405,0.717066,0.679318,0.72638,0.664248,0.864628,0.886298,0.629442,0.744484,0.923466,0.725266,0.647549,0.748978,0.792765,0.76673,0.745543,0.623636,0.792194,0.841664,0.769197
0.13179,-0.0476732,0.0911032,0.0857321,0.00371864,0.188093,0.454861,-0.0280097,0.167628,0.429294,0.139955,0.153159,0.143365,0.27842,0.228919,0.200453,0.11519,0.0977349,0.415484,0.2059	-0.605325,-0.741259,-0.66767,-0.76149,-0.719861,-0.825923,-0.925279,-0.839816,-0.808496,-0.917032,-0.805617,-0.754733,-0.824623,-0.844573,-0.858954,-0.901878,-0.758436,-0.920496,-0.937829,-0.838143	0.682656,0.718994,0.715266,0.795301,0.721648,0.877669,0.971332,0.831362,0.859623,0.966025,0.849761,0.813819,0.865649,0.909199,0.909113,0.933559,0.803435,0.934187,0.97385,0.890386
0.491869,0.873696,0.812758,0.869837,0.672516,0.873589,0.950846,0.792121,0.924294,0.957677,0.817876,0.892756,0.859289,0.892762,0.870876,0.912187,0.797751,0.869778,0.930597,0.813489	0.528456,0.892337,0.701043,0.533634,0.43109,0.825133,0.00523842,-0.0430197,0.306409,0.357224,0.273349,0.418643,0.183059,0.118707,-0.0151235,-0.12584,0.0274799,-0.274218,-0.171545,-0.0471874	-0.0494376,-0.0845894,0.259669,0.62745,0.339995,0.173571,0.950342,0.807619,0.862018,0.912688,0.701318,0.757061,0.802456,0.865811,0.874482,0.931142,0.787535,0.923688,0.950418,0.828859
0.468756,0.876841,0.801135,0.835008,0.666405,0.861438,0.907987,0.767262,0.882143,0.936811,0.792615,0.859517,0.82515,0.852768,0.823006,0.875945,0.789517,0.820307,0.887017,0.771527	0.518145,0.888978,0.693951,0.536355,0.437959,0.816895,0.00477113,-0.00144675,0.306786,0.347976,0.266276,0.402036,0.176274,0.0916125,-0.0259586,-0.107473,0.00791807,-0.257919,-0.173451,-0.0789893	-0.0652335,-0.0550423,0.241376,0.540902,0.3226,0.150336,0.907146,0.767857,0.78884,0.873626,0.667143,0.699039,0.759322,0.82566,0.831206,0.898804,0.786515,0.889939,0.919066,0.801662
