-0.123377,-0.277319,-0.249994,-0.00496127,0.112955,0.196766,-0.00868768,0.26546,-0.0258513,0.154107,0.00556372,-0.0682581,-0.159302,0.0192541,-0.0380153,0.19072,-0.00145584,0.0450741,0.169119,0.223232	-0.72265,-0.621724,-0.678398,-0.474497,-0.650736,-0.476203,-0.488937,-0.548599,-0.581103,-0.223225,-0.45443,-0.232052,-0.621623,-0.385345,-0.654976,-0.480405,-0.59096,-0.61319,-0.317052,-0.320686	0.657933,0.416157,0.515899,0.470644,0.7114,0.615314,0.482298,0.710577,0.56372,0.364784,0.458833,0.16643,0.513135,0.401619,0.632714,0.614796,0.590011,0.64056,0.461429,0.507582
-0.18089,-0.350983,-0.194576,0.0557138,-0.0689236,0.227032,-0.00367224,0.0817842,-0.205034,0.0424278,-0.124576,-0.180134,-0.314792,-0.00748012,-0.0865397,0.191603,-0.0993251,-0.0182336,0.0457335,0.182644	-0.744661,-0.665161,-0.679181,-0.496102,-0.749173,-0.461493,-0.478166,-0.726924,-0.71695,-0.377438,-0.509644,-0.201575,-0.774747,-0.37504,-0.679411,-0.454086,-0.678364,-0.62694,-0.419275,-0.420606	0.651534,0.409865,0.558398,0.536974,0.717287,0.623228,0.475328,0.763328,0.600135,0.413248,0.411173,0.0222493,0.608314,0.368594,0.629908,0.594008,0.620872,0.615745,0.45626,0.560214
0.19718,0.084064,-0.107253,-0.0514655,0.0142515,0.000340683,0.00664111,0.10449,-0.0467919,-0.0509116,-0.0885212,-0.180673,0.00317643,-0.192091,-0.184774,0.117886,-0.162768,-0.127864,-0.189421,0.0189592	-0.627822,-0.517623,-0.641889,-0.489964,-0.704196,-0.766918,-0.60613,-0.814529,-0.683702,-0.626842,-0.671008,-0.687563,-0.430364,-0.660146,-0.859517,-0.701047,-0.76603,-0.733455,-0.793297,-0.619164	0.734122,0.576597,0.574164,0.449841,0.711309,0.767058,0.610314,0.846936,0.657959,0.594916,0.619271,0.578789,0.432949,0.536028,0.802136,0.75642,0.689194,0.668263,0.710666,0.63072
0.192522,0.0807287,-0.0635208,-0.0704754,0.0636239,-0.0054919,0.0755445,0.191046,-0.0384083,-0.0935542,-0.157525,-0.158172,0.0141614,-0.119395,-0.142956,0.114957,-0.195927,-0.107723,-0.135435,-0.0207929	-0.628554,-0.51934,-0.601698,-0.492761,-0.678042,-0.788735,-0.533471,-0.800994,-0.678367,-0.603065,-0.720131,-0.636042,-0.411143,-0.57366,-0.831102,-0.706145,-0.773335,-0.721951,-0.758142,-0.695275	0.732443,0.575923,0.559564,0.437478,0.710994,0.786651,0.585423,0.860379,0.657079,0.539976,0.634594,0.531323,0.422842,0.487666,0.780929,0.759452,0.680518,0.666025,0.693962,0.684376
0.108469,-0.0759042,-0.11199,-0.0322145,0.0779094,0.0860389,-0.0167638,0.142931,-0.0361638,-0.0329673,-0.119107,-0.16403,0.00286899,-0.0714198,-0.132736,0.058509,-0.15505,-0.122754,-0.0480611,0.0521411	-0.664846,-0.55893,-0.594665,-0.452042,-0.708652,-0.736117,-0.595017,-0.79012,-0.674145,-0.615694,-0.694802,-0.600087,-0.457446,-0.538741,-0.777911,-0.724386,-0.758112,-0.758783,-0.684968,-0.647146	0.721298,0.504426,0.517113,0.426031,0.745407,0.773186,0.584079,0.838371,0.653924,0.5948,0.627635,0.483665,0.459711,0.486022,0.719464,0.751062,0.683391,0.701355,0.658588,0.676461
0.121921,0.0250226,-0.0667639,-0.033457,0.0358348,-0.0121119,0.0233625,0.0894938,-0.032836,-0.0824079,-0.179171,-0.158359,-0.0200927,-0.112771,-0.181611,0.0500379,-0.168812,-0.120581,-0.0813552,0.0167057	-0.673999,-0.531671,-0.640205,-0.40018,-0.708423,-0.788687,-0.61477,-0.808576,-0.677579,-0.624047,-0.729907,-0.611484,-0.432463,-0.580074,-0.830213,-0.705082,-0.780409,-0.741079,-0.71574,-0.675026	0.735482,0.549384,0.599046,0.3717,0.725831,0.784065,0.629097,0.837468,0.659414,0.571003,0.633597,0.501708,0.415985,0.500012,0.763759,0.729387,0.704396,0.681387,0.673609,0.684018
0.113888,-0.284072,-0.425103,-0.166037,-0.250257,0.445955,0.129305,0.194987,-0.0130356,0.113489,-0.193661,0.175559,-0.31244,-0.0381093,-0.195638,0.15938,-0.0860603,-0.00842125,-0.0303737,0.141169	-0.626821,-0.650889,-0.698754,-0.472669,-0.823043,-0.401815,-0.533952,-0.723422,-0.673027,-0.17461,-0.679417,-0.13589,-0.784971,-0.716235,-0.781056,-0.440396,-0.668256,-0.538113,-0.640449,-0.612548	0.691355,0.450026,0.389287,0.332745,0.721368,0.718942,0.620421,0.804875,0.665833,0.282502,0.559354,0.304191,0.626081,0.697155,0.691007,0.560439,0.617721,0.532103,0.622179,0.693728
0.167133,-0.270141,-0.447291,-0.176013,-0.163099,0.441047,0.110614,0.21837,0.000630242,0.129193,-0.189638,0.157189,-0.304659,-0.016573,-0.272426,0.156339,-0.0137724,-0.00719607,-0.0686217,0.0238991	-0.631566,-0.645598,-0.689512,-0.45206,-0.787372,-0.475873,-0.543602,-0.710505,-0.659447,-0.160417,-0.668969,-0.0409875,-0.7803,-0.701838,-0.805214,-0.446228,-0.608735,-0.545303,-0.6671,-0.738249	0.722441,0.45477,0.35024,0.299909,0.716254,0.757859,0.61711,0.804114,0.659803,0.28373,0.548974,0.196907,0.623975,0.693329,0.682503,0.563272,0.599992,0.540227,0.627189,0.748934
0.759702,0.883539,0.827815,0.710254,0.82524,0.576037,0.78838,0.628721,0.573762,0.723819,0.630455,0.305376,0.284488,-0.146597,0.249348,0.364661,0.780053,0.731307,0.601924,0.693419	0.764341,0.876085,0.761623,0.562081,0.64242,0.649241,0.805836,0.192196,0.336509,0.583344,0.632142,0.43901,-0.0614442,-0.136369,0.0951336,0.411738,0.602191,0.736008,0.504118,0.556463	-0.0110621,0.0329908,0.179129,0.246634,0.389102,-0.116937,-0.0478633,0.496524,0.294022,0.243135,-0.00280499,-0.154323,0.339989,-0.0104361,0.157961,-0.0553939,0.335426,-0.0101816,0.140413,0.223006
-0.350168,-0.154698,-0.194156,0.0147364,0.0574565,-0.0276201,0.0842039,-0.129717,-0.0473909,0.0484178,0.187257,0.166315,-0.0833384,0.197006,0.0195767,0.0617086,0.126981,-0.129543,0.00718911,-0.304747	-0.207751,-0.282156,-0.324739,0.0101714,-0.0478771,-0.435056,-0.14983,-0.5744,-0.211279,-0.373395,-0.0905875,-0.340355,-0.0115932,-0.0732337,-0.403596,-0.300551,-0.19875,-0.324774,-0.589794,-0.554333	-0.153591,0.133276,0.13937,0.00456564,0.105045,0.412391,0.231118,0.480483,0.165545,0.414323,0.27321,0.479526,-0.0718146,0.266396,0.419856,0.355664,0.317712,0.203806,0.594462,0.300319
-0.345434,-0.1568,-0.192803,0.0341857,-0.0688307,-0.0748979,0.102544,-0.190072,-0.0361776,0.0513778,0.198934,0.117348,-0.0913768,0.0878393,-0.0535822,0.0569891,0.150235,-0.129486,-0.0155422,-0.17978	-0.201558,-0.285536,-0.294667,0.0534725,-0.144317,-0.512937,-0.0572684,-0.599092,-0.199724,-0.292988,-0.146368,-0.308909,0.00121137,-0.0707037,-0.395581,-0.316705,-0.199568,-0.302184,-0.549461,-0.548412	-0.154643,0.13477,0.108,-0.0193221,0.0762437,0.45554,0.15888,0.46158,0.164737,0.339259,0.335533,0.411346,-0.0925779,0.157564,0.349404,0.367069,0.339621,0.179731,0.538517,0.408952
-0.231803,0.133077,-0.129941,-0.169207,0.0638088,-0.173672,0.13617,-0.15372,0.0627869,0.0653356,0.196665,0.157206,-0.118452,0.071221,-0.130093,0.0281774,0.135011,-0.0706014,0.00324107,-0.265902	-0.204933,0.0294723,-0.123402,-0.125002,-0.0631069,-0.510167,-0.054233,-0.561679,-0.0910667,-0.341639,-0.118282,-0.233868,-0.0963818,-0.0765092,-0.363907,-0.35392,-0.189128,-0.323797,-0.446797,-0.575141	-0.0282106,0.104013,-0.00664559,-0.0451599,0.126407,0.369207,0.189007,0.446512,0.152979,0.398088,0.307787,0.377206,-0.0223247,0.14693,0.245433,0.378324,0.316068,0.25912,0.449387,0.36507
-0.29411,-0.0462627,-0.193294,-0.169631,0.079422,-0.115253,0.0542752,-0.171094,-0.0119149,0.066742,0.227397,0.13881,-0.089966,0.132775,-0.0757382,0.0562406,0.232781,-0.133511,-0.00753207,-0.210836	-0.22927,-0.171169,-0.317609,-0.0424324,-0.0145854,-0.535384,-0.187498,-0.580066,-0.179158,-0.328854,-0.141273,-0.261986,-0.00263836,-0.0541623,-0.412175,-0.283794,-0.180715,-0.339181,-0.499163,-0.562648	-0.0695283,0.125903,0.132446,-0.128121,0.0938986,0.447761,0.239338,0.454033,0.167601,0.387099,0.357195,0.386732,-0.0873483,0.185603,0.347278,0.334692,0.396804,0.215425,0.493487,0.399163
-0.0825666,0.630804,0.296062,-0.136091,0.176578,-0.363393,0.102717,-0.119847,0.00217549,-0.129039,0.241316,-0.0664781,0.272075,0.0585908,0.0107316,-0.142056,0.140162,-0.0312544,0.28122,-0.0690997	0.0640609,0.566819,0.461046,0.0336413,-0.0853097,-0.330846,-0.0344205,-0.43351,-0.189752,-0.0402265,-0.0292238,-0.120867,-0.113292,-0.416396,-0.228515,-0.0620764,0.0190224,0.102223,-0.217208,-0.418548	-0.145856,0.0995961,-0.191064,-0.168959,0.258002,-0.0369945,0.136655,0.330852,0.191848,-0.0892759,0.268645,0.0548292,0.373844,0.463674,0.238662,-0.0806908,0.121464,-0.133052,0.469735,0.359856
-0.118842,0.630777,0.283421,-0.135124,0.113889,-0.361723,0.1259,-0.136658,-0.017234,-0.101331,0.11335,-0.109385,0.273808,0.0394518,-0.00624487,-0.176976,0.00177264,-0.0783369,0.280112,-0.065115	-0.00248493,0.564412,0.541272,0.104124,-0.0763409,-0.410224,-0.0132916,-0.415574,-0.187988,-0.00362093,-0.107554,-0.07864,-0.101703,-0.415243,-0.244338,-0.111351,-0.0344271,0.0342844,-0.252354,-0.54428	-0.116391,0.103055,-0.304575,-0.235929,0.188591,0.0569523,0.138959,0.29571,0.171309,-0.0977457,0.218243,-0.0310123,0.365337,0.447366,0.238457,-0.0669447,0.0361975,-0.11232,0.497312,0.496771
-0.321223,-0.210692,-0.337047,0.0127825,0.0899165,0.0621734,0.0146486,-0.165199,-0.0421601,-0.0892995,0.301958,0.336954,-0.591101,0.002035,-0.0465683,0.122338,0.124735,-0.0591478,-0.0352653,-0.306927	-0.174496,-0.326216,-0.427478,0.121066,0.134842,-0.429714,-0.218667,-0.428464,-0.0224433,-0.403716,0.0143954,-0.314164,-0.432552,-0.25276,-0.304298,-0.257953,-0.0805169,-0.271981,-0.582624,-0.520322	-0.15544,0.12405,0.105655,-0.108451,-0.0454769,0.479088,0.23257,0.283319,-0.0197355,0.326175,0.288818,0.588789,-0.213012,0.254664,0.261434,0.368657,0.203211,0.216313,0.55884,0.253952
-0.316379,-0.213016,-0.329609,0.0247139,-0.0257069,0.0276636,0.0218427,-0.263811,-0.0263899,-0.0832643,0.26169,0.277389,-0.609611,-0.082859,-0.101131,0.111155,0.157557,-0.070702,-0.0651204,-0.14258	-0.16816,-0.3297,-0.395343,0.15877,0.0327735,-0.506529,-0.140437,-0.48882,-0.00278514,-0.322369,-0.08112,-0.282033,-0.445402,-0.233836,-0.289328,-0.281766,-0.0785694,-0.256207,-0.540633,-0.483839	-0.156547,0.125498,0.0755835,-0.134584,-0.0584311,0.526811,0.161783,0.258321,-0.0236065,0.245699,0.335684,0.518832,-0.225414,0.15396,0.193869,0.380988,0.233239,0.188927,0.492865,0.366545
-0.203035,0.136624,-0.244953,-0.254592,0.0941729,-0.153476,0.115121,-0.275379,0.115676,0.007721,0.258595,0.216636,-0.583892,-0.00714337,-0.11524,0.0495062,0.177021,-0.00911965,0.00799876,-0.267155	-0.177806,0.0377541,-0.202592,-0.131235,0.112815,-0.54093,-0.0861188,-0.476676,0.164651,-0.313039,-0.0573167,-0.273659,-0.45844,-0.165045,-0.220952,-0.333775,-0.0390521,-0.279152,-0.402755,-0.541657	-0.0261738,0.0993826,-0.0445729,-0.127622,-0.0188421,0.422533,0.199265,0.231713,-0.0499258,0.319987,0.311297,0.462855,-0.171307,0.158088,0.108474,0.377051,0.214589,0.270722,0.409434,0.320945
-0.262853,-0.08521,-0.281509,-0.260017,0.0961071,-0.0501509,-0.0723702,-0.251301,-0.000130603,-0.08662,0.313178,0.215591,-0.572303,0.0185278,-0.115231,0.0795289,0.293304,-0.0991404,-0.00313538,-0.183496	-0.197149,-0.201237,-0.369361,-0.0542707,0.159324,-0.539621,-0.301788,-0.468839,0.0152088,-0.365427,-0.058559,-0.294476,-0.39532,-0.174024,-0.31086,-0.261791,-0.0164988,-0.314965,-0.453344,-0.508299	-0.0692948,0.118051,0.0980462,-0.208691,-0.0642005,0.503085,0.23454,0.246592,-0.0153393,0.28792,0.365042,0.479618,-0.228733,0.191933,0.202897,0.334359,0.308311,0.222781,0.45085,0.358214
-0.0470017,0.694283,0.0953575,-0.347552,0.243728,-0.451826,0.172724,-0.210889,0.0162931,-0.271234,0.527218,0.342218,0.910054,0.33998,0.00355426,0.00884401,0.177864,0.100488,0.398739,-0.141033	0.103955,0.635727,0.309524,-0.125914,0.111783,-0.452797,0.00781581,-0.271894,-0.0164072,-0.105407,0.21192,0.121426,0.827568,-0.246216,-0.0916453,0.0571992,0.199072,0.239136,-0.064302,-0.408045	-0.150223,0.104821,-0.22068,-0.231782,0.13564,0.00122084,0.165131,0.0647158,0.0326916,-0.170708,0.354957,0.230365,0.334128,0.540916,0.0951685,-0.0483797,-0.0219866,-0.142062,0.451466,0.283317
-0.0774218,0.693152,0.0680691,-0.395128,0.147153,-0.453819,0.195668,-0.391262,-0.0269646,-0.234044,0.456529,0.414278,0.917816,0.330051,-0.0385567,-0.036278,0.0113154,0.0492942,0.409955,-0.136927	0.0416695,0.632068,0.371605,-0.122604,0.0903154,-0.525084,0.0295331,-0.398914,-0.0398936,-0.0552304,0.189363,0.287663,0.861447,-0.238287,-0.128032,-0.000740357,0.111456,0.166428,-0.0953424,-0.53315	-0.118708,0.108714,-0.311413,-0.286399,0.0576035,0.0935594,0.167101,0.00906744,0.012943,-0.181155,0.292448,0.143746,0.269254,0.526899,0.0899188,-0.0355386,-0.100267,-0.118102,0.48629,0.427426
0.980796,0.95879,0.700047,0.633203,0.620156,0.790469,0.533667,0.609356,0.465692,0.541445,0.810152,0.831519,0.803133,0.521511,0.61261,0.896283,0.835961,0.850172,0.491048,0.472306	0.982777,0.955274,0.738222,0.655583,0.645776,0.664275,0.642979,0.623362,0.469328,0.657457,0.708289,0.930813,0.822526,0.641543,0.711545,0.878283,0.802562,0.883937,0.633414,0.309362	-0.0548812,0.0418172,-0.0790015,-0.0382645,-0.0427331,0.265721,-0.166416,-0.0225852,-0.00465299,-0.180136,0.239015,-0.439331,-0.0571391,-0.180382,-0.175387,0.0845826,0.101488,-0.135876,-0.206638,0.190827
0.338005,0.230682,0.110083,0.105767,0.339473,0.147934,0.284091,0.290764,0.21512,0.261702,0.621225,0.362247,0.671374,0.332903,0.293653,0.33032,0.477085,0.393045,0.164786,0.355267	0.141067,0.297649,0.280828,0.157993,0.311958,0.173579,0.349658,0.348178,0.244007,0.301693,0.575281,0.527231,0.624492,0.458072,0.549365,0.264713,0.463455,0.325419,0.441321,0.23872	0.206799,-0.0719036,-0.176192,-0.0531142,0.0307746,-0.0263204,-0.0727993,-0.0638814,-0.030487,-0.0434183,0.0714943,-0.203933,0.0807297,-0.147691,-0.304899,0.071893,0.0174987,0.0775448,-0.298223,0.127347
0.648436,0.71556,0.292768,0.309311,0.448646,0.398135,0.302457,0.400848,0.18436,0.435602,0.784645,0.634893,0.745436,0.495659,0.501725,0.627116,0.622833,0.549563,0.327295,0.371665	0.488582,0.736078,0.324329,0.444278,0.466261,0.266621,0.290001,0.420543,0.180147,0.494954,0.660198,0.776086,0.759857,0.581148,0.615103,0.633487,0.530709,0.531314,0.557435,0.208404	0.233984,-0.0433511,-0.034872,-0.156468,-0.0222745,0.147132,0.0136537,-0.0236878,0.00435763,-0.0756661,0.258201,-0.278339,-0.0332605,-0.120078,-0.163986,-0.0105699,0.137611,0.0257747,-0.281498,0.176969
-0.249994,-0.103779,-0.130855,-0.119703,0.0800613,-0.650292,-0.220946,-0.433685,-0.256736,-0.475096,-0.0946625,-0.510831,-0.42637,-0.0179869,-0.361831,-0.362731,-0.154541,-0.286106,-0.35618,-0.264251	-0.271298,0.00276286,0.125824,0.0482717,-0.0741442,-0.357764,-0.121755,-0.217083,-0.29728,-0.0464721,-0.0714488,-0.11451,-0.598809,-0.279359,-0.185452,0.0340863,0.042919,0.00771698,-0.0344935,-0.260043	0.0228541,-0.106511,-0.252521,-0.16701,0.153296,-0.381219,-0.101933,-0.239114,0.0438948,-0.4383,-0.0233718,-0.420945,0.23156,0.262692,-0.189066,-0.391971,-0.196159,-0.293175,-0.325688,-0.0045183
-0.315004,-0.102725,-0.13965,-0.144257,-0.00801342,-0.658358,-0.258642,-0.452288,-0.251427,-0.481782,-0.159743,-0.45351,-0.425428,-0.0455147,-0.364024,-0.339601,-0.285002,-0.277448,-0.334654,-0.0220813	-0.36006,0.000819018,0.187593,0.0864418,-0.0923615,-0.443569,-0.164634,-0.178839,-0.276141,-0.0547664,-0.0995399,0.042681,-0.594948,-0.284749,-0.181695,0.0526831,-0.0526854,0.00437534,-0.0503563,-0.266431	0.0508198,-0.103536,-0.318889,-0.227858,0.0844106,-0.303387,-0.0981898,-0.297515,0.0265569,-0.438588,-0.0611754,-0.486769,0.226967,0.242375,-0.195242,-0.385389,-0.235858,-0.281482,-0.289171,0.245796
0.340526,0.225043,0.112578,0.128508,0.268655,0.109906,0.337719,0.236556,0.164476,0.308502,0.642687,0.466074,0.685063,0.356899,0.38953,0.331999,0.500416,0.411102,0.248635,0.199151	0.14265,0.294839,0.24385,0.160279,0.219723,0.245852,0.306458,0.283176,0.188792,0.243637,0.706126,0.526773,0.618311,0.366842,0.544094,0.283262,0.523373,0.307598,0.413929,0.239744	0.20798,-0.0747568,-0.134977,-0.0324396,0.0520019,-0.139721,0.034869,-0.0499664,-0.0250956,0.0701369,-0.11615,-0.0804512,0.115804,-0.0114415,-0.196132,0.053796,-0.0311018,0.118487,-0.184258,-0.0426284
0.651521,0.713649,0.28112,0.339944,0.36247,0.396906,0.411202,0.365532,0.154634,0.448547,0.851639,0.658302,0.725911,0.52306,0.543518,0.609932,0.635458,0.548334,0.49824,0.395169	0.490326,0.737666,0.27507,0.455134,0.356919,0.37915,0.298986,0.373359,0.147157,0.396371,0.83276,0.695968,0.720536,0.493086,0.552907,0.634654,0.582169,0.495674,0.600693,0.391017	0.236862,-0.0507163,0.00655667,-0.136274,0.00637538,0.0209013,0.127947,-0.0090635,0.00765097,0.0634586,0.0649223,-0.0695133,0.0112683,0.0403909,-0.0134228,-0.0403367,0.0845797,0.0723159,-0.146212,0.00491027
-0.246268,-0.110072,-0.111645,-0.0790162,0.0189572,-0.692449,-0.142127,-0.457291,-0.214282,-0.385403,-0.315893,-0.421991,-0.438145,0.00753761,-0.273686,-0.365448,-0.0893579,-0.259238,-0.410246,-0.329901	-0.26856,-0.00168083,0.10498,0.0743364,-0.137541,-0.384176,-0.113201,-0.259638,-0.259164,0.00794686,-0.227562,-0.0514462,-0.61598,-0.337035,-0.151083,0.049347,0.149523,0.0255411,-0.210325,-0.215693	0.0238703,-0.108412,-0.214116,-0.152457,0.156091,-0.420004,-0.0293986,-0.224282,0.0475212,-0.392149,-0.0951734,-0.378768,0.243572,0.343699,-0.127892,-0.407447,-0.235731,-0.282906,-0.2188,-0.122957
-0.311783,-0.108975,-0.132695,-0.0924127,-0.0591361,-0.702676,-0.166322,-0.45592,-0.20482,-0.399148,-0.42969,-0.375037,-0.438496,-0.0178787,-0.29731,-0.342385,-0.211274,-0.25151,-0.377566,-0.0755272	-0.35781,-0.00364795,0.149308,0.127425,-0.152501,-0.471477,-0.13927,-0.198213,-0.233234,-0.00983231,-0.322413,0.0898092,-0.613272,-0.340054,-0.175394,0.0691637,0.0675913,0.0200884,-0.218571,-0.191914	0.0518072,-0.105369,-0.276525,-0.217279,0.0942148,-0.345742,-0.0276937,-0.283309,0.0298403,-0.39085,-0.124529,-0.4497,0.239064,0.324146,-0.128623,-0.402028,-0.274939,-0.270233,-0.173296,0.118099
0.120788,0.281464,0.181713,0.0709441,0.245405,0.137064,0.209538,0.332293,0.261212,0.307266,0.682226,0.542136,0.592607,0.400818,0.440813,0.286067,0.477128,0.285211,0.314672,0.308828	0.180224,0.235093,0.0301064,0.153318,0.288675,-0.00151215,0.136943,0.294513,0.226955,0.322996,0.59814,0.518532,0.653502,0.361586,0.297201,0.356537,0.398658,0.33463,0.246354,0.262707	-0.0607583,0.0496568,0.152441,-0.0832801,-0.0465688,0.138547,0.0747389,0.0418784,0.0364152,-0.017463,0.142054,0.0328341,-0.0993827,0.0458819,0.165263,-0.0784736,0.0969016,-0.0546323,0.0740597,0.0501929
-0.228189,0.16733,0.0125593,-0.0228701,-0.0118237,-0.55063,-0.044306,-0.371419,-0.133271,-0.447328,-0.192054,-0.403146,-0.454478,-0.0208223,-0.241961,-0.244997,-0.104344,-0.270815,-0.307302,-0.322425	-0.117633,0.225805,0.128876,0.105671,-0.148828,-0.181162,0.016472,-0.185542,-0.200004,0.0140465,-0.139076,-0.104339,-0.593099,-0.369133,-0.223523,0.236409,0.113876,0.103726,-0.223416,-0.241471	-0.113606,-0.0607713,-0.116506,-0.128232,0.137246,-0.410407,-0.0607337,-0.199635,0.0685607,-0.458493,-0.054432,-0.311928,0.189775,0.351008,-0.019492,-0.45505,-0.215657,-0.364307,-0.0900696,-0.0877889
-0.275619,0.166458,-0.00623161,-0.0504284,-0.0926663,-0.549115,-0.0545748,-0.397226,-0.135381,-0.453371,-0.293607,-0.42518,-0.453903,-0.0409049,-0.254321,-0.216662,-0.17901,-0.266852,-0.311164,-0.0913773	-0.197733,0.220591,0.181801,0.144188,-0.158799,-0.264377,0.00397959,-0.159527,-0.183682,0.00969157,-0.211487,-0.0524754,-0.589351,-0.36941,-0.234297,0.271383,0.0983832,0.0903186,-0.269487,-0.231435	-0.0823761,-0.0561964,-0.187819,-0.193211,0.0671205,-0.333095,-0.0585416,-0.253781,0.0495328,-0.461036,-0.0875565,-0.381209,0.184913,0.333545,-0.0212929,-0.460942,-0.272592,-0.348765,-0.045491,0.143084
-0.222,0.0127465,-0.247538,0.0306671,0.0823874,-0.665965,-0.294933,-0.414605,-0.269499,-0.464658,-0.297019,-0.438735,-0.385928,-0.000236973,-0.316543,-0.341827,-0.104208,-0.296556,-0.3917,-0.323229	-0.15756,0.110855,-0.0143264,0.0709156,-0.0922359,-0.302954,-0.195562,-0.222631,-0.307453,-0.0486131,-0.187962,-0.124969,-0.578672,-0.317623,-0.207528,0.026492,0.188021,0.0270303,-0.265045,-0.208887	-0.0667752,-0.098247,-0.234042,-0.0403362,0.173306,-0.454762,-0.105454,-0.211496,0.0413825,-0.42566,-0.115506,-0.331967,0.248165,0.31741,-0.116679,-0.365013,-0.286613,-0.321013,-0.141328,-0.122621
-0.290532,0.0144834,-0.272767,0.0118584,0.0262472,-0.663089,-0.304019,-0.440002,-0.266889,-0.47695,-0.366184,-0.440714,-0.388679,-0.0249244,-0.327277,-0.322526,-0.189379,-0.291357,-0.385258,-0.0535607	-0.257127,0.108889,0.0233271,0.117458,-0.0772183,-0.3678,-0.20702,-0.201395,-0.289151,-0.0641998,-0.22648,-0.0491326,-0.577254,-0.321612,-0.21641,0.0438712,0.147332,0.0172799,-0.299447,-0.166005	-0.0361028,-0.0945547,-0.294222,-0.105747,0.103256,-0.390534,-0.103513,-0.261808,0.0241234,-0.425788,-0.152338,-0.400248,0.243125,0.299085,-0.119318,-0.361285,-0.327571,-0.307091,-0.0970016,0.113453
0.718297,0.927377,0.856176,0.69786,0.721629,0.72306,0.940595,0.72698,0.861838,0.891489,0.773655,0.809206,0.885736,0.52517,0.720195,0.862197,0.634815,0.917823,0.935272,0.710665	0.663268,0.922358,0.938917,0.776236,0.817421,0.506106,0.93809,0.828541,0.891248,0.899469,0.82676,0.953934,0.911116,0.554091,0.723113,0.847459,0.740499,0.897661,0.861229,0.300552	0.105103,0.0347029,-0.421887,-0.171017,-0.233566,0.342168,0.0212928,-0.255393,-0.126828,-0.0402768,-0.14736,-0.634574,-0.131508,-0.0407899,-0.00608764,0.0547211,-0.199434,0.114488,0.380652,0.521501
0.784672,0.915006,0.835634,0.664459,0.86685,0.517843,0.796686,0.669306,0.646746,0.746928,0.694983,0.429951,0.446529,-0.141231,0.282571,0.285054,0.810865,0.74556,0.613346,0.667965	0.756393,0.85972,0.826184,0.572974,0.594291,0.607857,0.817993,0.103004,0.316838,0.495145,0.591248,0.459542,0.0324471,-0.145659,0.103895,0.337007,0.581258,0.710505,0.395421,0.463266	0.0695703,0.259129,0.030522,0.147728,0.562163,-0.131364,-0.0611718,0.608234,0.414933,0.399552,0.176092,-0.0368773,0.420169,0.00452084,0.18408,-0.0574739,0.434303,0.0745415,0.287701,0.296428
-0.40088,-0.175641,-0.119219,0.0526263,0.0513593,-0.0287001,0.0826334,-0.190418,-0.0228201,0.0966218,0.233,0.307059,-0.0780077,0.308029,0.0887438,0.00098146,0.209348,-0.0652674,0.168206,-0.343328	-0.145755,-0.122648,-0.210753,0.0133421,-0.0878552,-0.480044,-0.149639,-0.642471,-0.194741,-0.441854,-0.0903384,-0.310654,0.0622329,-0.0778889,-0.391897,-0.376925,-0.192739,-0.328638,-0.608573,-0.626888	-0.270957,-0.0541605,0.0938929,0.0393118,0.138589,0.457649,0.229436,0.515066,0.172688,0.516428,0.316673,0.563921,-0.139563,0.376875,0.464487,0.377767,0.386492,0.269144,0.704648,0.361327
-0.394171,-0.175568,-0.138973,0.0853804,-0.0958776,-0.0736458,0.0617427,-0.289291,-0.0157584,0.126743,0.272954,0.238203,-0.0913992,0.158202,-0.00122898,-0.00297363,0.251568,-0.0767564,0.0951586,-0.185267	-0.138619,-0.126959,-0.180988,0.055353,-0.183332,-0.546707,-0.0555178,-0.673177,-0.183009,-0.352691,-0.13907,-0.277294,0.0762917,-0.0774133,-0.382478,-0.393017,-0.191779,-0.308137,-0.585022,-0.614393	-0.270322,-0.0497172,0.0430998,0.0301699,0.089019,0.492907,0.11686,0.476725,0.167735,0.458919,0.396955,0.483557,-0.16653,0.232765,0.381428,0.3905,0.422942,0.236986,0.644312,0.484246
-0.27003,0.156208,-0.0576044,-0.144818,0.0331437,-0.226508,0.14733,-0.239479,0.0790143,0.0980344,0.254243,0.280498,-0.110816,0.113817,-0.0747752,-0.00229561,0.208878,-0.0109523,0.0399968,-0.321415	-0.153938,0.18653,0.0121449,-0.117396,-0.105436,-0.572636,-0.0504687,-0.642093,-0.0764639,-0.412868,-0.11436,-0.195045,-0.0228813,-0.0841061,-0.345418,-0.413706,-0.181337,-0.33271,-0.496825,-0.645731	-0.121127,-0.0312327,-0.0697005,-0.0278966,0.138097,0.397713,0.196339,0.475773,0.154544,0.491028,0.358188,0.450876,-0.0881581,0.196047,0.277819,0.411802,0.375975,0.322935,0.526362,0.409257
-0.331691,-0.0525281,-0.139383,-0.146047,0.0652156,-0.11317,0.0425322,-0.232033,0.00457075,0.144386,0.31654,0.257401,-0.0710084,0.199015,-0.00325479,0.0313373,0.314525,-0.076612,0.0585075,-0.239696	-0.177049,-0.0103458,-0.192921,-0.0379086,-0.0569545,-0.570363,-0.18938,-0.651838,-0.163158,-0.399535,-0.13423,-0.225962,0.0711058,-0.0614628,-0.395396,-0.348586,-0.172955,-0.348576,-0.546341,-0.626754	-0.16429,-0.0422053,0.0550178,-0.108741,0.121718,0.48874,0.230059,0.494614,0.167604,0.514255,0.432398,0.456794,-0.1414,0.25733,0.392646,0.375818,0.46233,0.279426,0.586114,0.455485
-0.128458,0.67509,0.500672,-0.0289864,0.263057,-0.596638,0.0374151,-0.227684,0.00815216,-0.23478,0.353065,-0.195116,0.432605,0.0831711,0.0920685,-0.232398,0.175621,-0.0274421,0.304107,-0.169823	0.142691,0.624527,0.500156,0.0339187,-0.108173,-0.523833,-0.0314692,-0.533106,-0.175309,-0.174843,-0.0295955,-0.0852747,-0.011732,-0.421056,-0.204901,-0.170344,0.0187098,0.081189,-0.277418,-0.522802	-0.266268,0.0874191,0.000687602,-0.0628433,0.360959,-0.105904,0.0688033,0.347614,0.183199,-0.0625029,0.378704,-0.111699,0.442093,0.487166,0.291471,-0.0646117,0.157428,-0.10839,0.536282,0.387372
-0.186368,0.668604,0.494259,-0.0238344,0.170479,-0.594341,0.0711975,-0.259567,-0.0169658,-0.21625,0.226291,-0.229507,0.429356,0.0502686,0.108584,-0.259849,0.00790642,-0.0746539,0.33594,-0.0848483	0.0721549,0.625298,0.560503,0.0980298,-0.103198,-0.590453,-0.00916545,-0.527922,-0.173743,-0.138163,-0.1008,-0.0282375,-0.00117574,-0.422025,-0.216961,-0.212064,-0.033297,0.0152516,-0.30473,-0.603295	-0.255092,0.0744182,-0.0916274,-0.12158,0.268946,-0.00599131,0.0803106,0.310967,0.15724,-0.0804922,0.319796,-0.202582,0.430315,0.462482,0.318052,-0.0505718,0.0411925,-0.0898032,0.581174,0.546417
-0.367611,-0.215292,-0.254525,0.049818,0.0810247,0.0641966,0.0114088,-0.202473,-0.0185793,-0.0535398,0.333849,0.456198,-0.519383,0.115188,0.0024309,0.0714106,0.194087,0.00728467,0.109494,-0.331595	-0.0745406,-0.126715,-0.333287,0.0804563,0.161566,-0.478293,-0.22613,-0.454196,0.0951613,-0.416445,0.0838575,-0.21643,-0.259982,-0.22597,-0.268872,-0.337249,-0.0407946,-0.257118,-0.568818,-0.572858	-0.301327,-0.0910608,0.0860628,-0.0307615,-0.0816095,0.526329,0.236927,0.277216,-0.11354,0.371181,0.257191,0.612184,-0.299897,0.332503,0.271126,0.399049,0.233037,0.263908,0.638542,0.29784
-0.360849,-0.215399,-0.266947,0.074351,-0.049448,0.0312601,-0.0211967,-0.325441,-0.00711347,-0.0186418,0.313324,0.371354,-0.540132,-0.0100714,-0.0612735,0.0602778,0.243824,-0.0164892,0.0319716,-0.139997	-0.0675665,-0.131436,-0.30122,0.115762,0.0600179,-0.544805,-0.148057,-0.52029,0.116365,-0.319391,-0.0162263,-0.177215,-0.271858,-0.213255,-0.254324,-0.363148,-0.0405678,-0.241534,-0.539287,-0.535487	-0.300612,-0.0864096,0.0372702,-0.0417707,-0.109142,0.566419,0.12726,0.234566,-0.123376,0.30255,0.327883,0.514697,-0.314448,0.203621,0.196107,0.414356,0.281607,0.225945,0.561576,0.427541
-0.239999,0.155453,-0.164163,-0.235398,0.063678,-0.215603,0.128251,-0.331449,0.123233,0.0312397,0.297129,0.319047,-0.517484,0.0379004,-0.0705919,0.0227187,0.236728,0.0523171,0.0402589,-0.308158	-0.0963414,0.237021,-0.0908651,-0.16036,0.143109,-0.611715,-0.0860654,-0.512224,0.2764,-0.328868,0.011188,-0.166249,-0.297489,-0.153424,-0.185057,-0.394338,-0.00212777,-0.26915,-0.408717,-0.592814	-0.147058,-0.0846881,-0.0744075,-0.0779825,-0.080162,0.456291,0.211977,0.217743,-0.158568,0.356446,0.286895,0.460852,-0.260025,0.190218,0.11598,0.413354,0.238736,0.317004,0.441708,0.34828
-0.298535,-0.0827871,-0.224316,-0.24276,0.079244,-0.0455519,-0.0913851,-0.282623,0.0137214,-0.029863,0.377774,0.320134,-0.490453,0.0879792,-0.05737,0.0584665,0.35825,-0.0401099,0.0542611,-0.201221	-0.111473,2.53559e-05,-0.270792,-0.0907771,0.187955,-0.577144,-0.318483,-0.492374,0.122986,-0.377316,0.00554718,-0.190545,-0.217823,-0.159787,-0.272003,-0.325335,0.0187969,-0.305991,-0.4584,-0.555163	-0.193501,-0.0828123,0.049482,-0.155407,-0.110355,0.545945,0.233906,0.243658,-0.109449,0.351413,0.373008,0.481318,-0.305239,0.244332,0.218036,0.376637,0.341755,0.269185,0.500219,0.398453
-0.093968,0.71536,0.346323,-0.255438,0.29695,-0.723799,0.103808,-0.285083,0.0201263,-0.360679,0.577842,0.230763,0.935288,0.350671,0.0685143,-0.0748021,0.20247,0.100271,0.376549,-0.228996	0.227612,0.721254,0.35387,-0.151318,0.117361,-0.691947,0.0103484,-0.312587,0.0718552,-0.154076,0.259403,0.327929,0.883834,-0.236066,-0.0566735,-0.0428987,0.229419,0.237485,-0.0791185,-0.486968	-0.314846,-0.0121752,-0.00860175,-0.108306,0.186073,-0.06381,0.0935596,0.0301946,-0.0518039,-0.21876,0.374588,-0.10512,0.296807,0.541879,0.124704,-0.0320061,-0.0282616,-0.140562,0.442485,0.290351
-0.145627,0.709075,0.324143,-0.301341,0.184113,-0.725689,0.138051,-0.493079,-0.0251717,-0.333853,0.507693,0.314507,0.93467,0.328764,0.0498595,-0.116282,0.01629,0.0502931,0.415505,-0.153254	0.161637,0.720992,0.400735,-0.150932,0.100834,-0.741488,0.0328679,-0.470343,0.0487695,-0.100203,0.239507,0.525164,0.912095,-0.229514,-0.0900075,-0.0975154,0.153159,0.167134,-0.105986,-0.572484	-0.300198,-0.0243826,-0.0880256,-0.157576,0.084854,0.0342033,0.105662,-0.0296004,-0.0738506,-0.241736,0.305311,-0.252335,0.153062,0.519109,0.139242,-0.0189816,-0.137211,-0.117831,0.499494,0.459548
0.989816,0.955222,0.69387,0.652921,0.589477,0.785103,0.507275,0.586664,0.473379,0.586268,0.837592,0.848142,0.801056,0.535452,0.625505,0.884886,0.84753,0.852762,0.514706,0.482664	0.988415,0.949473,0.751452,0.662262,0.642164,0.658192,0.66927,0.631161,0.481246,0.668914,0.703993,0.948632,0.826977,0.685777,0.73156,0.865032,0.800772,0.895274,0.681564,0.298615	0.0647169,0.0617922,-0.120318,-0.0164566,-0.0847793,0.262619,-0.245262,-0.0706604,-0.0101877,-0.135968,0.325582,-0.514209,-0.0767942,-0.237556,-0.195527,0.0846458,0.145518,-0.179721,-0.257023,0.215043
0.300024,0.279754,0.145597,0.1208,0.306569,0.12048,0.296873,0.260411,0.227566,0.272015,0.651591,0.428732,0.670204,0.339126,0.324905,0.31574,0.497053,0.416862,0.172524,0.331238	0.0627943,0.240599,0.311172,0.184894,0.308096,0.175076,0.34961,0.330963,0.262131,0.323702,0.589763,0.58801,0.623176,0.519885,0.584209,0.226131,0.483904,0.357367,0.507149,0.232874	0.241784,0.0419803,-0.173432,-0.0655582,-0.00168639,-0.0557722,-0.0588448,-0.0772057,-0.0367585,-0.0566777,0.100416,-0.212967,0.0807565,-0.219449,-0.320054,0.0964993,0.0173142,0.0699099,-0.36671,0.106585
0.662891,0.723776,0.296266,0.317861,0.423822,0.401259,0.293914,0.38515,0.19355,0.470078,0.827134,0.673822,0.749537,0.506191,0.537722,0.622893,0.644619,0.578598,0.337273,0.363691	0.436838,0.703263,0.349698,0.461437,0.449796,0.265502,0.290633,0.401457,0.196153,0.507601,0.657391,0.810945,0.750172,0.625051,0.642524,0.599125,0.551588,0.565804,0.611985,0.199876	0.318194,0.0417785,-0.0596082,-0.168255,-0.0320918,0.151944,0.00358751,-0.0192895,-0.00270497,-0.0492829,0.37204,-0.30232,-0.00145232,-0.173872,-0.160125,0.0379197,0.14436,0.0190209,-0.346163,0.176657
-0.338581,0.0611121,0.0531528,-0.0173313,0.15256,-0.753698,-0.279024,-0.480865,-0.243241,-0.518147,0.013524,-0.581881,-0.254566,0.00279508,-0.308229,-0.413493,-0.115954,-0.270892,-0.31926,-0.327372	-0.379868,-0.0426021,0.155019,0.0801412,-0.0684583,-0.43213,-0.133749,-0.257076,-0.273421,-0.00871724,-0.0264751,0.019046,-0.52467,-0.193056,-0.13368,-0.0251073,0.104436,0.0662159,0.0732721,-0.284309	0.0473808,0.103445,-0.102712,-0.0973373,0.218733,-0.476888,-0.150907,-0.255356,0.0323305,-0.511742,0.0399848,-0.59434,0.311741,0.195745,-0.18205,-0.39246,-0.217753,-0.331168,-0.38356,-0.0474814
-0.430092,0.0542854,0.0550396,-0.0372982,0.0449021,-0.759389,-0.313067,-0.505638,-0.242998,-0.528302,-0.0540257,-0.512816,-0.257463,-0.0348569,-0.290138,-0.391575,-0.265581,-0.263044,-0.283015,-0.0340104	-0.473626,-0.0446373,0.206268,0.117891,-0.0851632,-0.520547,-0.180817,-0.224528,-0.252443,-0.0177907,-0.0509956,0.207446,-0.522486,-0.19858,-0.127399,-0.0054954,0.0147354,0.0622584,0.0574147,-0.277788	0.0546712,0.0986836,-0.152965,-0.15451,0.12957,-0.394974,-0.140186,-0.317112,0.0100631,-0.515355,-0.0030385,-0.651007,0.306216,0.164864,-0.168985,-0.386913,-0.279224,-0.320061,-0.334987,0.246103
0.302658,0.272905,0.150171,0.142011,0.239324,0.0843219,0.3604,0.208189,0.177624,0.310456,0.652669,0.52954,0.686494,0.36826,0.419286,0.31768,0.513678,0.440136,0.257305,0.173324	0.0666454,0.239361,0.257631,0.198013,0.194374,0.251637,0.271978,0.244528,0.203205,0.288439,0.73533,0.578001,0.613022,0.403591,0.567625,0.246062,0.551801,0.334899,0.462778,0.25049	0.240871,0.0358886,-0.111785,-0.0576223,0.0471433,-0.170943,0.0980316,-0.0382875,-0.0265385,0.0241819,-0.158941,-0.0698361,0.12686,-0.0414991,-0.19467,0.0776911,-0.0532032,0.123431,-0.233247,-0.0806685
0.665035,0.721278,0.289072,0.345362,0.345224,0.402737,0.413903,0.356151,0.164867,0.478277,0.863304,0.703652,0.731161,0.539708,0.576374,0.603799,0.649913,0.582542,0.508367,0.381757	0.440942,0.706615,0.286555,0.481362,0.324655,0.382295,0.266064,0.335289,0.160169,0.436956,0.833502,0.734598,0.705459,0.514263,0.568754,0.60012,0.611977,0.524791,0.635355,0.397757	0.317073,0.0299048,0.00274397,-0.163118,0.0231654,0.0241626,0.166135,0.0236906,0.00482508,0.0522374,0.106269,-0.0640572,0.0530825,0.0352204,0.0113357,0.00577091,0.0629886,0.0831798,-0.187573,-0.0188642
-0.334056,0.0534884,0.0711152,0.0254145,0.0953928,-0.774104,-0.202677,-0.513363,-0.2013,-0.424224,-0.216148,-0.50176,-0.26543,0.0281885,-0.215431,-0.418025,-0.0553848,-0.246348,-0.3774,-0.382055	-0.374994,-0.0445974,0.11669,0.117869,-0.136782,-0.444472,-0.158574,-0.328115,-0.237697,0.0847888,-0.143558,0.0839348,-0.544181,-0.285064,-0.109051,-0.00946923,0.220565,0.0752593,-0.131445,-0.216942	0.0468006,0.0978524,-0.045956,-0.0927325,0.229184,-0.50254,-0.0455678,-0.222771,0.0382263,-0.49134,-0.0749152,-0.562025,0.325813,0.310755,-0.108939,-0.410179,-0.27262,-0.315753,-0.258793,-0.180036
-0.426541,0.0466125,0.0621241,0.0168948,-0.00227209,-0.78036,-0.222237,-0.518857,-0.197334,-0.441173,-0.336895,-0.441837,-0.269501,-0.00827896,-0.218164,-0.396343,-0.193949,-0.239367,-0.332831,-0.086174	-0.469848,-0.0466211,0.152769,0.170828,-0.151856,-0.531639,-0.187081,-0.275052,-0.212216,0.0655896,-0.234844,0.25077,-0.543024,-0.289173,-0.131386,0.0114563,0.148758,0.0692987,-0.143136,-0.185628	0.0541612,0.0930314,-0.0915135,-0.154379,0.149635,-0.425069,-0.0366808,-0.284391,0.0155324,-0.492511,-0.110819,-0.623521,0.320414,0.281568,-0.0893383,-0.405956,-0.333097,-0.303629,-0.199184,0.101071
0.0737434,0.254959,0.202492,0.088833,0.231468,0.14371,0.198267,0.318505,0.270099,0.345821,0.723438,0.59393,0.595853,0.431829,0.479785,0.267488,0.504278,0.322305,0.339671,0.304078	0.133639,0.274558,0.0786115,0.168511,0.25569,-0.0257788,0.14674,0.264548,0.237887,0.328621,0.607682,0.5766,0.64264,0.371967,0.326401,0.333675,0.424778,0.370665,0.25661,0.2391	-0.0604922,-0.0210736,0.125884,-0.0808886,-0.0257461,0.168863,0.0530715,0.0589224,0.0344245,0.0194054,0.206568,0.0263552,-0.075819,0.0713166,0.181864,-0.0726724,0.101172,-0.0549217,0.0909924,0.0700732
-0.293607,0.326636,0.230571,0.0860155,0.0800329,-0.684474,-0.10255,-0.434787,-0.125919,-0.505662,-0.0888926,-0.499339,-0.2935,0.00128642,-0.175664,-0.295067,-0.069472,-0.263704,-0.277433,-0.377578	-0.183917,0.241907,0.160101,0.119996,-0.153818,-0.280826,0.0271005,-0.246359,-0.185063,0.0458362,-0.0771371,0.0207658,-0.524106,-0.335394,-0.17613,0.209437,0.172166,0.164288,-0.18852,-0.27603	-0.115952,0.0919978,0.0731714,-0.0343345,0.231007,-0.499699,-0.129291,-0.211032,0.0605554,-0.539005,-0.0118366,-0.514767,0.272527,0.336536,0.00048078,-0.475141,-0.238782,-0.41022,-0.0938206,-0.113363
-0.361587,0.317717,0.221912,0.0633801,-0.0288376,-0.688276,-0.105018,-0.466392,-0.134017,-0.517338,-0.192574,-0.513532,-0.296799,-0.0305321,-0.164886,-0.269144,-0.166174,-0.260113,-0.266026,-0.10179	-0.269771,0.239286,0.203317,0.15651,-0.165007,-0.375649,0.0136928,-0.225778,-0.168952,0.0413816,-0.143541,0.100644,-0.52209,-0.337114,-0.183441,0.247198,0.165093,0.149397,-0.232476,-0.251747	-0.101741,0.0848841,0.0194728,-0.0940628,0.136821,-0.421642,-0.11854,-0.268933,0.0357439,-0.547009,-0.0504274,-0.583992,0.266602,0.309771,0.019133,-0.484132,-0.322422,-0.394191,-0.0357622,0.153901
-0.287493,0.175808,-0.0342335,0.145928,0.164142,-0.761497,-0.351901,-0.463246,-0.258132,-0.513039,-0.194879,-0.53157,-0.209732,0.019906,-0.25693,-0.382243,-0.0698848,-0.28917,-0.362354,-0.373605	-0.223248,0.0813223,0.0203811,0.0890283,-0.0913502,-0.364394,-0.218898,-0.258987,-0.290088,0.0188608,-0.0889027,-0.00913293,-0.494607,-0.266554,-0.151802,0.00190633,0.244085,0.0873706,-0.21548,-0.225182	-0.0686512,0.0958561,-0.0545765,0.0576489,0.251718,-0.549612,-0.144104,-0.232105,0.0345425,-0.526803,-0.107845,-0.524986,0.317847,0.284948,-0.109394,-0.383869,-0.308704,-0.367262,-0.159312,-0.162057
-0.378432,0.169303,-0.0506473,0.133439,0.0809661,-0.760706,-0.355385,-0.496318,-0.262543,-0.529429,-0.269974,-0.523931,-0.216065,-0.0153162,-0.247256,-0.365381,-0.173698,-0.284566,-0.340858,-0.0636825	-0.329835,0.0802754,0.0529679,0.133419,-0.0794999,-0.436538,-0.230863,-0.243909,-0.273856,0.00153229,-0.121377,0.0970099,-0.494535,-0.271316,-0.158484,0.0192742,0.211751,0.076465,-0.249105,-0.173439	-0.0555276,0.0902541,-0.103338,2.06728e-05,0.15944,-0.485337,-0.135652,-0.287174,0.0121891,-0.530531,-0.153631,-0.590907,0.311785,0.257068,-0.0923927,-0.381965,-0.371775,-0.353342,-0.100267,0.110982
0.673548,0.935975,0.882086,0.727567,0.709014,0.64598,0.956678,0.707694,0.854933,0.869784,0.797628,0.81173,0.907919,0.523791,0.739144,0.835044,0.615035,0.915648,0.948986,0.715638	0.653571,0.942769,0.935715,0.793566,0.83343,0.376915,0.939167,0.827457,0.892531,0.894522,0.851314,0.961883,0.935768,0.566108,0.714158,0.817724,0.758612,0.896436,0.849825,0.238855	0.0356881,-0.0577802,-0.307122,-0.156163,-0.304131,0.355661,0.172485,-0.288992,-0.158674,-0.111453,-0.167263,-0.684973,-0.185171,-0.0601543,0.0529217,0.054609,-0.26916,0.107221,0.512386,0.575084
0.119692,-0.4139,-0.462437,-0.00274562,0.117685,0.254563,-0.192117,-0.126169,0.00319612,-0.297799,0.257753,0.206439,-0.691235,-0.181035,-0.0743805,0.0970633,0.022696,0.246607,-0.0924562,-0.0338981	-0.796738,-0.957281,-0.902768,-0.614692,-0.743299,-0.779164,-0.839101,-0.754255,-0.570187,-0.844975,-0.575378,-0.550222,-0.675746,-0.138476,-0.481321,-0.535921,-0.752018,-0.799829,-0.8472,-0.802534	0.836645,0.899964,0.755899,0.612981,0.791728,0.862628,0.771326,0.694143,0.57234,0.731159,0.725531,0.679481,-0.029066,-0.0436537,0.42205,0.601686,0.761713,0.874038,0.818886,0.79013
0.119961,-0.415896,-0.460262,-0.0189588,0.144897,0.330325,-0.221507,-0.238281,0.0134869,-0.289172,0.162546,0.198465,-0.7056,-0.153379,-0.0727916,0.0851404,0.053276,0.210814,-0.104343,0.0671789	-0.79556,-0.957411,-0.900649,-0.613015,-0.76402,-0.809019,-0.822952,-0.791657,-0.557044,-0.81425,-0.636392,-0.523242,-0.685493,-0.104134,-0.446811,-0.553076,-0.742472,-0.803828,-0.821129,-0.799398	0.83576,0.8998,0.752201,0.601041,0.818325,0.899076,0.735523,0.682032,0.566276,0.686788,0.724041,0.653812,-0.0389428,-0.0500438,0.386592,0.609515,0.765469,0.867617,0.783955,0.822411
0.116982,0.01959,-0.378926,-0.246766,0.113452,0.109185,-0.0678018,-0.285918,0.114404,-0.130274,0.154317,0.0749837,-0.645362,-0.0713207,-0.0158741,0.0361997,0.145873,0.208248,0.0111312,-0.0340464	-0.797874,-0.8847,-0.869699,-0.737302,-0.733059,-0.804921,-0.801074,-0.778345,-0.444522,-0.807917,-0.638173,-0.539562,-0.669686,-0.024544,-0.384574,-0.590486,-0.711575,-0.806647,-0.761879,-0.825898	0.836756,0.888884,0.732007,0.599634,0.781515,0.84026,0.775387,0.633382,0.531877,0.757355,0.721441,0.590649,0.0428391,-0.0468588,0.370965,0.61357,0.776815,0.86893,0.766509,0.814762
0.132331,-0.261488,-0.276576,-0.254789,0.0621058,0.199448,-0.330446,-0.222945,0.0200759,-0.335617,0.217707,0.0933437,-0.668727,-0.107891,-0.0660787,0.0441607,0.217385,0.116901,0.00777601,0.0439418	-0.799081,-0.934274,-0.879874,-0.71482,-0.735787,-0.806767,-0.87094,-0.759104,-0.537876,-0.843492,-0.623873,-0.550729,-0.647393,-0.040557,-0.469783,-0.540218,-0.701673,-0.819512,-0.765593,-0.812266	0.84234,0.890284,0.797329,0.562473,0.763025,0.866749,0.758905,0.645382,0.551991,0.708422,0.740944,0.612582,-0.0376198,-0.0676301,0.416638,0.570762,0.797424,0.854546,0.768792,0.826701
0.135786,0.452202,-0.601336,-0.491654,0.305969,-0.0996547,0.19428,-0.186846,0.0245193,-0.358552,0.574638,0.449769,0.887942,0.255674,-0.00680547,0.223475,0.133533,0.480567,0.28632,-0.228574	-0.728246,-0.621081,-0.798527,-0.780474,-0.671195,-0.737637,-0.758748,-0.658406,-0.487001,-0.768121,-0.422468,-0.195526,0.705897,-0.138446,-0.326001,-0.285124,-0.625591,-0.54906,-0.547444,-0.838573	0.78628,0.837943,0.379348,0.468653,0.810679,0.688601,0.830591,0.537709,0.505484,0.565243,0.802328,0.593134,0.48779,0.380647,0.319905,0.478133,0.700598,0.814668,0.720785,0.754646
0.160891,0.458288,-0.6429,-0.598403,0.161525,-0.101306,0.196351,-0.429111,-0.0202168,-0.33613,0.697456,0.552545,0.901715,0.262414,-0.0460391,0.202138,0.0260388,0.459543,0.30639,-0.246126	-0.751464,-0.602541,-0.799214,-0.818466,-0.710526,-0.757953,-0.75316,-0.752115,-0.503521,-0.753396,-0.431351,-0.0669722,0.761198,-0.127092,-0.361236,-0.320069,-0.67047,-0.587118,-0.551556,-0.883126	0.813946,0.831282,0.321511,0.431303,0.782271,0.711261,0.827184,0.476928,0.488275,0.558768,0.867747,0.59741,0.448055,0.376935,0.320528,0.490474,0.684558,0.824268,0.73392,0.813913
0.980484,0.973473,0.743194,0.623753,0.751885,0.834542,0.442594,0.636189,0.489106,0.512407,0.738817,0.834907,0.811013,0.516126,0.643387,0.892363,0.82082,0.877898,0.501499,0.504564	0.986945,0.967477,0.774449,0.666508,0.603547,0.667904,0.573946,0.604543,0.504512,0.636742,0.644079,0.901348,0.821716,0.525217,0.673541,0.868915,0.807725,0.908774,0.627182,0.4659	-0.199907,0.10305,-0.0736412,-0.0731771,0.27158,0.376493,-0.176081,0.0514242,-0.0204536,-0.184547,0.180748,-0.268496,-0.0320861,-0.0124714,-0.0532131,0.104391,0.0388588,-0.152711,-0.183354,0.0505461
0.453307,0.110371,0.187836,0.264255,0.29983,0.257942,0.163627,0.358964,0.159941,0.220206,0.513622,0.260652,0.714702,0.316043,0.379142,0.32434,0.428525,0.441271,0.166585,0.473493	0.416628,0.505911,0.437326,0.134967,0.278261,0.175329,0.280452,0.398346,0.312921,0.274679,0.471431,0.429607,0.638655,0.31762,0.488831,0.229727,0.428011,0.428009,0.448407,0.39889	0.0452189,-0.418932,-0.271819,0.134069,0.0235322,0.0865261,-0.122444,-0.0459529,-0.161041,-0.0579807,0.055671,-0.19026,0.139907,-0.00175314,-0.134643,0.10223,0.000629187,0.0163506,-0.304572,0.0919755
0.69993,0.70213,0.4086,0.443198,0.435543,0.471975,0.247587,0.485867,0.201144,0.39355,0.677575,0.585953,0.765739,0.45357,0.536926,0.607182,0.513128,0.610732,0.335893,0.45117	0.648337,0.835488,0.471285,0.397328,0.48414,0.270791,0.206188,0.471602,0.233217,0.470326,0.589036,0.721626,0.773539,0.481818,0.558061,0.612527,0.516718,0.589588,0.558987,0.379921	0.094457,-0.322605,-0.0776351,0.0556737,-0.0615823,0.230665,0.043626,0.0185047,-0.0336512,-0.0942141,0.147349,-0.23507,-0.0191343,-0.0361479,-0.0301777,-0.00851052,-0.00488543,0.0330404,-0.274665,0.0859881
-0.0967874,-0.629991,-0.322014,0.00996563,-0.0948076,-0.451499,-0.320431,-0.3643,-0.253186,-0.397382,-0.31955,-0.463365,-0.666999,-0.0767468,-0.348161,-0.267907,-0.273116,-0.294771,-0.519637,-0.182926	0.130474,0.385216,0.420761,0.0287125,-0.146677,-0.263789,-0.214802,-0.112913,-0.263444,-0.0847583,-0.263792,-0.243835,-0.700024,-0.425705,-0.185647,-0.0237698,-0.071167,0.164127,-0.0511433,-0.0128581	-0.224427,-0.816948,-0.654145,-0.0187522,0.052601,-0.213089,-0.113438,-0.262171,0.0109909,-0.323521,-0.0608911,-0.247493,0.0619511,0.360744,-0.173744,-0.245702,-0.205952,-0.437721,-0.481284,-0.170469
-0.111902,-0.629297,-0.320328,-0.0142098,-0.131625,-0.470041,-0.367375,-0.369945,-0.231554,-0.42268,-0.281747,-0.386101,-0.6662,-0.0880478,-0.333413,-0.216595,-0.291843,-0.243802,-0.509113,0.0255353	0.0522591,0.364339,0.505259,0.0598215,-0.168186,-0.35202,-0.254692,-0.0620555,-0.239858,-0.0937385,-0.289667,-0.113174,-0.695422,-0.42792,-0.176837,-0.00579729,-0.153427,0.15252,-0.0720602,-0.0463995	-0.163207,-0.808309,-0.71058,-0.0739684,0.0373879,-0.141421,-0.124314,-0.315124,0.00879248,-0.342512,0.00862379,-0.285398,0.0544467,0.353179,-0.166386,-0.211063,-0.144905,-0.382113,-0.453697,0.0718497
0.456097,0.105569,0.19098,0.297224,0.20635,0.211374,0.219386,0.299473,0.110256,0.262779,0.577437,0.362676,0.723738,0.317821,0.459873,0.324706,0.461164,0.456457,0.249214,0.356446	0.413827,0.504839,0.402519,0.123165,0.313333,0.270322,0.222504,0.368438,0.242505,0.20674,0.63758,0.465784,0.636673,0.311124,0.538384,0.251971,0.474844,0.408416,0.431648,0.321041	0.0521046,-0.421747,-0.229154,0.180674,-0.114378,-0.0625208,-0.00327887,-0.0775188,-0.135882,0.0592587,-0.0951866,-0.124066,0.161466,0.00743136,-0.104346,0.0792165,-0.0175153,0.0590496,-0.204425,0.0399801
0.703467,0.698439,0.395697,0.483903,0.304201,0.460558,0.362726,0.435034,0.172175,0.408146,0.830544,0.594384,0.745901,0.454178,0.568637,0.589371,0.539297,0.611622,0.50732,0.500513	0.64592,0.837389,0.420885,0.39715,0.492649,0.40842,0.202796,0.45199,0.188363,0.366226,0.840153,0.661082,0.742556,0.472651,0.559493,0.618447,0.557869,0.557727,0.617691,0.46672	0.105473,-0.334711,-0.0302202,0.107392,-0.221669,0.0642173,0.172629,-0.0211058,-0.0167304,0.049287,-0.0317928,-0.10987,0.00749809,-0.0235226,0.0134098,-0.045753,-0.0265644,0.0817973,-0.160743,0.0440932
-0.094439,-0.632249,-0.312154,0.0527149,-0.146466,-0.512553,-0.241725,-0.379632,-0.213861,-0.290861,-0.536612,-0.35689,-0.675844,-0.0477268,-0.261039,-0.267707,-0.204045,-0.260972,-0.564024,-0.258711	0.127894,0.379743,0.403344,0.0336793,-0.107375,-0.254538,-0.219233,-0.108351,-0.234312,-0.0397438,-0.451879,-0.148842,-0.71286,-0.404549,-0.103441,-0.00595416,0.0192905,0.190758,-0.240542,-0.0694774	-0.21968,-0.816062,-0.635487,0.0190694,-0.0397149,-0.296728,-0.0237514,-0.282918,0.0215295,-0.254054,-0.111856,-0.21972,0.0714296,0.363847,-0.161972,-0.262171,-0.222459,-0.430308,-0.374258,-0.192697
-0.109813,-0.631371,-0.323518,0.0391498,-0.172783,-0.536527,-0.278801,-0.365249,-0.187335,-0.323594,-0.584442,-0.290494,-0.676348,-0.055592,-0.271876,-0.216717,-0.219155,-0.208995,-0.534084,-0.0217783	0.0494403,0.35879,0.475796,0.0757185,-0.11898,-0.351263,-0.241594,-0.0301578,-0.206043,-0.0555852,-0.548695,-0.0337617,-0.709659,-0.403629,-0.125214,0.012558,-0.0617836,0.175646,-0.247367,-0.060033	-0.158393,-0.807287,-0.692689,-0.0366774,-0.0549325,-0.228288,-0.0398938,-0.338823,0.0194594,-0.272918,-0.0526212,-0.259276,0.0640551,0.356026,-0.151831,-0.228652,-0.159532,-0.371021,-0.330363,0.0383047
0.351392,0.369895,0.32884,0.203994,0.190056,0.198979,0.162528,0.410109,0.295443,0.271638,0.579638,0.470131,0.61934,0.313736,0.465418,0.257346,0.345816,0.386847,0.326841,0.402908	0.340732,0.123286,0.123584,0.285303,0.254411,0.100323,0.0181473,0.358073,0.173569,0.289905,0.528402,0.428444,0.704011,0.338306,0.376987,0.357508,0.349891,0.377969,0.248833,0.406823	0.0121095,0.258393,0.213951,-0.0863338,-0.0676247,0.100665,0.144807,0.0609933,0.128462,-0.0198288,0.073857,0.052202,-0.150131,-0.0274875,0.107248,-0.110311,-0.0046354,0.0103983,0.0849135,-0.00468287
-0.10756,-0.50073,-0.241645,0.0988124,-0.204519,-0.298519,-0.148069,-0.288996,-0.132273,-0.351436,-0.423588,-0.340209,-0.662149,-0.0758971,-0.231913,-0.150067,-0.226666,-0.265473,-0.49699,-0.246426	0.144677,0.193545,0.343169,0.251061,-0.23842,0.00886461,-0.124061,-0.0611583,-0.236582,-0.048934,-0.351416,-0.217073,-0.655677,-0.41851,-0.12517,0.194085,-0.00981312,0.199955,-0.286464,-0.0311742	-0.248372,-0.632935,-0.540032,-0.156121,0.0356393,-0.306573,-0.024458,-0.231937,0.107678,-0.307796,-0.0847938,-0.132955,-0.0114367,0.353852,-0.109933,-0.334412,-0.217336,-0.441967,-0.245473,-0.216919
-0.115873,-0.506071,-0.250384,0.0741777,-0.225388,-0.293535,-0.180473,-0.305064,-0.115406,-0.37747,-0.435832,-0.335663,-0.662202,-0.0777255,-0.230979,-0.0893619,-0.183556,-0.220118,-0.503208,-0.0363265	0.0739617,0.179121,0.422908,0.290785,-0.245242,-0.0655342,-0.137621,-0.0257123,-0.218379,-0.0538027,-0.419669,-0.178394,-0.65134,-0.414679,-0.134293,0.218575,-0.0266684,0.175845,-0.341032,-0.044145	-0.188222,-0.628243,-0.608824,-0.221383,0.0210157,-0.232473,-0.0439435,-0.28156,0.105636,-0.330377,-0.0197802,-0.167287,-0.0191003,0.348175,-0.0997814,-0.302038,-0.157659,-0.381208,-0.195772,0.00783105
-0.0960744,-0.570158,-0.44418,0.148639,-0.108361,-0.444638,-0.394189,-0.347184,-0.255601,-0.40268,-0.530996,-0.374635,-0.633824,-0.0561296,-0.310162,-0.252199,-0.235335,-0.289575,-0.550022,-0.257028	0.168946,0.365043,0.232168,0.218254,-0.196092,-0.130757,-0.267569,-0.0932377,-0.28363,-0.11355,-0.445495,-0.223959,-0.674908,-0.420281,-0.150463,-0.025098,-0.0204628,0.190504,-0.309666,-0.0416705	-0.260788,-0.774088,-0.61312,-0.0719492,0.0896357,-0.333256,-0.14155,-0.262442,0.0302199,-0.302984,-0.111994,-0.164477,0.0717977,0.372949,-0.167517,-0.228547,-0.215912,-0.45498,-0.289699,-0.21769
-0.119555,-0.56902,-0.457131,0.132167,-0.101909,-0.439736,-0.417551,-0.36242,-0.232919,-0.435694,-0.514278,-0.352347,-0.63757,-0.0642999,-0.305786,-0.202254,-0.215539,-0.243747,-0.546995,-0.00444321	0.0775393,0.343792,0.297763,0.265637,-0.175853,-0.190821,-0.280236,-0.0592375,-0.259414,-0.130619,-0.475908,-0.164341,-0.67405,-0.420635,-0.155033,-0.0085331,-0.0601346,0.170431,-0.34807,-0.0160177	-0.195284,-0.763461,-0.664451,-0.138326,0.0752933,-0.271715,-0.155512,-0.309834,0.0281983,-0.323485,-0.0508035,-0.199562,0.063971,0.366241,-0.158256,-0.194056,-0.157445,-0.397658,-0.245706,0.0115753
0.779716,0.668251,0.825516,0.724196,0.768868,0.836527,0.877271,0.752101,0.879965,0.872716,0.810796,0.852335,0.842251,0.513567,0.780344,0.921645,0.717617,0.969895,0.917042,0.755054	0.674736,0.718593,0.929135,0.794953,0.793037,0.673594,0.912574,0.831368,0.883796,0.917483,0.685056,0.920727,0.88503,0.522622,0.764729,0.857698,0.636626,0.880563,0.831998,0.343423	0.221523,-0.0968476,-0.444747,-0.166761,-0.0619312,0.373254,-0.177025,-0.211533,-0.0172356,-0.224622,0.282841,-0.31776,-0.168036,-0.0123774,0.0387244,0.305224,0.149115,0.612088,0.358802,0.555734
0.979331,0.976243,0.769,0.637298,0.772499,0.826965,0.476483,0.666047,0.494261,0.568574,0.730446,0.831238,0.8921,0.587109,0.651736,0.887854,0.819312,0.873815,0.512823,0.485016	0.986168,0.96992,0.800774,0.674053,0.620583,0.662835,0.582632,0.592031,0.516612,0.674784,0.571038,0.908009,0.886746,0.620937,0.674179,0.854323,0.816552,0.895427,0.62651,0.478825	-0.199822,0.119035,-0.0827003,-0.0644339,0.29181,0.363234,-0.146942,0.122203,-0.0300152,-0.172325,0.27348,-0.313057,0.0256231,-0.0532359,-0.0400331,0.138852,0.00833776,-0.099338,-0.167503,0.00806366
0.429049,0.104491,0.241974,0.365153,0.275386,0.247972,0.172529,0.450332,0.105067,0.249558,0.478075,0.240701,0.815401,0.348593,0.369808,0.306157,0.398773,0.410992,0.160606,0.484289	0.392625,0.566881,0.522452,0.12874,0.254982,0.129466,0.330164,0.414513,0.346007,0.376742,0.36739,0.320483,0.78716,0.46977,0.527069,0.177733,0.445824,0.387364,0.472461,0.409671	0.0438033,-0.491504,-0.321067,0.248075,0.0219454,0.122436,-0.167156,0.0440397,-0.250029,-0.140382,0.134268,-0.0864502,0.0788537,-0.144908,-0.195334,0.135815,-0.0572245,0.0281013,-0.337462,0.0930866
0.683163,0.70628,0.432468,0.531959,0.455866,0.450431,0.322881,0.572579,0.204484,0.47886,0.644105,0.598865,0.852416,0.501186,0.567537,0.595493,0.463191,0.608125,0.321854,0.441623	0.635759,0.853223,0.558444,0.3798,0.486623,0.233068,0.237499,0.499356,0.25123,0.536453,0.519404,0.652848,0.87576,0.608171,0.596779,0.566626,0.541371,0.553046,0.570365,0.395001	0.0838002,-0.369773,-0.166088,0.190684,-0.0395251,0.242858,0.092473,0.102541,-0.0492772,-0.0775021,0.187394,-0.0886375,-0.0920908,-0.153892,-0.0442175,0.0435686,-0.104345,0.0829896,-0.304389,0.0564731
-0.130156,-0.667191,-0.174167,0.236276,-0.215425,-0.48258,-0.358395,-0.304126,-0.273468,-0.269681,-0.544505,-0.840956,-0.947735,-0.309514,-0.315918,-0.348022,-0.310357,-0.442655,-0.593584,-0.124976	0.0953559,0.677259,0.510421,0.0262124,-0.201991,-0.356855,-0.154359,-0.0529506,-0.272789,0.0376566,-0.417049,-0.648959,-0.202533,-0.331177,-0.117123,-0.0806477,-0.0809234,0.097489,-0.0104393,-0.00144924	-0.222748,-0.926018,-0.628698,0.211372,-0.014045,-0.151881,-0.215984,-0.255286,-0.000734076,-0.304248,-0.164903,-0.422663,-0.92222,0.0241375,-0.206434,-0.275095,-0.235344,-0.517799,-0.586781,-0.123549
-0.149134,-0.666402,-0.162585,0.260942,-0.204651,-0.514501,-0.398205,-0.204426,-0.223131,-0.302216,-0.567009,-0.803945,-0.95878,-0.325514,-0.286283,-0.29645,-0.295009,-0.388854,-0.595306,0.0794069	0.0170762,0.635283,0.571625,0.052359,-0.22291,-0.455779,-0.19559,0.00491247,-0.243394,0.0312346,-0.459611,-0.471015,-0.0985146,-0.336533,-0.110005,-0.0621396,-0.157893,0.0864757,-0.0350922,-0.0340043	-0.165788,-0.914519,-0.671777,0.211473,0.0191314,-0.0767114,-0.219729,-0.209129,0.0214266,-0.330332,-0.145251,-0.535834,-0.949996,0.0123744,-0.18201,-0.238708,-0.143814,-0.459866,-0.572167,0.113106
0.431969,0.0998445,0.246703,0.398803,0.18197,0.198842,0.222027,0.380742,0.0529116,0.285084,0.540666,0.349697,0.816769,0.351271,0.437636,0.304411,0.434604,0.423865,0.238199,0.371538	0.389798,0.566101,0.488151,0.122013,0.285906,0.214536,0.28351,0.41852,0.26192,0.308084,0.592246,0.364851,0.794501,0.434964,0.565515,0.205586,0.484657,0.376206,0.458289,0.304163	0.0507103,-0.494189,-0.274507,0.290947,-0.10964,-0.0163929,-0.0656126,-0.0449387,-0.211945,-0.0252143,-0.075876,-0.0173698,0.0634251,-0.0987869,-0.169937,0.105423,-0.0634093,0.0567004,-0.24706,0.0759589
0.68685,0.702335,0.422009,0.572242,0.32123,0.441247,0.426206,0.498534,0.17768,0.484376,0.813618,0.605693,0.83474,0.499197,0.580275,0.574276,0.493758,0.602338,0.483476,0.49771	0.633208,0.855142,0.507228,0.38339,0.500995,0.365168,0.243579,0.505819,0.200623,0.436818,0.861789,0.587736,0.864345,0.567579,0.585037,0.578211,0.575852,0.525099,0.632246,0.455388	0.0949274,-0.382586,-0.108428,0.241929,-0.214244,0.0906921,0.203783,-0.00974185,-0.0237904,0.060321,-0.161197,0.027883,-0.106302,-0.0954175,-0.00720981,-0.00589029,-0.114709,0.11297,-0.214267,0.0547262
-0.127859,-0.669151,-0.16193,0.281801,-0.25381,-0.560633,-0.281691,-0.310642,-0.239133,-0.157386,-0.723221,-0.725214,-0.947617,-0.2817,-0.225911,-0.342681,-0.241482,-0.410034,-0.63837,-0.203898	0.0927744,0.671566,0.494588,0.0353114,-0.16234,-0.370052,-0.149226,0.0118919,-0.252281,0.0764736,-0.588871,-0.457292,-0.193641,-0.326997,-0.0347486,-0.0557041,3.0814e-05,0.145749,-0.223736,-0.0832472	-0.218047,-0.925029,-0.607838,0.248967,-0.0954007,-0.24047,-0.138278,-0.321347,0.0139924,-0.231078,-0.234012,-0.400862,-0.923422,0.0498935,-0.192675,-0.292561,-0.241511,-0.524441,-0.483722,-0.122734
-0.147105,-0.66821,-0.161935,0.318578,-0.239095,-0.601359,-0.312888,-0.197737,-0.181045,-0.197128,-0.821514,-0.707935,-0.959012,-0.294407,-0.220059,-0.29182,-0.223524,-0.355665,-0.618759,0.0350315	0.0143081,0.629359,0.548777,0.0706987,-0.173862,-0.481001,-0.172251,0.0945257,-0.216997,0.0635226,-0.735519,-0.298897,-0.104606,-0.328897,-0.0553112,-0.0373531,-0.0771133,0.129074,-0.235735,-0.0718194	-0.161074,-0.913431,-0.652708,0.25359,-0.0680632,-0.169339,-0.148648,-0.2869,0.0374224,-0.257427,-0.217291,-0.51882,-0.949677,0.0381869,-0.166778,-0.257271,-0.148979,-0.463462,-0.448434,0.106583
0.325208,0.411269,0.377976,0.276437,0.181313,0.159716,0.258044,0.4648,0.309078,0.392277,0.505129,0.437231,0.765091,0.395107,0.50521,0.229261,0.297174,0.367213,0.319953,0.392432	0.318654,0.118019,0.199865,0.350771,0.227372,0.0813435,0.0335613,0.434305,0.116399,0.316512,0.495816,0.406514,0.818545,0.379076,0.374123,0.332185,0.325973,0.334438,0.242381,0.420947	0.00731168,0.30821,0.192666,-0.0823157,-0.0480396,0.0794043,0.226444,0.0382073,0.199869,0.0865061,0.0124255,0.0373565,-0.143026,0.0188558,0.161639,-0.111408,-0.0318879,0.0373634,0.0840937,-0.0341577
-0.142521,-0.566797,-0.0646273,0.285303,-0.320261,-0.298948,-0.205958,-0.210874,-0.15287,-0.222447,-0.640572,-0.607482,-0.940497,-0.326073,-0.21282,-0.248971,-0.278116,-0.400343,-0.594765,-0.192304	0.112348,0.217593,0.415131,0.303859,-0.296393,-0.0261023,-0.107307,0.0925985,-0.285809,0.00384749,-0.483989,-0.337537,-0.172232,-0.424871,-0.104277,0.176374,-0.068739,0.155799,-0.33184,-0.0193937	-0.250852,-0.698271,-0.467224,-0.0203173,-0.0263712,-0.274991,-0.10088,-0.29766,0.139012,-0.226101,-0.226942,-0.339575,-0.916766,0.114686,-0.111007,-0.407452,-0.213458,-0.52349,-0.327578,-0.173558
-0.155043,-0.571372,-0.0607042,0.301381,-0.293053,-0.297599,-0.236481,-0.126929,-0.105172,-0.258091,-0.707609,-0.660879,-0.95407,-0.335078,-0.189936,-0.184821,-0.195313,-0.351639,-0.611373,0.0182973	0.0399241,0.200221,0.474135,0.332915,-0.296767,-0.107315,-0.121183,0.130411,-0.262307,0.000581154,-0.586835,-0.310507,-0.0933363,-0.423902,-0.112282,0.198896,-0.0753206,0.129606,-0.395547,-0.0328287	-0.193767,-0.692384,-0.519876,-0.0350514,0.00406788,-0.196561,-0.1187,-0.25315,0.161593,-0.258633,-0.20654,-0.440835,-0.944875,0.103529,-0.079347,-0.370111,-0.121784,-0.460269,-0.284666,0.0510952
-0.13041,-0.616658,-0.296673,0.336995,-0.24325,-0.465278,-0.418077,-0.284745,-0.267588,-0.251439,-0.732124,-0.675955,-0.93758,-0.30756,-0.294961,-0.337716,-0.292155,-0.420424,-0.631273,-0.204417	0.132041,0.566861,0.296925,0.278184,-0.248095,-0.202165,-0.155266,0.0326349,-0.290835,0.0414602,-0.609467,-0.401148,-0.153838,-0.39915,-0.0954184,-0.0527299,-0.105863,0.178348,-0.347791,-0.0513933	-0.258009,-0.876967,-0.545542,0.0648944,0.00515663,-0.290432,-0.281055,-0.314457,0.0252089,-0.289877,-0.221484,-0.377046,-0.915838,0.104407,-0.205321,-0.290153,-0.192237,-0.557007,-0.36323,-0.154648
-0.157271,-0.614955,-0.297799,0.36467,-0.178908,-0.467757,-0.438911,-0.203854,-0.21793,-0.292647,-0.77003,-0.706244,-0.95467,-0.322275,-0.271529,-0.284976,-0.235383,-0.372769,-0.640479,0.0512383	0.0393415,0.528483,0.347842,0.3158,-0.219278,-0.269864,-0.168547,0.0725194,-0.261282,0.0291311,-0.670357,-0.342234,-0.107362,-0.402936,-0.100416,-0.0351737,-0.134456,0.154086,-0.394953,-0.0257336	-0.195403,-0.862977,-0.585038,0.0552299,0.0420188,-0.226481,-0.291962,-0.272348,0.0459695,-0.319058,-0.20602,-0.480034,-0.944071,0.092698,-0.17591,-0.252332,-0.104225,-0.498237,-0.328665,0.0768706
0.768379,0.603285,0.880076,0.81118,0.805498,0.837036,0.862627,0.862511,0.925463,0.880709,0.666474,0.524146,0.059935,0.383074,0.779064,0.906382,0.76056,0.967366,0.884799,0.77561	0.665979,0.666265,0.937748,0.823814,0.749105,0.679273,0.901006,0.769414,0.887856,0.933641,0.595513,0.923671,0.360486,0.408776,0.726437,0.820057,0.611745,0.855334,0.813369,0.380703	0.209716,-0.105308,-0.330104,-0.0380849,0.142192,0.365681,-0.172281,0.276769,0.210893,-0.297816,0.11766,-0.774481,-0.307188,-0.030474,0.121243,0.336268,0.2783,0.64916,0.254805,0.560371
0.0884254,-0.0624288,0.00280573,0.0385062,-0.183869,-0.102406,0.0906221,-0.132759,-0.0725751,0.065765,0.213538,0.425681,0.0234401,0.019715,0.214879,0.026105,0.160416,0.0222518,0.131235,-0.192746	-0.957405,-0.942807,-0.609892,-0.539466,-0.59474,-0.706841,-0.309631,-0.433059,-0.356436,-0.396349,-0.350487,-0.558988,-0.404169,-0.270281,-0.192695,-0.816226,-0.653439,-0.81678,-0.188556,-0.280431	0.964202,0.935436,0.611651,0.566211,0.461318,0.651601,0.389329,0.318618,0.291399,0.450375,0.524751,0.795403,0.423596,0.288459,0.39137,0.824758,0.736639,0.824055,0.312069,0.0926953
0.0866248,0.0279265,-0.0354443,0.0526407,-0.242978,0.0523793,0.190657,-0.102525,-0.044298,-0.00833196,0.50048,0.0440863,-0.129259,0.0288734,0.0969936,-0.0631323,0.131165,-0.0842546,0.291568,0.0752352	-0.898551,-0.853468,-0.587831,-0.300252,-0.4567,-0.600339,-0.303098,-0.342812,-0.382066,-0.245146,0.134093,-0.50597,-0.318419,-0.0544451,-0.187922,-0.673624,-0.633663,-0.779399,0.107256,-0.0794941	0.914031,0.860876,0.56414,0.347401,0.240398,0.632819,0.466781,0.249041,0.343584,0.237299,0.392744,0.538054,0.19728,0.0831877,0.279815,0.637607,0.706138,0.744002,0.190262,0.153809
0.225316,-0.132308,0.0425195,0.0730685,-0.173765,-0.351027,0.159267,-0.0608619,0.0754716,0.237543,-0.62448,0.565047,-0.0249747,0.0445798,0.218843,-0.0182211,0.196651,0.219185,-0.0507217,-0.14548	-0.988322,-0.971754,-0.663038,-0.580263,-0.755805,-0.858738,-0.568544,-0.728561,-0.591463,-0.506143,-0.913913,-0.804398,-0.896337,-0.721285,-0.644914,-0.858467,-0.780743,-0.846005,-0.644167,-0.595006	0.992601,0.963298,0.686212,0.626758,0.670037,0.726797,0.66738,0.69868,0.638436,0.663868,0.674229,0.941508,0.891315,0.742006,0.756928,0.853598,0.847304,0.898567,0.61349,0.492126
0.215678,-0.142848,0.0164056,0.093558,-0.147957,-0.423407,0.186281,-0.0147123,0.0837152,0.219803,-0.708634,0.543584,-0.0272194,0.0488337,0.155703,-0.0150267,0.218998,0.213297,-0.0631338,-0.0916761	-0.990603,-0.97405,-0.663825,-0.567661,-0.750593,-0.89546,-0.572215,-0.715394,-0.578155,-0.510697,-0.931707,-0.793739,-0.894737,-0.716637,-0.66208,-0.859242,-0.789376,-0.848334,-0.676416,-0.610264	0.993927,0.965549,0.672902,0.627873,0.677923,0.760326,0.685434,0.708135,0.631314,0.656775,0.656557,0.934235,0.889173,0.739588,0.741357,0.855258,0.859748,0.898966,0.64064,0.549321
-0.547346,-0.589202,-0.187878,-0.266081,-0.312312,-0.320004,-0.125852,-0.0942903,0.0838904,-0.178558,-0.301814,-0.151832,-0.306451,-0.180498,-0.137858,-0.408356,-0.280714,-0.363683,-0.0696636,-0.0585696	-0.234008,0.0210811,-0.107372,0.043252,-0.0797363,-0.202893,-0.18394,0.00961838,0.0103421,0.0812458,0.00378058,0.336823,-0.055258,0.0475497,-0.00463954,0.0630734,-0.173327,-0.10217,0.0983216,-0.0931107	-0.359367,-0.602796,-0.0821643,-0.305813,-0.238515,-0.125243,0.0594641,-0.103815,0.0736121,-0.256088,-0.305246,-0.46488,-0.25552,-0.226107,-0.133304,-0.459592,-0.112879,-0.271605,-0.166842,0.0347305
-0.0265061,0.327126,0.173091,0.097321,-0.152128,0.168705,0.232965,0.106654,0.170043,0.0930153,-0.192806,0.186667,-0.0808691,-0.0022713,0.216244,0.118027,0.0716397,0.0274403,0.106715,-0.123224	-0.395365,-0.0373077,-0.0180932,-0.0223284,-0.495684,-0.220446,-0.24253,-0.411642,-0.338914,-0.238532,-0.687973,-0.392906,-0.82115,-0.612661,-0.432299,-0.141583,-0.416127,-0.328014,-0.365139,-0.51227	0.372766,0.36004,0.190587,0.11939,0.371576,0.375197,0.450066,0.496498,0.481224,0.324351,0.570894,0.53997,0.792936,0.611241,0.593099,0.255343,0.473647,0.352283,0.454157,0.415259
-0.016088,0.326471,0.163037,0.0955771,-0.130326,0.20661,0.265149,0.0916064,0.162285,0.0956594,-0.263516,0.0948883,-0.0811468,0.00951049,0.188363,0.12951,0.15788,0.0180916,0.0475717,-0.10508	-0.448599,-0.0410062,0.017616,5.52235e-05,-0.491499,-0.264824,-0.244245,-0.404121,-0.328948,-0.237991,-0.725562,-0.379289,-0.818792,-0.606017,-0.440597,-0.116109,-0.396905,-0.336486,-0.428855,-0.543435	0.435655,0.362622,0.14584,0.0955224,0.385891,0.446978,0.478411,0.478031,0.466339,0.326224,0.571272,0.457704,0.790144,0.612,0.580761,0.24198,0.52207,0.352432,0.466901,0.464903
-0.00828705,0.305314,-0.119258,0.167553,-0.00562666,-0.0950757,-0.0987593,-0.00400318,-0.0109747,0.0680065,-0.456193,0.229272,0.101422,0.0292903,0.0964742,0.00258559,0.0787345,-8.84887e-05,-0.0118484,-0.132587	-0.658869,-0.643864,-0.35013,-0.25614,-0.559806,-0.493869,-0.423555,-0.565306,-0.405316,-0.428211,-0.844858,-0.656046,-0.856476,-0.698807,-0.588514,-0.586074,-0.514761,-0.530922,-0.556347,-0.505915	0.654154,0.793242,0.240933,0.406257,0.55593,0.418441,0.338975,0.562576,0.396103,0.482176,0.632406,0.769565,0.88134,0.713493,0.648186,0.587769,0.570379,0.530858,0.548112,0.400171
-0.0433972,0.30821,-0.140794,0.176796,0.0664266,-0.0594646,-0.0635401,-0.0251695,-0.0103993,0.0606821,-0.45582,0.116562,0.0922228,0.0337376,0.0725837,0.00223946,0.156184,-0.00814176,-0.0672587,-0.0509722	-0.710528,-0.645663,-0.334345,-0.237006,-0.530231,-0.526352,-0.423418,-0.566567,-0.389648,-0.431722,-0.848764,-0.654401,-0.85546,-0.695605,-0.59483,-0.577895,-0.511478,-0.536314,-0.607966,-0.505318	0.688356,0.795557,0.203113,0.397161,0.576357,0.481973,0.369828,0.54923,0.380792,0.479833,0.640897,0.716323,0.878385,0.712619,0.639791,0.579384,0.618272,0.530489,0.56376,0.466358
0.827453,0.934149,0.873567,0.725179,0.806774,0.887583,0.971337,0.85332,0.905718,0.945133,0.868631,0.873146,0.930128,0.542168,0.848995,0.956877,0.791493,0.948485,0.955355,0.619078	0.715251,0.931719,0.932368,0.76161,0.785224,0.787515,0.921739,0.907117,0.932029,0.938979,0.841994,0.98643,0.946408,0.538079,0.856823,0.975486,0.689645,0.945198,0.942104,0.560763	0.274896,0.0187459,-0.31696,-0.0813755,0.0587988,0.332433,0.4738,-0.238104,-0.168824,0.0546786,0.0991627,-0.816744,-0.135987,0.00577271,-0.0287176,-0.279491,0.224261,0.0317619,0.132573,0.0893255
-0.55044,-0.587331,-0.167169,-0.301343,-0.15535,-0.330034,-0.255264,-0.0270556,0.115261,-0.18118,-0.674337,-0.177447,-0.232241,-0.196522,-0.219006,-0.396653,-0.341898,-0.349566,-0.301005,-0.114229	-0.239298,0.0315999,-0.105565,0.0177404,0.0391819,-0.161724,-0.259318,0.103141,0.0695886,0.029305,-0.29437,0.118201,-0.0680291,0.0285135,-0.183426,0.0527632,-0.252076,-0.10706,-0.0138057,0.0917741	-0.358343,-0.607654,-0.0627107,-0.317387,-0.193355,-0.1778,0.00434103,-0.129834,0.0460415,-0.209373,-0.474072,-0.289575,-0.166848,-0.223781,-0.0370698,-0.440204,-0.0982933,-0.251935,-0.288398,-0.203866
-0.0310293,0.332693,0.14465,0.0561394,-0.0461625,0.315839,0.128781,0.142382,0.105506,-0.061873,0.296663,0.012423,-0.0660818,-0.0351657,0.0708213,0.123103,-0.0189705,-0.0349082,0.152404,0.00190902	-0.398294,-0.0327125,-0.0191278,-0.0441651,-0.403734,-0.182913,-0.291422,-0.361744,-0.306387,-0.286516,-0.660954,-0.501438,-0.822608,-0.613145,-0.524496,-0.145938,-0.47138,-0.352041,-0.417906,-0.377229	0.37186,0.361471,0.163326,0.100056,0.364362,0.471512,0.405003,0.479432,0.398995,0.228698,0.800629,0.510679,0.800014,0.590716,0.573996,0.264293,0.456492,0.321079,0.536162,0.378866
-0.0200766,0.331766,0.149706,0.0430141,-0.0397906,0.369344,0.144511,0.100113,0.092094,-0.0488579,0.34212,-0.0659454,-0.0648507,-0.0272776,0.0870274,0.133937,0.0651532,-0.0424012,0.093205,-0.0235692	-0.451237,-0.0363408,0.015856,-0.0220666,-0.407551,-0.224977,-0.294663,-0.356546,-0.296437,-0.283949,-0.679523,-0.491853,-0.820048,-0.606556,-0.522676,-0.120799,-0.451677,-0.360329,-0.469197,-0.415016	0.435102,0.363722,0.134169,0.0650189,0.373823,0.548725,0.421237,0.440921,0.378206,0.238398,0.828934,0.440186,0.797615,0.589024,0.583176,0.25068,0.502056,0.32286,0.538838,0.395314
-0.0156585,0.32071,-0.136439,0.123026,0.0999187,0.0749683,-0.209522,0.0386884,-0.062165,-0.117148,0.139793,-0.0480703,0.113931,-0.0117443,-0.0907494,0.00969326,-0.0319595,-0.0729017,0.0413511,-0.00577648	-0.662197,-0.639922,-0.326419,-0.289921,-0.434749,-0.485531,-0.512579,-0.526294,-0.389814,-0.468335,-0.864756,-0.691822,-0.838942,-0.697947,-0.651028,-0.573317,-0.564329,-0.542766,-0.667409,-0.516698	0.653312,0.797053,0.198835,0.398725,0.512409,0.540814,0.33952,0.553708,0.335786,0.371573,0.896209,0.665897,0.869742,0.691874,0.595458,0.579789,0.542148,0.489222,0.689725,0.512451
-0.0500328,0.323109,-0.142419,0.118868,0.147851,0.137336,-0.192808,-0.014689,-0.066966,-0.11194,0.389399,-0.130694,0.107452,-0.0116047,-0.0618177,0.00792138,0.0364608,-0.0784734,-0.0165523,0.0300339	-0.713308,-0.64134,-0.308904,-0.272924,-0.415504,-0.513965,-0.515116,-0.533261,-0.374854,-0.470059,-0.84966,-0.690456,-0.837683,-0.694517,-0.651196,-0.566438,-0.56108,-0.547713,-0.708532,-0.519674	0.687823,0.798899,0.174146,0.379481,0.530749,0.608359,0.35785,0.522667,0.315816,0.378009,0.931024,0.615284,0.867088,0.688461,0.614099,0.571794,0.585562,0.490314,0.700192,0.54126
0.827639,0.934164,0.874071,0.715261,0.800005,0.894243,0.955637,0.845204,0.9005,0.950304,0.927317,0.866905,0.9321,0.524819,0.849226,0.955271,0.771314,0.950265,0.956795,0.641595	0.71443,0.931719,0.916193,0.768729,0.79151,0.798235,0.921513,0.922606,0.933651,0.934993,0.854715,0.984013,0.946574,0.52409,0.825962,0.974799,0.673977,0.944994,0.940819,0.640778	0.276992,0.0188625,-0.211477,-0.118776,0.0231594,0.335478,0.285876,-0.351492,-0.208177,0.137357,0.350043,-0.796899,-0.122979,0.00100525,0.0779164,-0.283834,0.202721,0.0516695,0.160036,0.00138736
0.0181169,-0.180675,-0.278481,0.0505786,0.139835,-0.224273,-0.286671,-0.106413,-0.176977,-0.0375395,-0.205034,-0.046896,0.151093,0.0254681,-0.131261,-0.117303,-0.00698651,-0.0254748,-0.116236,-0.00709693	-0.26042,-0.227958,-0.207805,-0.0134887,-0.333478,-0.307517,-0.379808,-0.49307,-0.484788,-0.329979,-0.74233,-0.562839,-0.770068,-0.603273,-0.534249,-0.282573,-0.361414,-0.287037,-0.496449,-0.434406	0.277229,0.0493147,-0.0750173,0.0640237,0.452225,0.0894112,0.104517,0.408067,0.336699,0.296107,0.633755,0.52993,0.825153,0.619227,0.433379,0.170935,0.355325,0.263489,0.403497,0.428631
-0.0085547,-0.177934,-0.28808,0.0600835,0.17178,-0.227092,-0.285753,-0.108042,-0.167946,-0.0468159,-0.134215,-0.0251377,0.144949,0.0177118,-0.12358,-0.12896,-0.0337995,-0.0230746,-0.0970835,0.0517681	-0.339443,-0.228861,-0.181082,0.0198235,-0.309444,-0.354109,-0.386448,-0.48433,-0.468226,-0.336474,-0.742383,-0.530669,-0.768315,-0.602805,-0.533307,-0.269577,-0.382746,-0.292044,-0.522388,-0.433704	0.331852,0.0530895,-0.112887,0.040308,0.456935,0.138124,0.113195,0.397066,0.325909,0.294294,0.675471,0.512366,0.821748,0.613962,0.438635,0.145681,0.35352,0.270795,0.448026,0.474811
0.817341,0.90466,0.860997,0.709195,0.826479,0.864903,0.931843,0.854889,0.891778,0.950801,0.905598,0.895152,0.923796,0.543663,0.814534,0.92885,0.742605,0.954583,0.960236,0.641371	0.71787,0.897779,0.916767,0.745294,0.824163,0.780155,0.914277,0.895965,0.914038,0.94762,0.839963,0.943419,0.937975,0.549554,0.80323,0.967661,0.720087,0.943409,0.898305,0.614562	0.240701,0.036642,-0.264731,-0.0765714,0.00726393,0.260568,0.118664,-0.175504,-0.120402,0.0321294,0.274246,-0.310412,-0.106203,-0.00840052,0.0326942,-0.383548,0.0483975,0.112377,0.450683,0.0442509
0.831625,0.927134,0.895902,0.679883,0.77695,0.880386,0.959371,0.863817,0.898915,0.957308,0.902412,0.894825,0.924703,0.539485,0.842228,0.951014,0.759206,0.949966,0.958371,0.629028	0.703759,0.924696,0.928826,0.730139,0.807046,0.81826,0.946582,0.902694,0.925123,0.945941,0.882467,0.9593,0.935591,0.538697,0.836667,0.969246,0.710329,0.941144,0.91694,0.660885	0.308308,0.017087,-0.19614,-0.0997958,-0.0806947,0.222182,0.139194,-0.176527,-0.155639,0.120355,0.0979352,-0.455352,-0.0807379,0.00111181,0.0188305,-0.233056,0.10609,0.0832731,0.34175,-0.0545233
