0.0092132,0.00664837,0.236716,0.164345,0.0772345,0.236283,0.262632,0.163576,0.179662,0.253653,0.309302,0.195299,0.178482,0.13946,0.16591,0.0813554,0.105914,0.144046,0.0141405,0.0834015	-0.185586,-0.13712,0.0973614,-0.13856,-0.309059,-0.150187,-0.0744387,-0.173162,-0.153035,0.0220799,0.100248,-0.00654115,0.0202904,-0.0752909,-0.00903706,-0.0247875,-0.244602,-0.210285,-0.498537,-0.413509	0.194467,0.143638,0.142642,0.296161,0.377287,0.373226,0.330608,0.327463,0.323795,0.232878,0.215744,0.201582,0.158766,0.21252,0.174685,0.105929,0.341665,0.343913,0.509089,0.480344
0.0445931,0.115489,0.325818,0.165341,0.0501482,0.215296,0.261132,0.177977,0.206582,0.330631,0.272632,0.166949,0.182299,0.214777,0.164963,0.0841479,0.116822,0.195846,0.0280318,0.0930853	-0.247963,-0.059476,0.0434528,-0.149533,-0.349218,-0.192043,-0.0609591,-0.152401,-0.149802,0.0963728,-0.00378546,-0.0490727,0.0148184,-0.0237165,0.00708527,0.0431812,-0.218614,-0.128545,-0.479271,-0.411256	0.289356,0.173772,0.286421,0.307277,0.392493,0.391166,0.317044,0.321653,0.345687,0.241968,0.276133,0.214266,0.167934,0.237285,0.158063,0.0411161,0.327083,0.316425,0.500577,0.485746
0.0105552,-0.0711388,-0.153143,-0.0994679,-0.0456885,-0.105069,-0.0526963,-0.0539091,-0.0215398,-0.0759989,-0.0410565,-0.0265751,-0.0776399,-0.125555,-0.047237,-0.0268586,-0.0122941,-0.0538439,0.00143681,-0.059044	-0.291577,-0.229931,-0.402254,-0.550941,-0.589673,-0.626814,-0.57837,-0.440879,-0.534447,-0.418451,-0.427498,-0.492626,-0.349233,-0.446222,-0.450236,-0.430437,-0.503145,-0.588664,-0.664218,-0.670983	0.301205,0.161433,0.265464,0.477648,0.559046,0.558529,0.542199,0.396391,0.51888,0.3537,0.393345,0.472233,0.279163,0.339698,0.411756,0.408299,0.493906,0.552327,0.66502,0.637183
-0.00243947,-0.0532637,-0.152804,-0.0891904,-0.0458588,-0.0994001,-0.0444464,-0.0571076,-0.0193194,-0.0827524,-0.0405401,-0.0252087,-0.0815118,-0.142142,-0.044981,-0.00871753,-0.0184317,-0.048087,-0.00276522,-0.056739	-0.365486,-0.231011,-0.422717,-0.534661,-0.575021,-0.637655,-0.569723,-0.441811,-0.533181,-0.446916,-0.424794,-0.488075,-0.354264,-0.454407,-0.442305,-0.415784,-0.503573,-0.57355,-0.660039,-0.668716	0.36337,0.179962,0.288552,0.467777,0.543494,0.57468,0.538923,0.394661,0.51921,0.378149,0.390987,0.468632,0.280862,0.333827,0.405389,0.408547,0.489686,0.540367,0.658476,0.636112
-0.00852223,-0.053019,-0.12559,-0.0844176,-0.0454895,-0.078672,-0.0252308,-0.045096,-0.0225678,-0.0722248,-0.0383224,-0.00561184,-0.0657011,-0.113571,-0.0561392,-0.0264135,-0.00359468,-0.0630538,-0.012394,-0.0315982	-0.288126,-0.221439,-0.383654,-0.53761,-0.57999,-0.60841,-0.559191,-0.441771,-0.522707,-0.430984,-0.400756,-0.464144,-0.38484,-0.447443,-0.456844,-0.428607,-0.475957,-0.591988,-0.673503,-0.643268	0.280292,0.170421,0.271127,0.474738,0.548984,0.556368,0.541601,0.404738,0.50611,0.370286,0.368087,0.45973,0.327417,0.351747,0.411253,0.406799,0.473172,0.549443,0.666674,0.62436
0.00631446,-0.0430415,-0.140172,-0.0924772,-0.0503752,-0.108149,-0.0406997,-0.0582565,-0.0269551,-0.0797584,-0.039216,-0.016962,-0.0784745,-0.125839,-0.0437194,-0.010419,-0.0101984,-0.0590573,-0.00443277,-0.0484614	-0.294853,-0.227252,-0.401436,-0.533986,-0.586539,-0.635536,-0.564918,-0.438824,-0.525277,-0.427202,-0.405991,-0.490699,-0.377633,-0.463565,-0.453333,-0.403683,-0.475935,-0.574371,-0.667951,-0.666965	0.300608,0.18603,0.276842,0.464444,0.552488,0.566311,0.536554,0.390552,0.505479,0.359699,0.372709,0.477713,0.308294,0.358647,0.417896,0.394925,0.468008,0.533408,0.665489,0.639163
0.00549456,-0.00950304,0.218223,0.113412,0.10685,0.184463,0.158632,0.0892264,0.115163,0.0854058,0.0636719,0.097289,0.106887,0.204101,0.100765,0.0116639,0.0568748,0.107052,0.0627913,0.0299122	-0.242374,-0.244838,-0.139935,-0.204604,-0.286672,-0.208365,-0.147776,-0.180757,-0.195245,-0.136451,-0.136919,-0.169269,-0.139579,-0.0228215,-0.0672915,-0.157186,-0.285251,-0.245424,-0.440018,-0.394446	0.247539,0.235884,0.347545,0.310803,0.381826,0.378288,0.299389,0.265698,0.303582,0.219301,0.198857,0.26224,0.242843,0.22587,0.166925,0.168541,0.336664,0.343452,0.489291,0.41941
-0.00293393,-0.0227231,0.207954,0.110341,0.0933214,0.168196,0.19284,0.0884333,0.109897,0.0847321,0.0502695,0.0913608,0.103524,0.18775,0.103837,0.00724271,0.0737664,0.12435,0.0661241,0.0305807	-0.240753,-0.261077,-0.178139,-0.214534,-0.313032,-0.210419,-0.111554,-0.176357,-0.187708,-0.141213,-0.161475,-0.181105,-0.147963,-0.0541975,-0.049495,-0.14534,-0.238695,-0.20541,-0.432826,-0.388433	0.237987,0.239776,0.372301,0.317363,0.39482,0.365674,0.297983,0.260724,0.29159,0.223274,0.21004,0.268031,0.247693,0.23951,0.152548,0.152422,0.307055,0.321547,0.485067,0.414095
0.60768,0.643411,0.540296,0.668544,0.646719,0.538068,0.68267,0.701997,0.551611,0.541794,0.552506,0.549837,0.623786,0.547244,0.696535,0.552852,0.468778,0.645282,0.753674,0.735787	0.440072,0.618144,0.379454,0.654105,0.6093,0.494383,0.70346,0.721763,0.530828,0.550636,0.461298,0.528665,0.609289,0.529863,0.723014,0.642042,0.49744,0.714752,0.777465,0.723063	0.228792,0.0419525,0.202321,0.0256598,0.0617522,0.0595181,-0.0399975,-0.0400669,0.029388,-0.0126016,0.122405,0.0298481,0.0233856,0.0244793,-0.0533423,-0.13827,-0.0373781,-0.128938,-0.0574607,0.027189
-0.452228,-0.144963,-0.186482,0.0254322,0.0310383,-0.10079,-0.104171,-0.0962738,0.0272816,-0.103132,-0.0353356,-0.0529485,-0.0685078,-0.067874,-0.162435,-0.0646783,0.0222382,-0.0474997,-0.0606452,-0.0391533	-0.533857,-0.172247,-0.339712,-0.285911,-0.290441,-0.442132,-0.449566,-0.240877,-0.298671,-0.29084,-0.297855,-0.396932,-0.229687,-0.260922,-0.431844,-0.391322,-0.213795,-0.391903,-0.345536,-0.364067	0.107608,0.0279834,0.163594,0.309096,0.318607,0.357262,0.362366,0.148036,0.323318,0.193512,0.265312,0.351368,0.163756,0.196528,0.289733,0.335126,0.234916,0.350936,0.290988,0.329612
-0.45016,-0.147985,-0.170797,0.028891,0.0217275,-0.0805584,-0.0935753,-0.0988124,0.0212496,-0.109229,-0.035513,-0.0586435,-0.0663092,-0.0731238,-0.158734,-0.047748,0.012281,-0.0529454,-0.0653042,-0.0282207	-0.578611,-0.189596,-0.351523,-0.270154,-0.27236,-0.446607,-0.436123,-0.242782,-0.302138,-0.324178,-0.295977,-0.396306,-0.22919,-0.26179,-0.421803,-0.377622,-0.223687,-0.374403,-0.337784,-0.349238	0.173692,0.0428113,0.192269,0.296729,0.292357,0.37971,0.357122,0.147508,0.321325,0.22284,0.263231,0.345696,0.165394,0.192349,0.281947,0.335931,0.235321,0.327959,0.278625,0.324212
-0.428574,-0.147669,-0.178101,0.047844,0.038388,-0.0697614,-0.031561,-0.0501588,0.00558915,-0.0745873,-0.0476412,-0.0168925,-0.0244383,-0.0445728,-0.134663,-0.0496629,0.0201166,-0.033406,-0.0411983,-0.0182514	-0.498571,-0.180909,-0.336178,-0.259748,-0.265697,-0.410395,-0.396697,-0.209575,-0.295833,-0.287079,-0.275202,-0.349883,-0.244533,-0.252459,-0.413203,-0.379041,-0.193301,-0.380575,-0.338872,-0.31291	0.0890178,0.0341517,0.168144,0.303816,0.301015,0.350674,0.369765,0.16111,0.300924,0.217141,0.230584,0.334971,0.221418,0.210252,0.294952,0.335698,0.212591,0.35164,0.301888,0.296351
-0.442529,-0.134396,-0.182504,0.0131409,0.0386897,-0.0629185,-0.0777656,-0.0879491,0.0203189,-0.100484,-0.0368304,-0.00464785,-0.0265895,-0.0629075,-0.118373,-0.0501842,0.0230307,-0.00203954,-0.0439244,-0.0259142	-0.523988,-0.182146,-0.347743,-0.273226,-0.272881,-0.429131,-0.424228,-0.227555,-0.287242,-0.297953,-0.271989,-0.366647,-0.227832,-0.278578,-0.40586,-0.363385,-0.181892,-0.335177,-0.336155,-0.349751	0.10605,0.0489478,0.176436,0.285342,0.308316,0.376375,0.358283,0.142457,0.305776,0.203564,0.237538,0.362617,0.202469,0.219518,0.301996,0.319019,0.204067,0.333366,0.29661,0.326799
0.550889,0.162844,0.303381,0.0970278,0.0923824,0.0454118,0.18046,0.0651383,0.0455865,0.149669,0.0712489,0.0554002,0.294782,0.186053,0.261586,0.154211,0.0274036,0.109809,0.111654,0.0392434	0.450289,0.0451918,0.0449242,0.0662336,0.105575,0.0273823,0.196514,0.129743,0.0647641,0.133953,0.0478856,-0.0310598,0.177334,0.190352,0.261468,0.0703185,0.0213111,0.0932642,0.185612,0.123063	0.133788,0.118525,0.262028,0.0309934,-0.0133228,0.018052,-0.016645,-0.065155,-0.0192344,0.0160382,0.0234434,0.0863115,0.123926,-0.00445707,0.000126862,0.0848122,0.00609611,0.0167163,-0.0755232,-0.0842263
0.530959,0.120525,0.273344,0.10743,0.113559,0.0267383,0.169643,0.0496003,0.0366402,0.140474,0.0492767,0.0371084,0.297388,0.185108,0.278093,0.170473,0.0296456,0.108836,0.131738,0.0448122	0.447935,-0.00194248,-0.0156313,0.0658955,0.0961659,0.017465,0.200218,0.119559,0.0690016,0.119667,0.00989345,-0.0556178,0.173065,0.169924,0.299344,0.106265,0.0689044,0.130979,0.211808,0.13643	0.108932,0.122438,0.287746,0.0418307,0.0175852,0.00927762,-0.0316501,-0.0703763,-0.0324434,0.0211631,0.0394025,0.0925352,0.131069,0.0156773,-0.0231805,0.0653924,-0.0393392,-0.0224628,-0.0823687,-0.0921816
-0.625068,-0.332393,-0.427134,-0.0366867,-0.00428576,-0.083841,-0.0792831,-0.123667,0.0186008,-0.134032,-0.00168044,-0.0225563,-0.0484571,-0.161005,-0.186504,0.00212251,0.0359302,-0.0539541,-0.0435002,-0.0389301	-0.643106,-0.341676,-0.458426,-0.329894,-0.29833,-0.409777,-0.437425,-0.27715,-0.290215,-0.321523,-0.2178,-0.368701,-0.203605,-0.327754,-0.462591,-0.391434,-0.221662,-0.42975,-0.345679,-0.358443	0.0301616,0.0104724,0.0389106,0.296799,0.294421,0.337532,0.371009,0.15893,0.307158,0.195935,0.216198,0.349047,0.156694,0.176039,0.302155,0.39323,0.255557,0.384716,0.306792,0.324035
-0.606288,-0.320707,-0.452969,-0.0323595,-0.0204609,-0.0915006,-0.0645384,-0.128859,0.0105532,-0.137945,-0.012389,-0.0269063,-0.0398644,-0.159199,-0.182211,0.016985,0.00363761,-0.050609,-0.0388726,-0.0288301	-0.662699,-0.342159,-0.50325,-0.314329,-0.284908,-0.432984,-0.420717,-0.281059,-0.295783,-0.352429,-0.224542,-0.366589,-0.197633,-0.323405,-0.452177,-0.379223,-0.249136,-0.407091,-0.331309,-0.344002	0.0942991,0.0240954,0.0651275,0.284867,0.265998,0.35557,0.366119,0.157919,0.305383,0.225444,0.212745,0.343067,0.159022,0.173119,0.294206,0.393673,0.252545,0.363981,0.296252,0.318329
-0.589461,-0.314962,-0.388979,0.00538871,0.0142409,-0.0785817,-0.0234742,-0.0689778,-0.00395406,-0.0944576,-0.0190631,-0.0282999,0.00904171,-0.135892,-0.143912,0.000701603,0.0296655,-0.0277811,-0.0276605,-0.0211615	-0.596633,-0.329384,-0.425112,-0.289972,-0.263852,-0.395927,-0.399728,-0.237955,-0.288982,-0.30928,-0.195463,-0.352766,-0.208065,-0.317579,-0.432679,-0.389865,-0.203712,-0.408947,-0.341408,-0.308186	0.011064,0.0160913,0.0432914,0.294899,0.277052,0.327536,0.379818,0.171797,0.285354,0.221287,0.17706,0.327738,0.216699,0.189881,0.307942,0.39046,0.231975,0.385546,0.316739,0.288909
-0.608142,-0.301641,-0.4253,-0.0203288,-0.00769018,-0.0845525,-0.064676,-0.11386,0.0046146,-0.13013,-0.0104915,-0.00792501,0.00480048,-0.136302,-0.140842,-0.0125843,0.0322745,-0.00297296,-0.0230871,-0.0222122	-0.625294,-0.328224,-0.465887,-0.296895,-0.289081,-0.422499,-0.422522,-0.261968,-0.28595,-0.327676,-0.193798,-0.364337,-0.193062,-0.329019,-0.434915,-0.383582,-0.19361,-0.369713,-0.333006,-0.340593	0.0276769,0.0295037,0.0506163,0.278245,0.282018,0.350467,0.367899,0.152661,0.290181,0.206344,0.18368,0.357444,0.19768,0.201765,0.313262,0.372797,0.224482,0.367143,0.31232,0.320807
0.676073,0.321896,0.501786,0.0247716,0.00625281,0.0657678,0.202777,0.110378,-0.0483265,0.181343,-0.0200847,0.0825861,0.30805,0.268704,0.287171,0.25183,0.131297,0.197262,0.134874,0.0561395	0.755581,0.213969,0.371909,0.00571521,0.0477531,0.0833201,0.201468,0.160854,-0.0148567,0.157597,0.0273772,0.00950387,0.202903,0.289501,0.264243,0.0890304,0.100609,0.125288,0.190014,0.149492	-0.162536,0.11591,0.159676,0.0190591,-0.0415127,-0.017649,0.00136476,-0.0513884,-0.0334938,0.0244438,-0.0474358,0.0731396,0.112158,-0.0225517,0.0248107,0.166533,0.0310985,0.073798,-0.0565906,-0.0941429
0.670309,0.268004,0.451659,0.0475774,0.0217359,0.116974,0.147687,0.112906,-0.0596603,0.172763,0.00666523,0.0639028,0.300811,0.255164,0.298852,0.282032,0.147197,0.186799,0.166215,0.0559478	0.770556,0.153843,0.28397,0.0179652,0.0343591,0.144264,0.160884,0.169726,-0.0138265,0.143826,0.0380137,-0.0156156,0.189373,0.255351,0.29719,0.137218,0.164015,0.153732,0.227806,0.156828	-0.207341,0.11907,0.192361,0.0296376,-0.0126327,-0.0277584,-0.0135181,-0.0579301,-0.0458716,0.0296746,-0.0313564,0.0794391,0.11817,-0.000200994,0.00182419,0.150644,-0.0172346,0.0340448,-0.0640156,-0.101773
0.696342,0.645954,0.581439,0.646577,0.620026,0.641288,0.7414,0.818475,0.84834,0.784169,0.780094,0.853249,0.749386,0.680744,0.639279,0.651878,0.717996,0.708199,0.650703,0.771782	0.571455,0.623319,0.52994,0.664144,0.657973,0.610038,0.751109,0.818583,0.849444,0.735655,0.780743,0.86212,0.747954,0.686595,0.654877,0.654348,0.711996,0.744361,0.671007,0.789856	0.207429,0.0378927,0.074434,-0.0307883,-0.0640962,0.0513308,-0.0219098,-0.000327157,-0.00394951,0.114658,-0.00165799,-0.0335505,0.00325911,-0.0109852,-0.0268316,-0.00430686,0.0122743,-0.0764784,-0.0360406,-0.046297
0.435372,0.562464,0.475992,0.38393,0.340302,0.296773,0.355665,0.412597,0.375072,0.417463,0.379127,0.422022,0.397934,0.489728,0.451471,0.425828,0.333878,0.37299,0.336447,0.300079	0.472999,0.553274,0.469656,0.400271,0.370645,0.323588,0.357424,0.401064,0.410043,0.388657,0.429244,0.44806,0.323244,0.475158,0.443144,0.426552,0.358474,0.374706,0.33032,0.358482	-0.0473849,0.0133418,0.00815928,-0.0193087,-0.0347224,-0.0296642,-0.00201598,0.0138198,-0.041327,0.0343852,-0.0598576,-0.0321096,0.0857155,0.0189888,0.0104095,-0.000884225,-0.0279401,-0.00199482,0.00689367,-0.0654423
0.544412,0.595521,0.585248,0.440825,0.402795,0.411928,0.471678,0.541462,0.408059,0.441408,0.421068,0.460017,0.569278,0.472818,0.433861,0.37751,0.429307,0.357989,0.415993,0.530629	0.550464,0.564559,0.563331,0.476294,0.424019,0.396721,0.479306,0.551157,0.437687,0.429042,0.463549,0.442323,0.518711,0.441024,0.420846,0.407004,0.467787,0.397658,0.411654,0.540627	-0.00864144,0.0466451,0.0326963,-0.0448958,-0.0255955,0.0181773,-0.00985705,-0.0138197,-0.0360707,0.0152547,-0.0527835,0.022214,0.0717545,0.0401704,0.015923,-0.0348489,-0.04815,-0.0462536,0.0052355,-0.0140204
-0.664148,-0.502009,-0.487042,-0.340906,-0.368849,-0.389952,-0.488494,-0.308152,-0.426794,-0.338915,-0.23311,-0.34072,-0.236519,-0.383558,-0.49056,-0.372168,-0.318688,-0.406292,-0.418993,-0.451236	-0.630791,-0.538614,-0.517346,-0.0766939,-0.0668155,-0.0389133,-0.155902,-0.120733,-0.129818,-0.175727,0.0143229,-0.059959,-0.168183,-0.212261,-0.250434,-0.121734,-0.114028,-0.0906006,-0.105851,-0.102345	-0.0574074,0.0501701,0.0405124,-0.271305,-0.309665,-0.356448,-0.36001,-0.194661,-0.314396,-0.173523,-0.24661,-0.286616,-0.0711678,-0.186479,-0.273759,-0.262318,-0.212378,-0.327756,-0.327675,-0.365783
-0.66608,-0.507368,-0.520162,-0.350542,-0.351352,-0.391307,-0.483684,-0.311245,-0.423953,-0.349448,-0.214509,-0.343885,-0.236841,-0.380893,-0.472734,-0.369206,-0.316088,-0.420644,-0.397284,-0.452292	-0.628624,-0.547042,-0.566098,-0.0951443,-0.0624922,-0.0370441,-0.138038,-0.119759,-0.115095,-0.191618,0.0190295,-0.0685043,-0.172631,-0.22375,-0.210933,-0.0966077,-0.0706648,-0.0811045,-0.0673906,-0.0967822	-0.0644363,0.0549162,0.0651065,-0.26421,-0.295345,-0.359473,-0.370375,-0.1989,-0.324702,-0.169157,-0.232589,-0.282025,-0.0669473,-0.171783,-0.290797,-0.282681,-0.25103,-0.351533,-0.338969,-0.371785
0.255853,0.546978,0.396017,0.3803,0.361049,0.26661,0.368319,0.408571,0.377239,0.389065,0.363077,0.430655,0.42567,0.498503,0.446431,0.401847,0.354022,0.386466,0.346143,0.331597	0.412854,0.560845,0.441847,0.379095,0.353803,0.323636,0.361033,0.396934,0.410964,0.40652,0.412167,0.447698,0.351908,0.478049,0.422359,0.400107,0.384183,0.353337,0.320567,0.373503	-0.175543,-0.0200038,-0.0555499,0.00140814,0.00830715,-0.0624108,0.008404,0.0138891,-0.0399135,-0.0207339,-0.0577285,-0.0211132,0.0867583,0.0268537,0.0296654,0.00207386,-0.0349095,0.0383689,0.0287684,-0.0478301
0.526351,0.635953,0.51167,0.45342,0.426781,0.381329,0.478206,0.531287,0.407734,0.421657,0.419378,0.480677,0.552841,0.50749,0.424321,0.355125,0.422607,0.389157,0.442493,0.537967	0.6587,0.627127,0.542014,0.470692,0.409971,0.396921,0.476456,0.540888,0.436099,0.45587,0.460836,0.453844,0.50371,0.469478,0.395718,0.381826,0.46634,0.394234,0.418191,0.530132	-0.202587,0.0146815,-0.0419884,-0.0219589,0.0203752,-0.0183724,0.00226706,-0.0134728,-0.0344995,-0.0423551,-0.0513897,0.0343194,0.0680928,0.0499021,0.0343751,-0.0308884,-0.0544673,-0.00599665,0.0298202,0.0109614
-0.693896,-0.489296,-0.539772,-0.339343,-0.353329,-0.405735,-0.488957,-0.314331,-0.431567,-0.35068,-0.229268,-0.329467,-0.241159,-0.373715,-0.471246,-0.341337,-0.301584,-0.396882,-0.408726,-0.440932	-0.626574,-0.518394,-0.54857,-0.0917382,-0.076777,-0.028738,-0.165427,-0.128374,-0.138999,-0.156975,0.0176934,-0.0521697,-0.171792,-0.203385,-0.233088,-0.0843849,-0.090987,-0.103792,-0.103571,-0.0965804	-0.119107,0.0389861,0.0124999,-0.255561,-0.284264,-0.381445,-0.352002,-0.193777,-0.311239,-0.204989,-0.245963,-0.282146,-0.0723655,-0.184341,-0.267546,-0.264573,-0.216539,-0.305683,-0.318643,-0.359669
-0.694752,-0.493528,-0.548635,-0.347041,-0.339946,-0.419511,-0.483002,-0.319686,-0.427182,-0.357432,-0.210387,-0.335726,-0.245343,-0.370526,-0.465099,-0.339844,-0.301947,-0.41477,-0.387556,-0.442166	-0.623252,-0.526018,-0.574272,-0.10849,-0.0809628,-0.0479145,-0.144751,-0.13018,-0.121638,-0.168527,0.0232092,-0.0644317,-0.180517,-0.214688,-0.210402,-0.0608977,-0.0530321,-0.096394,-0.0674592,-0.0915089	-0.126105,0.0438824,0.0374301,-0.247884,-0.266313,-0.379219,-0.363678,-0.197734,-0.322291,-0.201013,-0.232461,-0.277293,-0.0678298,-0.169306,-0.282325,-0.284841,-0.252965,-0.331636,-0.32869,-0.365444
0.560827,0.587136,0.47757,0.375847,0.371595,0.347533,0.328638,0.383886,0.393053,0.336622,0.344196,0.473548,0.380996,0.380568,0.360244,0.337457,0.322077,0.275217,0.277471,0.336559	0.528403,0.564738,0.46209,0.394241,0.362195,0.305328,0.334167,0.404767,0.387719,0.352573,0.335898,0.42942,0.406121,0.363386,0.355625,0.365774,0.334936,0.311875,0.27929,0.28781	0.0460792,0.0335083,0.0198639,-0.0215937,0.0108622,0.0472153,-0.0062113,-0.0247228,0.00629361,-0.0181,0.00938354,0.0553921,-0.0297235,0.0199389,0.00529829,-0.032305,-0.0144142,-0.0400992,-0.00197188,0.0539773
-0.625417,-0.488353,-0.448503,-0.299712,-0.325648,-0.40584,-0.435766,-0.28067,-0.392445,-0.317295,-0.19412,-0.3356,-0.268339,-0.358803,-0.472628,-0.309879,-0.265356,-0.372884,-0.407845,-0.375517	-0.60075,-0.522483,-0.478345,-0.0327307,-0.03243,-0.074638,-0.0809448,-0.0796002,-0.108414,-0.127838,0.0180168,-0.0775889,-0.147907,-0.170563,-0.22164,-0.0416166,-0.0754825,-0.0413379,-0.0798183,-0.0371488	-0.0395123,0.0458207,0.0379929,-0.269627,-0.296348,-0.341548,-0.367795,-0.205665,-0.296653,-0.197466,-0.211398,-0.264909,-0.12541,-0.200511,-0.280356,-0.271767,-0.193754,-0.336737,-0.339065,-0.343155
-0.626368,-0.489224,-0.47047,-0.296309,-0.309168,-0.419667,-0.440921,-0.286621,-0.397363,-0.319668,-0.189794,-0.349249,-0.27536,-0.352641,-0.469706,-0.305068,-0.264564,-0.387219,-0.399477,-0.380501	-0.597071,-0.526838,-0.518406,-0.0357395,-0.0324359,-0.0926529,-0.0770792,-0.0817301,-0.103764,-0.132595,0.0052359,-0.100661,-0.159723,-0.178555,-0.204129,-0.0128673,-0.0350102,-0.0305676,-0.0619229,-0.0359566	-0.0467986,0.0506747,0.0633984,-0.263358,-0.279535,-0.340244,-0.376642,-0.209806,-0.306225,-0.195353,-0.194836,-0.257645,-0.120957,-0.185784,-0.293741,-0.293353,-0.2317,-0.360924,-0.346116,-0.349324
-0.655841,-0.502588,-0.494405,-0.302474,-0.331984,-0.441994,-0.462046,-0.293668,-0.401463,-0.32091,-0.232057,-0.367296,-0.24423,-0.35692,-0.45161,-0.305909,-0.272801,-0.351246,-0.423604,-0.42012	-0.623169,-0.527443,-0.515893,-0.0518764,-0.0322989,-0.0987958,-0.125464,-0.111377,-0.118441,-0.142889,-0.0185345,-0.0844588,-0.139852,-0.15517,-0.186662,-0.0594134,-0.092676,-0.0435911,-0.108949,-0.0599186	-0.0552543,0.0338199,0.0288454,-0.254592,-0.302933,-0.358869,-0.357295,-0.188454,-0.297151,-0.186576,-0.214444,-0.291892,-0.108069,-0.213579,-0.289339,-0.251059,-0.184798,-0.312439,-0.329879,-0.369503
-0.656304,-0.506739,-0.511922,-0.291391,-0.311577,-0.46356,-0.467986,-0.296775,-0.409266,-0.321805,-0.219893,-0.380615,-0.246445,-0.351163,-0.447338,-0.300831,-0.275166,-0.370416,-0.408527,-0.426751	-0.619226,-0.534889,-0.550676,-0.0452484,-0.0268081,-0.129684,-0.123214,-0.110229,-0.11939,-0.145758,-0.0206396,-0.108474,-0.146373,-0.163998,-0.166357,-0.0311245,-0.0567136,-0.0370331,-0.0820425,-0.060717	-0.0624625,0.0386163,0.0539675,-0.249431,-0.287167,-0.355231,-0.365869,-0.192855,-0.304768,-0.184711,-0.200162,-0.283861,-0.103816,-0.198602,-0.303572,-0.272256,-0.221916,-0.33802,-0.337807,-0.37577
0.886164,0.890229,0.834323,0.826769,0.805671,0.715434,0.803394,0.887251,0.796176,0.871523,0.826348,0.828353,0.833886,0.892871,0.824843,0.850518,0.815187,0.801519,0.826384,0.845399	0.905904,0.879707,0.791352,0.814022,0.768559,0.726928,0.820877,0.894942,0.814452,0.865093,0.806137,0.818235,0.826776,0.869232,0.84817,0.875614,0.871359,0.850322,0.833643,0.855755	-0.100093,0.0485206,0.126474,0.0389846,0.097461,-0.0239508,-0.0513431,-0.0373429,-0.0519877,0.0261336,0.0605392,0.0314036,0.0228943,0.105582,-0.0776556,-0.0983128,-0.193912,-0.153252,-0.0233332,-0.0374489
0.569998,0.557419,0.32245,0.618651,0.636798,0.454225,0.591304,0.638494,0.454133,0.321985,0.416283,0.476597,0.535804,0.410002,0.637821,0.505894,0.407057,0.560074,0.74134,0.715434	0.444478,0.671667,0.258624,0.600993,0.570359,0.38381,0.616513,0.675873,0.458599,0.447068,0.251695,0.411573,0.527966,0.48556,0.665892,0.604766,0.448299,0.701163,0.776722,0.711891	0.168111,-0.182622,0.0696327,0.0281085,0.104333,0.0852824,-0.0396702,-0.0657555,-0.00563991,-0.146116,0.183851,0.0808917,0.0109297,-0.0943391,-0.0487955,-0.142455,-0.0504477,-0.232324,-0.0834126,0.0072188
-0.457575,-0.0790091,-0.0595812,0.116782,0.0666854,-0.0258462,-0.0747048,-0.0583758,0.0500661,-0.0472478,0.00129273,-0.0341312,0.000975739,0.0449542,-0.136496,-0.0413813,0.0331589,-0.00691243,-0.0616706,-0.00230321	-0.537239,-0.164837,-0.479896,-0.367712,-0.324458,-0.535373,-0.572861,-0.341041,-0.400186,-0.449332,-0.491869,-0.50678,-0.350001,-0.332092,-0.524291,-0.438013,-0.278442,-0.457584,-0.350891,-0.393918	0.105631,0.0869606,0.432687,0.464546,0.38286,0.516676,0.520428,0.288407,0.441408,0.410805,0.492849,0.480968,0.350857,0.371501,0.417687,0.403953,0.308751,0.452101,0.295617,0.39197
-0.441125,-0.0985868,-0.0406131,0.111231,0.0570411,-0.00732531,-0.0702291,-0.0581833,0.0411923,-0.0476877,0.000521787,-0.0419874,0.00713033,0.0552908,-0.134307,-0.041452,0.0275639,-0.0183196,-0.063947,0.00746473	-0.573754,-0.183937,-0.484068,-0.353544,-0.307486,-0.54006,-0.563192,-0.342101,-0.403841,-0.474775,-0.489395,-0.506553,-0.349871,-0.330825,-0.515672,-0.427808,-0.285769,-0.4427,-0.342651,-0.380031	0.177572,0.0869268,0.452348,0.44719,0.358243,0.53485,0.513263,0.289684,0.437751,0.436981,0.489792,0.474661,0.356113,0.37918,0.409743,0.393331,0.310884,0.42785,0.284947,0.3864
-0.423048,-0.0974735,-0.0783724,0.127885,0.0742413,-0.0125441,-0.0133245,-0.0151368,0.0263346,-0.0157393,-0.0173318,-0.0138431,0.0392895,0.0588129,-0.0956074,-0.0262299,0.0239337,0.0162384,-0.0342355,0.0013626	-0.501218,-0.174729,-0.482831,-0.34616,-0.302157,-0.510686,-0.526706,-0.312221,-0.399117,-0.444076,-0.478763,-0.46662,-0.362927,-0.327649,-0.502804,-0.427979,-0.258261,-0.443494,-0.342368,-0.348639	0.0992052,0.0785943,0.420365,0.45395,0.36814,0.501354,0.51701,0.298495,0.421027,0.431352,0.465292,0.45572,0.396562,0.379155,0.42776,0.406311,0.280461,0.456446,0.311787,0.349835
-0.445514,-0.09433,-0.0677634,0.0959141,0.0780448,0.0221757,-0.0540402,-0.0453412,0.0470986,-0.0391349,-0.00293981,0.0116001,0.049929,0.0510801,-0.0899347,-0.0427845,0.0324128,0.0473743,-0.0416548,0.00429716	-0.527208,-0.178758,-0.488251,-0.357299,-0.307645,-0.522261,-0.550342,-0.329268,-0.390316,-0.454017,-0.475233,-0.477715,-0.345754,-0.34957,-0.49951,-0.416801,-0.248218,-0.403038,-0.341321,-0.381904	0.106773,0.0858765,0.434876,0.438196,0.376647,0.538203,0.511515,0.28823,0.429519,0.422388,0.472954,0.486618,0.388968,0.393621,0.428841,0.380808,0.278391,0.441974,0.303989,0.385568
0.547011,0.170383,0.128697,0.00693106,0.0160623,-0.104705,0.0628929,-0.0050547,-0.0455848,0.0906109,0.0193062,-0.0345615,0.228353,0.0137078,0.193566,0.152351,-0.0165653,0.0308227,0.0769108,0.0218136	0.441775,0.0385915,-0.143853,-0.0679451,0.0504266,-0.164714,-0.0262797,-0.00458127,-0.0822165,-0.0924633,-0.227672,-0.205508,0.0290766,0.0782265,0.116497,-0.00279785,-0.059958,-0.0141122,0.181037,0.0699083	0.138771,0.132664,0.267596,0.0748409,-0.0343922,0.0610616,0.0890255,-0.000473438,0.0367695,0.181553,0.245898,0.172169,0.200608,-0.0645879,0.078847,0.155082,0.0434358,0.0449153,-0.105596,-0.0481682
0.535082,0.14014,0.103482,0.0204693,0.0462346,-0.111985,0.0179934,-0.0208249,-0.049884,0.0799443,0.00649586,-0.0495227,0.234042,0.0286017,0.20962,0.174674,-0.0275984,0.0158618,0.0953159,0.0271013	0.436815,-0.00768391,-0.204504,-0.067872,0.0407253,-0.172827,-0.0237194,-0.0148818,-0.0768434,-0.106185,-0.259137,-0.229353,0.0240458,0.0552066,0.155248,0.0319092,-0.014214,0.0230219,0.208612,0.0832605	0.128242,0.147665,0.301603,0.0882187,0.00551972,0.0620427,0.0416951,-0.00594499,0.0270631,0.184563,0.265186,0.181897,0.211185,-0.026647,0.0562003,0.143565,-0.0133897,-0.00716276,-0.115595,-0.0562862
-0.633745,-0.288077,-0.39297,0.0502276,0.0291966,-0.00823931,-0.0447155,-0.0884395,0.0406236,-0.0901801,0.0393996,0.00101928,0.0232358,-0.0582137,-0.163435,0.0306793,0.0481395,-0.0123487,-0.0447719,-0.00225689	-0.660285,-0.409131,-0.636386,-0.411494,-0.316531,-0.496166,-0.558643,-0.383264,-0.406732,-0.527498,-0.39417,-0.467469,-0.329103,-0.435304,-0.553758,-0.440976,-0.292862,-0.518139,-0.356925,-0.393924	0.0456377,0.137228,0.32459,0.452372,0.342561,0.48993,0.527094,0.305168,0.440084,0.45916,0.426939,0.468265,0.349665,0.386894,0.429164,0.465359,0.336261,0.509048,0.317222,0.392016
-0.601062,-0.290413,-0.424565,0.0459012,0.0127698,-0.0222337,-0.0352179,-0.0912786,0.0292943,-0.0878353,0.0262513,-0.00535517,0.0367376,-0.0395571,-0.160767,0.0273287,0.0188487,-0.0144189,-0.0376293,0.00672943	-0.669271,-0.412321,-0.665152,-0.39749,-0.305164,-0.51951,-0.545742,-0.386175,-0.412371,-0.549359,-0.399313,-0.465176,-0.323903,-0.429121,-0.545003,-0.432882,-0.31673,-0.499704,-0.342068,-0.380653	0.114114,0.138492,0.335267,0.435447,0.3167,0.503088,0.520529,0.305671,0.436393,0.484923,0.42115,0.460969,0.3564,0.396291,0.421135,0.45483,0.333587,0.488807,0.308408,0.386393
-0.590637,-0.287988,-0.368646,0.083269,0.0481543,-0.0237532,-0.00344613,-0.0357738,0.0154333,-0.0415675,0.0157492,-0.0264507,0.0769001,-0.0419562,-0.105383,0.0290243,0.0341521,0.0254298,-0.0207137,-0.00189491	-0.614868,-0.40457,-0.61567,-0.376789,-0.286604,-0.488311,-0.529263,-0.347354,-0.407154,-0.514133,-0.379072,-0.454381,-0.332227,-0.432271,-0.521517,-0.443064,-0.274496,-0.495304,-0.350877,-0.349814	0.0380496,0.131956,0.31955,0.446063,0.330202,0.470009,0.526777,0.3155,0.419948,0.482885,0.392478,0.433136,0.398935,0.397525,0.440334,0.466095,0.305782,0.514257,0.33258,0.34815
-0.615344,-0.281205,-0.401726,0.0614427,0.0293566,-0.00553594,-0.0381626,-0.0741747,0.0295623,-0.0795381,0.0266953,0.00797739,0.0851614,-0.0297052,-0.115265,-0.00240515,0.0426145,0.0502567,-0.0208098,0.00800667	-0.643087,-0.403737,-0.643383,-0.381784,-0.309445,-0.507488,-0.547638,-0.369827,-0.404408,-0.530777,-0.377586,-0.461257,-0.316876,-0.439597,-0.527767,-0.439374,-0.26644,-0.462099,-0.344082,-0.379095	0.0459097,0.138224,0.325887,0.433067,0.335752,0.503366,0.520351,0.303991,0.428843,0.471128,0.400247,0.467514,0.391473,0.415315,0.439222,0.437431,0.305585,0.500727,0.325603,0.38593
0.699578,0.348194,0.40653,-0.0736109,-0.0703509,-0.075835,0.0877066,0.0433332,-0.151087,0.137034,-0.0860726,-0.00320413,0.243562,0.114395,0.218776,0.253288,0.0925005,0.128197,0.100652,0.0397358	0.725018,0.106277,0.145281,-0.133388,0.010728,-0.0866555,-0.0218898,0.0164611,-0.18739,-0.14211,-0.213014,-0.137372,0.0511402,0.116799,0.118423,0.0127442,0.0131886,-0.0183344,0.177077,0.0905129	-0.0516252,0.251212,0.277647,0.0603694,-0.0810178,0.010892,0.109386,0.0268913,0.0373603,0.273812,0.129312,0.134227,0.194848,-0.00243692,0.103022,0.241323,0.0794088,0.146188,-0.0778114,-0.0509604
0.699923,0.303032,0.354495,-0.0463907,-0.0472479,-0.00415347,-0.0121667,0.0475186,-0.15871,0.126834,-0.0418628,-0.0178927,0.237682,0.114919,0.229256,0.289535,0.0958631,0.101662,0.130646,0.0391004	0.73357,0.0470543,0.0537829,-0.11979,-0.00309079,-0.0180249,-0.0705036,0.0263917,-0.186283,-0.155506,-0.198234,-0.16233,0.0361506,0.0770511,0.151351,0.0590621,0.0759735,0.00708244,0.216754,0.0978054	-0.0691536,0.25968,0.306557,0.0738091,-0.0441636,0.0138725,0.058387,0.0211535,0.0284127,0.276879,0.15768,0.144858,0.203278,0.0382059,0.0807047,0.234483,0.0200356,0.0946477,-0.0886176,-0.0589304
0.696396,0.666331,0.639846,0.66628,0.628869,0.66318,0.748484,0.828106,0.849634,0.802932,0.794064,0.857402,0.76894,0.717673,0.651825,0.647958,0.715849,0.71785,0.653573,0.778502	0.560195,0.666309,0.588361,0.689436,0.665681,0.637859,0.763798,0.825238,0.852212,0.751206,0.79483,0.867207,0.764597,0.708856,0.669085,0.665584,0.705232,0.75734,0.671657,0.798047	0.223323,3.96483e-05,0.0825686,-0.0428309,-0.0633197,0.0438837,-0.0357543,0.00905914,-0.00934091,0.130347,-0.00207612,-0.0382322,0.01054,0.0179466,-0.0306082,-0.030992,0.0214414,-0.0865371,-0.032235,-0.0516062
0.441442,0.578133,0.525166,0.415295,0.354664,0.324789,0.361148,0.431476,0.382214,0.453525,0.398021,0.421203,0.431292,0.526058,0.475646,0.435497,0.329957,0.399782,0.342633,0.307502	0.45988,0.590651,0.544201,0.442594,0.384599,0.36857,0.38127,0.42779,0.416219,0.428665,0.450205,0.463292,0.369317,0.523829,0.459819,0.436469,0.360196,0.395268,0.329464,0.380322	-0.0231346,-0.0190086,-0.0266517,-0.0334468,-0.0346638,-0.0497343,-0.0233353,0.0045195,-0.0404381,0.0308599,-0.0635771,-0.052293,0.073717,0.00307679,0.0202586,-0.00120124,-0.0343174,0.00536092,0.0148447,-0.0824639
0.540914,0.607419,0.631711,0.474187,0.418977,0.450114,0.483528,0.56289,0.418224,0.481603,0.439902,0.464617,0.600329,0.518534,0.451061,0.378167,0.427502,0.38412,0.419164,0.53887	0.542548,0.610306,0.621756,0.513886,0.436955,0.434151,0.498896,0.568495,0.443888,0.46623,0.483791,0.454261,0.550757,0.489783,0.440942,0.421143,0.466439,0.419632,0.411755,0.554996	-0.0023136,-0.00458873,0.0163933,-0.0524886,-0.0220071,0.0198399,-0.0202548,-0.00824276,-0.0315143,0.019824,-0.0557543,0.0131259,0.0740583,0.0385382,0.0126313,-0.051117,-0.0486342,-0.0423361,0.00895494,-0.023006
-0.662365,-0.468898,-0.605522,-0.388845,-0.412293,-0.46083,-0.555784,-0.359837,-0.48414,-0.381823,-0.270142,-0.393921,-0.30314,-0.481464,-0.538955,-0.375601,-0.349792,-0.448709,-0.443161,-0.454746	-0.630876,-0.477703,-0.489809,0.00145581,-0.0349382,0.0436298,-0.126344,-0.080616,-0.12099,-0.119856,0.0503079,-0.0406508,-0.111486,-0.114281,-0.224667,-0.0996261,-0.10726,-0.0537871,-0.109613,-0.0651663	-0.0540917,0.011347,-0.164503,-0.39008,-0.38287,-0.494517,-0.461873,-0.287563,-0.385745,-0.27453,-0.316154,-0.35902,-0.198357,-0.388563,-0.357586,-0.286703,-0.251986,-0.404689,-0.350578,-0.401477
-0.659696,-0.462626,-0.630214,-0.396696,-0.389362,-0.452808,-0.569244,-0.361237,-0.478148,-0.392386,-0.242885,-0.393791,-0.301658,-0.467838,-0.524,-0.368562,-0.356662,-0.469775,-0.424637,-0.455484	-0.626238,-0.481124,-0.547615,-0.0176146,-0.0299709,0.0443386,-0.109709,-0.0792217,-0.104607,-0.13705,0.0538646,-0.0494223,-0.116043,-0.127158,-0.182234,-0.0730693,-0.0632246,-0.043274,-0.0706251,-0.0590993	-0.0570111,0.0237939,-0.126127,-0.381749,-0.363635,-0.487362,-0.490146,-0.290324,-0.393208,-0.269848,-0.292917,-0.351204,-0.192348,-0.362228,-0.377846,-0.303671,-0.300207,-0.435351,-0.364957,-0.40735
0.259923,0.579573,0.451518,0.412763,0.375942,0.297073,0.37526,0.427185,0.384963,0.423905,0.382138,0.430063,0.456665,0.530033,0.473154,0.415483,0.348997,0.414399,0.352165,0.338848	0.40995,0.592893,0.522707,0.416502,0.369412,0.365912,0.380996,0.426337,0.416232,0.449812,0.433162,0.46219,0.398839,0.536708,0.439609,0.398925,0.389246,0.371385,0.321587,0.393771	-0.167919,-0.0202935,-0.0931799,-0.00451546,0.00758295,-0.0772352,-0.00669283,0.00103708,-0.0372351,-0.0320111,-0.0611451,-0.0400965,0.0707037,-0.00932892,0.0423548,0.0198477,-0.0465767,0.0508384,0.0344832,-0.0633799
0.52049,0.656018,0.564858,0.487083,0.443645,0.422261,0.492047,0.552322,0.418382,0.459392,0.438201,0.485162,0.584983,0.546785,0.44441,0.359844,0.419807,0.416736,0.445453,0.547186	0.6609,0.659017,0.606805,0.502623,0.424563,0.431495,0.492531,0.560817,0.441284,0.494982,0.480944,0.464693,0.539679,0.526669,0.416883,0.384968,0.468528,0.413817,0.420176,0.544024	-0.214038,-0.00528396,-0.0638233,-0.0205787,0.0235103,-0.0112923,-0.000639541,-0.0123073,-0.0280874,-0.0460648,-0.0541564,0.0264272,0.0662057,0.0282527,0.0337866,-0.0291641,-0.0606499,0.00352832,0.0310977,0.00450153
-0.683583,-0.456167,-0.648223,-0.389797,-0.398852,-0.476999,-0.558735,-0.365428,-0.489553,-0.391778,-0.26638,-0.383888,-0.308341,-0.470678,-0.520522,-0.347533,-0.331895,-0.442336,-0.43174,-0.445026	-0.613077,-0.465169,-0.527506,-0.0232544,-0.0455084,0.051695,-0.144708,-0.0857763,-0.133074,-0.0941934,0.053524,-0.033662,-0.112643,-0.0871369,-0.207506,-0.0774061,-0.0789077,-0.0726415,-0.104342,-0.0611114	-0.121371,0.0114262,-0.183444,-0.369895,-0.359875,-0.515971,-0.450448,-0.288701,-0.38132,-0.308987,-0.315407,-0.354811,-0.20274,-0.399945,-0.35092,-0.277594,-0.259791,-0.381968,-0.342843,-0.394648
-0.681188,-0.448963,-0.651044,-0.396042,-0.379664,-0.481748,-0.571096,-0.369167,-0.481989,-0.398653,-0.239081,-0.386582,-0.310244,-0.456249,-0.516811,-0.341871,-0.341364,-0.467937,-0.413574,-0.445898	-0.60819,-0.467915,-0.556562,-0.0409893,-0.0495873,0.0286681,-0.125249,-0.0873753,-0.113732,-0.106675,0.0580199,-0.046337,-0.121896,-0.100733,-0.18342,-0.0531423,-0.0401923,-0.0644698,-0.0678002,-0.0555902	-0.124632,0.023992,-0.148172,-0.360912,-0.33641,-0.503463,-0.480195,-0.291184,-0.389614,-0.304946,-0.293036,-0.346451,-0.19575,-0.372643,-0.368304,-0.294071,-0.305362,-0.416017,-0.355749,-0.400229
0.55378,0.60632,0.542144,0.414477,0.38976,0.392061,0.347153,0.413909,0.404128,0.379782,0.364667,0.482906,0.423797,0.437621,0.378007,0.339013,0.324947,0.300889,0.278418,0.353171	0.536399,0.59636,0.513543,0.426125,0.377396,0.332093,0.341946,0.423069,0.395597,0.389012,0.35573,0.429895,0.436344,0.411167,0.383662,0.380405,0.332772,0.339504,0.28417,0.296082	0.0247265,0.0156006,0.0396354,-0.0141465,0.0144964,0.068944,0.00590869,-0.0111049,0.0101545,-0.0108293,0.0102685,0.0668985,-0.0153936,0.0322591,-0.00661367,-0.0475202,-0.00877379,-0.0430088,-0.00624582,0.0637556
-0.623823,-0.465201,-0.578167,-0.353396,-0.375195,-0.482594,-0.509635,-0.332875,-0.453024,-0.364317,-0.233383,-0.391679,-0.334913,-0.464792,-0.518607,-0.313221,-0.298392,-0.416739,-0.430116,-0.3841	-0.594409,-0.479532,-0.463099,0.0360303,0.000575869,-0.0175162,-0.0669862,-0.0446644,-0.0976164,-0.0727883,0.0510815,-0.0770134,-0.100884,-0.080402,-0.184602,-0.0190393,-0.0744059,0.00601575,-0.0744664,-0.0172186	-0.0467488,0.0184456,-0.157143,-0.38453,-0.37569,-0.469043,-0.458294,-0.29256,-0.371852,-0.29947,-0.281113,-0.324453,-0.242213,-0.399313,-0.369367,-0.295947,-0.229072,-0.421698,-0.367418,-0.369324
-0.620041,-0.455086,-0.591682,-0.348264,-0.352639,-0.486539,-0.53252,-0.337602,-0.453955,-0.365471,-0.219711,-0.402056,-0.339495,-0.447958,-0.518198,-0.304587,-0.307704,-0.437908,-0.424722,-0.389059	-0.588399,-0.479399,-0.508687,0.032794,0.000529926,-0.0379224,-0.0645071,-0.0467455,-0.0918882,-0.0769631,0.0368219,-0.101142,-0.113269,-0.0898891,-0.166109,0.010371,-0.0333469,0.0186394,-0.0564396,-0.015776	-0.0498178,0.0310975,-0.118731,-0.376755,-0.353103,-0.457049,-0.484662,-0.29552,-0.377827,-0.296858,-0.254474,-0.313669,-0.235274,-0.373092,-0.38525,-0.313966,-0.277202,-0.452851,-0.377327,-0.375589
-0.655025,-0.474963,-0.614448,-0.355372,-0.379456,-0.511005,-0.531777,-0.345312,-0.460573,-0.366919,-0.269729,-0.418983,-0.310311,-0.458877,-0.503586,-0.312384,-0.306377,-0.397424,-0.446768,-0.425359	-0.622867,-0.484876,-0.49822,0.0222416,0.00450446,-0.0205103,-0.102491,-0.0670285,-0.104622,-0.0816108,0.0144424,-0.0743116,-0.0802492,-0.0496624,-0.159829,-0.0508867,-0.0873373,0.000323878,-0.109237,-0.0291871	-0.0543193,0.0128792,-0.167507,-0.374652,-0.383306,-0.49569,-0.454032,-0.284878,-0.37397,-0.294115,-0.283069,-0.355747,-0.235937,-0.418758,-0.373847,-0.265722,-0.225062,-0.397697,-0.354849,-0.401153
-0.651214,-0.467817,-0.62446,-0.343276,-0.353452,-0.522387,-0.555392,-0.347072,-0.4642,-0.367119,-0.249222,-0.429188,-0.310238,-0.44254,-0.501241,-0.303099,-0.318535,-0.42451,-0.434267,-0.431844	-0.616885,-0.487333,-0.537838,0.029287,0.0101775,-0.0556112,-0.102925,-0.0655492,-0.104928,-0.0837487,0.0116612,-0.0995201,-0.086953,-0.0608793,-0.137867,-0.0219693,-0.0507693,0.00867003,-0.0820223,-0.029545	-0.0573806,0.0252784,-0.130427,-0.368854,-0.362326,-0.480742,-0.4799,-0.288076,-0.377668,-0.292359,-0.260128,-0.344377,-0.229475,-0.392228,-0.390349,-0.283014,-0.272168,-0.431592,-0.365255,-0.407498
0.892653,0.898136,0.809724,0.814212,0.797682,0.682694,0.748755,0.877298,0.781861,0.861964,0.820757,0.81587,0.819747,0.877699,0.804171,0.852557,0.79583,0.771042,0.817084,0.839365	0.900501,0.871719,0.74836,0.796907,0.745064,0.679193,0.811789,0.88469,0.796049,0.854091,0.785161,0.797453,0.807186,0.825198,0.833296,0.872675,0.872553,0.843546,0.828019,0.850686	-0.0400097,0.121696,0.155734,0.04928,0.129706,0.00652762,-0.160732,-0.0330173,-0.0375739,0.0298467,0.100109,0.0527147,0.0371283,0.190411,-0.0882877,-0.0785882,-0.251062,-0.207397,-0.0338066,-0.0395866
-0.475546,-0.392692,-0.404152,-0.144019,-0.0759221,0.026353,0.0607495,-0.0692932,-0.0153643,-0.0558068,0.0570289,0.0578522,0.0411761,-0.160809,-0.0543714,0.139794,0.0208748,-0.0103696,0.0607077,0.000168784	-0.851835,-0.799251,-0.752887,-0.797452,-0.759644,-0.720304,-0.811347,-0.803742,-0.696788,-0.696109,-0.629261,-0.714639,-0.690237,-0.707658,-0.845009,-0.734999,-0.596084,-0.815572,-0.839969,-0.833418	0.632511,0.59253,0.501258,0.738216,0.725568,0.732748,0.831131,0.777766,0.688797,0.666181,0.662515,0.741822,0.7112,0.61707,0.828712,0.793284,0.609376,0.81207,0.856977,0.83347
-0.440882,-0.363747,-0.460533,-0.142415,-0.0922635,-0.0243872,0.071186,-0.0768702,-0.0195517,-0.0508947,0.0383776,0.0599271,0.0538404,-0.149139,-0.0530124,0.135098,-0.0137676,0.0118004,0.0929934,-0.0022569	-0.854415,-0.797145,-0.778514,-0.79176,-0.758808,-0.741098,-0.80468,-0.805368,-0.699029,-0.708042,-0.633185,-0.711855,-0.683238,-0.704909,-0.84004,-0.733145,-0.614087,-0.801391,-0.834081,-0.830178	0.663454,0.610384,0.495707,0.73187,0.716722,0.729903,0.828413,0.776575,0.688892,0.681714,0.655631,0.740205,0.710927,0.621062,0.823709,0.789997,0.605438,0.805573,0.860343,0.829475
-0.43209,-0.346772,-0.360905,-0.100902,-0.0513763,-0.0193918,0.0216937,-0.0495225,-0.0176702,-0.0349731,0.046021,-0.0204109,0.0670721,-0.15551,-0.017383,0.103795,0.0147965,0.0171708,0.048112,-0.00937105	-0.831658,-0.784511,-0.735687,-0.781315,-0.743839,-0.729672,-0.811419,-0.792038,-0.692493,-0.691082,-0.613802,-0.711739,-0.68308,-0.704295,-0.833893,-0.736242,-0.58616,-0.806568,-0.84512,-0.818432	0.623693,0.601329,0.510264,0.738645,0.719977,0.720474,0.818702,0.772829,0.683183,0.672359,0.641697,0.701519,0.717289,0.616283,0.82852,0.7804,0.595789,0.812486,0.858332,0.815314
-0.450571,-0.353828,-0.410454,-0.0767465,-0.0989555,-0.0435965,0.0346867,-0.0671254,-0.0287025,-0.0530368,0.0428872,-0.00590178,0.0637154,-0.127079,-0.0549062,0.0804454,0.0139271,-0.00211001,0.0739887,0.0106066	-0.842437,-0.792837,-0.758643,-0.774092,-0.759601,-0.743343,-0.814303,-0.797977,-0.692917,-0.699967,-0.614673,-0.717853,-0.678699,-0.707477,-0.837384,-0.739913,-0.579126,-0.795059,-0.84074,-0.825499	0.631611,0.610181,0.505639,0.74139,0.71434,0.723183,0.825668,0.772215,0.677693,0.671873,0.640671,0.714981,0.711641,0.637733,0.820188,0.774272,0.588308,0.794282,0.86116,0.828848
0.32427,0.380885,0.390282,-0.179793,-0.185635,0.0396311,0.0506423,0.11487,-0.169998,0.0550511,-0.146414,0.0501132,0.0377372,0.152572,0.0529385,0.171744,0.166802,0.215526,0.0815566,0.0557379	0.285251,-0.486108,-0.122609,-0.704031,-0.653327,-0.481767,-0.600481,-0.615846,-0.586287,-0.439621,-0.524603,-0.52708,-0.49998,-0.327042,-0.581262,-0.485369,-0.373905,-0.56677,-0.696974,-0.663698	0.0429954,0.731547,0.489469,0.600213,0.532243,0.51163,0.631907,0.682439,0.462373,0.482983,0.409654,0.56234,0.527759,0.45682,0.615268,0.606551,0.508963,0.697138,0.736657,0.693772
0.352091,0.3545,0.358292,-0.146365,-0.196786,0.166011,-0.064811,0.162774,-0.172709,0.0565903,-0.0677979,0.0506133,0.0160594,0.128658,0.0379394,0.194548,0.188749,0.188532,0.120428,0.0374312	0.291484,-0.530865,-0.206774,-0.68862,-0.663459,-0.418167,-0.639448,-0.600793,-0.581781,-0.449712,-0.50145,-0.543975,-0.514962,-0.359145,-0.576694,-0.449067,-0.327717,-0.557565,-0.671487,-0.663562	0.0675383,0.745137,0.526091,0.603034,0.536752,0.546257,0.599481,0.695547,0.454766,0.493737,0.448914,0.578656,0.526666,0.466259,0.601474,0.591903,0.48638,0.675128,0.732667,0.684004
0.780993,0.687488,0.64062,0.63636,0.617662,0.660016,0.763166,0.843916,0.851268,0.806081,0.800572,0.867442,0.76181,0.701606,0.67805,0.662037,0.720565,0.71967,0.673665,0.768846	0.69027,0.665819,0.604794,0.657899,0.647635,0.648612,0.780816,0.841202,0.847131,0.756189,0.800768,0.871345,0.7629,0.701977,0.69561,0.679085,0.70461,0.749097,0.689003,0.796626	0.196838,0.0399596,0.0584859,-0.0370497,-0.0499571,0.0199396,-0.0436782,0.00935761,0.0148363,0.12778,-0.0005439,-0.015985,-0.00260272,-0.000731994,-0.033237,-0.0309712,0.0324101,-0.063847,-0.0286239,-0.071689
0.597523,0.617356,0.548618,0.354812,0.317196,0.32881,0.363178,0.435228,0.375838,0.454357,0.411567,0.422438,0.404178,0.499959,0.50052,0.44937,0.320785,0.388953,0.353528,0.306106	0.651994,0.607564,0.551359,0.393113,0.354807,0.382099,0.426098,0.472947,0.391358,0.456278,0.450052,0.478886,0.375432,0.509833,0.514087,0.463162,0.343969,0.402858,0.365565,0.381931	-0.0892352,0.0156687,-0.0039293,-0.0445088,-0.0423808,-0.0609463,-0.0744391,-0.0474944,-0.0181958,-0.0024229,-0.047234,-0.0707639,0.0338886,-0.0132507,-0.0182671,-0.0174177,-0.0260593,-0.0164883,-0.0138238,-0.0858634
0.677209,0.631379,0.645,0.43851,0.382656,0.432948,0.500953,0.583348,0.401333,0.495753,0.444854,0.451017,0.571452,0.498333,0.475602,0.405793,0.414159,0.351359,0.434484,0.53543	0.69545,0.618202,0.628827,0.462296,0.411322,0.451993,0.529631,0.601602,0.424894,0.487766,0.485882,0.475586,0.56534,0.473431,0.499887,0.44788,0.454162,0.430578,0.445454,0.557213	-0.0344786,0.0216127,0.0272096,-0.0298348,-0.0340209,-0.023679,-0.0390352,-0.028124,-0.0284042,0.0105347,-0.0523409,-0.0312776,0.00902905,0.0325919,-0.0318597,-0.0514354,-0.0492709,-0.0933402,-0.0136029,-0.0310457
-0.840165,-0.582309,-0.666596,-0.406002,-0.446673,-0.408608,-0.573886,-0.34471,-0.466908,-0.434348,-0.280396,-0.375613,-0.462156,-0.494746,-0.625318,-0.463372,-0.339393,-0.482903,-0.479111,-0.464308	-0.449878,-0.469672,-0.491726,-0.10494,-0.107302,0.0652766,-0.0616871,-0.0215182,-0.16415,-0.0866895,0.0494472,-0.0117213,-0.133326,-0.160401,-0.123705,-0.0705283,-0.135487,-0.0518778,-0.0467446,-0.063041	-0.627444,-0.155039,-0.260139,-0.31446,-0.356455,-0.461573,-0.530997,-0.325607,-0.327888,-0.361262,-0.325332,-0.365501,-0.350422,-0.363164,-0.543668,-0.406116,-0.213734,-0.4421,-0.442272,-0.413367
-0.831596,-0.556548,-0.677017,-0.420346,-0.442317,-0.396996,-0.564023,-0.33471,-0.462773,-0.44132,-0.246598,-0.367422,-0.465541,-0.492776,-0.621718,-0.471663,-0.33885,-0.49751,-0.472089,-0.466474	-0.42849,-0.466031,-0.547244,-0.12399,-0.10346,0.0652699,-0.0391431,-0.0201041,-0.150538,-0.10553,0.0529621,-0.0203849,-0.139501,-0.174813,-0.0691343,-0.041318,-0.0931183,-0.0401254,-0.00395242,-0.0567717	-0.626262,-0.122216,-0.20615,-0.31265,-0.355107,-0.45059,-0.53673,-0.316737,-0.335615,-0.352192,-0.295698,-0.349656,-0.348685,-0.347935,-0.577402,-0.438898,-0.253738,-0.466702,-0.469012,-0.420847
0.459029,0.604043,0.48223,0.352914,0.336902,0.305005,0.377925,0.431475,0.37707,0.425591,0.395455,0.429174,0.432162,0.506598,0.498284,0.430524,0.340219,0.398721,0.361693,0.340854	0.607715,0.616447,0.521333,0.369368,0.345202,0.370225,0.423767,0.472041,0.39678,0.477549,0.433452,0.481644,0.402094,0.516115,0.494168,0.426909,0.378508,0.383647,0.359064,0.391091	-0.206209,-0.019764,-0.0522353,-0.0189203,-0.00939232,-0.0735228,-0.0545841,-0.0509416,-0.0231773,-0.0652114,-0.045858,-0.0661423,0.0363915,-0.0128854,0.0054598,0.00442908,-0.0439483,0.0177956,0.00302167,-0.0579633
0.654918,0.667637,0.58479,0.45471,0.40446,0.408589,0.510521,0.574277,0.400581,0.474803,0.442709,0.469333,0.558132,0.529653,0.468574,0.387078,0.406045,0.37983,0.457807,0.546767	0.765734,0.676114,0.604691,0.45648,0.403316,0.439331,0.521804,0.595398,0.428342,0.517057,0.483153,0.489826,0.550862,0.504133,0.47523,0.41141,0.460889,0.430684,0.453811,0.540889	-0.222296,-0.0154519,-0.0307882,-0.00223264,0.00136703,-0.0374669,-0.0153805,-0.0320961,-0.0335116,-0.0560014,-0.0514488,-0.0266103,0.0104971,0.0348173,-0.00856272,-0.0289406,-0.0674709,-0.0607999,0.00504476,0.00834576
-0.857092,-0.568844,-0.708864,-0.404825,-0.433617,-0.424837,-0.577539,-0.350442,-0.47218,-0.441297,-0.277963,-0.363881,-0.466571,-0.48532,-0.610146,-0.440639,-0.320991,-0.468478,-0.469422,-0.455738	-0.457839,-0.441043,-0.545625,-0.123531,-0.109133,0.0554121,-0.0854944,-0.0266948,-0.168325,-0.0578072,0.0536729,0.00210639,-0.139939,-0.14436,-0.105211,-0.0465305,-0.10297,-0.0593485,-0.0385069,-0.0684064	-0.657111,-0.170603,-0.266197,-0.296102,-0.340601,-0.469204,-0.517602,-0.326804,-0.330091,-0.393529,-0.326761,-0.365707,-0.349448,-0.366648,-0.539572,-0.402358,-0.225473,-0.42083,-0.438848,-0.399795
-0.847717,-0.541746,-0.69845,-0.417855,-0.435028,-0.424789,-0.565978,-0.342767,-0.465997,-0.444929,-0.24407,-0.358271,-0.474251,-0.483011,-0.614991,-0.450677,-0.323693,-0.486367,-0.462186,-0.459313	-0.431563,-0.436886,-0.56732,-0.140994,-0.115135,0.0332442,-0.0589758,-0.0281236,-0.151587,-0.0714078,0.058155,-0.0104797,-0.152315,-0.158899,-0.0733895,-0.0190705,-0.0655922,-0.0495633,0.00162879,-0.0630328	-0.656232,-0.137374,-0.217192,-0.294193,-0.33676,-0.451655,-0.524509,-0.317707,-0.338308,-0.385777,-0.297995,-0.349102,-0.347002,-0.351055,-0.567201,-0.435348,-0.2637,-0.447594,-0.463466,-0.408095
0.704221,0.623593,0.555938,0.376075,0.348958,0.380198,0.381816,0.447671,0.381075,0.401917,0.365217,0.475802,0.398387,0.414677,0.413814,0.368022,0.308351,0.273158,0.303721,0.351123	0.6681,0.619985,0.537026,0.361051,0.339511,0.344987,0.347414,0.428307,0.38921,0.392331,0.367215,0.442903,0.420967,0.380411,0.424353,0.395748,0.324269,0.336696,0.302472,0.296292	0.0682175,0.00588276,0.0269608,0.0173841,0.0107161,0.0405274,0.0396639,0.0239577,-0.00955219,0.0113799,-0.00230687,0.0416823,-0.0271296,0.0406839,-0.0127834,-0.0324522,-0.0176864,-0.0699734,0.00137536,0.0611977
-0.825795,-0.571604,-0.635944,-0.369824,-0.40904,-0.428389,-0.54535,-0.328891,-0.431584,-0.422298,-0.243786,-0.372698,-0.493506,-0.479105,-0.615486,-0.407312,-0.291195,-0.447114,-0.471883,-0.397867	-0.42607,-0.450619,-0.44771,-0.0818294,-0.078342,-0.00506336,-0.0589625,-0.029858,-0.120122,-0.0643442,0.0652579,-0.0646314,-0.158307,-0.140565,-0.119245,0.00390802,-0.0969503,-0.0098831,-0.0402602,-0.0187835	-0.616714,-0.162959,-0.263162,-0.296982,-0.341646,-0.424246,-0.502547,-0.301999,-0.328492,-0.367952,-0.304205,-0.31567,-0.363606,-0.362985,-0.535547,-0.410567,-0.199888,-0.439172,-0.439982,-0.381938
-0.815814,-0.542459,-0.637538,-0.371125,-0.403946,-0.43004,-0.544211,-0.321265,-0.430049,-0.41783,-0.222449,-0.376112,-0.501153,-0.473647,-0.623909,-0.414196,-0.291973,-0.462121,-0.476443,-0.405386	-0.402051,-0.44375,-0.494123,-0.0845975,-0.0782089,-0.0247778,-0.0535226,-0.0315056,-0.114471,-0.0684092,0.050085,-0.0884611,-0.17305,-0.150494,-0.0964178,0.0379262,-0.0562339,0.00301926,-0.0207711,-0.0173401	-0.615717,-0.130002,-0.209372,-0.295815,-0.336363,-0.409627,-0.505409,-0.292722,-0.331918,-0.359702,-0.269531,-0.297551,-0.35926,-0.347956,-0.561254,-0.44513,-0.239674,-0.464492,-0.460227,-0.390793
-0.840279,-0.588361,-0.672915,-0.367596,-0.415716,-0.467946,-0.557512,-0.335162,-0.445134,-0.419924,-0.279456,-0.406081,-0.473366,-0.472786,-0.59878,-0.408261,-0.298539,-0.433052,-0.487978,-0.437782	-0.453217,-0.469878,-0.495875,-0.0668803,-0.07863,-0.0397241,-0.0566998,-0.0218846,-0.146884,-0.0516486,0.0167663,-0.0840469,-0.145232,-0.102817,-0.0928986,-0.0157836,-0.117027,-0.0465807,-0.0693059,-0.033699	-0.62513,-0.163753,-0.265699,-0.308295,-0.348477,-0.436333,-0.51716,-0.315592,-0.319115,-0.37644,-0.29484,-0.333413,-0.352359,-0.388871,-0.535679,-0.395023,-0.188083,-0.394428,-0.433327,-0.410134
-0.830266,-0.562447,-0.672141,-0.361922,-0.406569,-0.476774,-0.556828,-0.324311,-0.447641,-0.415129,-0.251393,-0.410309,-0.477365,-0.466503,-0.604748,-0.414736,-0.303638,-0.453243,-0.486117,-0.446147	-0.427417,-0.465859,-0.534912,-0.0598595,-0.0724146,-0.0725454,-0.0525034,-0.0201457,-0.147499,-0.0534786,0.0138364,-0.109106,-0.153667,-0.113615,-0.0654952,0.0177916,-0.0815448,-0.0396072,-0.0401076,-0.0340566	-0.624446,-0.130882,-0.214264,-0.308752,-0.344291,-0.418711,-0.519513,-0.306166,-0.321361,-0.369862,-0.26431,-0.315319,-0.349322,-0.372639,-0.561493,-0.42936,-0.227732,-0.421197,-0.454878,-0.418449
0.809336,0.908405,0.817765,0.807335,0.771343,0.717751,0.774481,0.895137,0.795035,0.855917,0.821563,0.839628,0.755216,0.874156,0.747608,0.819105,0.803992,0.779278,0.787156,0.836707	0.784167,0.827718,0.721361,0.807005,0.758703,0.703631,0.779244,0.881502,0.801597,0.83387,0.77283,0.804509,0.746821,0.842323,0.804626,0.871294,0.864556,0.832689,0.832927,0.857183	0.0688889,0.325226,0.235078,0.000946724,0.0304747,0.028528,-0.0120131,0.0646386,-0.0180923,0.0770142,0.13349,0.10822,0.019257,0.120728,-0.143096,-0.182275,-0.198631,-0.152125,-0.132917,-0.0724079
0.802335,0.736175,0.727439,0.653573,0.630011,0.668747,0.75897,0.849958,0.859397,0.810732,0.800143,0.866235,0.756028,0.718134,0.682261,0.644019,0.723237,0.713152,0.663587,0.771282	0.734942,0.737437,0.654832,0.674375,0.652249,0.633413,0.780986,0.844444,0.853264,0.764461,0.790068,0.871333,0.763739,0.725624,0.699763,0.659414,0.685665,0.750091,0.687908,0.798448	0.164242,-0.00276073,0.138654,-0.0371967,-0.0377502,0.0613004,-0.0540593,0.019533,0.0229941,0.121695,0.0273893,-0.0207889,-0.0182475,-0.0156399,-0.0334919,-0.0267597,0.0745328,-0.0794251,-0.044748,-0.0707156
0.648522,0.665077,0.614075,0.37394,0.325842,0.338136,0.364798,0.440791,0.385708,0.46433,0.400614,0.443094,0.384332,0.535121,0.500202,0.428645,0.315192,0.383047,0.347915,0.308544	0.714755,0.679041,0.647616,0.429367,0.373049,0.370167,0.415286,0.485188,0.400278,0.477749,0.434342,0.463647,0.368966,0.547922,0.524069,0.428146,0.334816,0.406222,0.35626,0.381636	-0.123462,-0.0254627,-0.0556858,-0.0660288,-0.0537391,-0.0366133,-0.0595023,-0.0564757,-0.0172302,-0.0172439,-0.0408333,-0.025867,0.017905,-0.0181114,-0.0323464,0.000611725,-0.0219383,-0.0274446,-0.00952557,-0.0828467
0.719505,0.681333,0.708843,0.446649,0.404216,0.451255,0.499613,0.593274,0.413679,0.512097,0.43537,0.467672,0.559168,0.521344,0.483429,0.393646,0.409393,0.350815,0.424415,0.532284	0.745849,0.695384,0.692112,0.497118,0.422064,0.437533,0.519484,0.611736,0.430777,0.506011,0.469662,0.462687,0.565298,0.518501,0.506862,0.410799,0.445275,0.432597,0.438439,0.557136	-0.0568551,-0.0267013,0.0328457,-0.0648723,-0.0215196,0.0170983,-0.0268367,-0.0289804,-0.0208051,0.00821545,-0.0431065,0.00636068,-0.00896246,0.00389615,-0.0310375,-0.0204618,-0.0438811,-0.0964143,-0.0172302,-0.035329
-0.861899,-0.629833,-0.729092,-0.352874,-0.376711,-0.428825,-0.586627,-0.374971,-0.394108,-0.453516,-0.216507,-0.406966,-0.484495,-0.533966,-0.639807,-0.537566,-0.41961,-0.523676,-0.49748,-0.475633	0.0277162,-0.313705,-0.252309,-0.0424413,-0.0638528,0.0513395,-0.0903649,0.00650563,-0.143071,-0.0557058,0.0157425,-0.0439501,-0.160722,-0.0585056,-0.105192,-0.149734,-0.157635,-0.0489852,-0.0681963,-0.0639722	-0.868859,-0.393968,-0.584261,-0.315152,-0.320569,-0.469821,-0.524041,-0.380548,-0.266038,-0.408121,-0.231461,-0.369627,-0.351113,-0.490793,-0.573193,-0.421782,-0.280531,-0.487188,-0.44436,-0.42458
-0.859621,-0.600729,-0.720741,-0.376251,-0.370499,-0.463568,-0.55159,-0.378593,-0.386254,-0.461001,-0.219355,-0.399402,-0.480803,-0.521868,-0.635137,-0.556232,-0.428409,-0.532731,-0.50012,-0.473787	0.0604198,-0.313056,-0.334394,-0.0615467,-0.0601421,0.0554528,-0.0650568,0.00763464,-0.129595,-0.0752786,0.0206743,-0.0530171,-0.166016,-0.0748627,-0.0463005,-0.12423,-0.114344,-0.0365924,-0.0258015,-0.0572957	-0.874615,-0.354305,-0.50903,-0.322165,-0.317431,-0.506013,-0.504643,-0.385114,-0.270183,-0.39959,-0.238945,-0.353879,-0.342094,-0.465179,-0.606677,-0.46407,-0.330242,-0.506003,-0.48052,-0.428113
0.528561,0.67553,0.543942,0.372069,0.343279,0.310323,0.380974,0.436612,0.387108,0.436287,0.382023,0.450931,0.41463,0.544185,0.49696,0.408182,0.330005,0.394368,0.357779,0.343709	0.666385,0.689067,0.652343,0.405733,0.368628,0.37797,0.410261,0.486748,0.40801,0.496881,0.425431,0.46626,0.391301,0.549403,0.503344,0.39228,0.38572,0.381026,0.342903,0.391912	-0.212764,-0.025326,-0.168021,-0.0396495,-0.0290218,-0.0766354,-0.0347127,-0.0636674,-0.0248219,-0.0773653,-0.0518326,-0.0194101,0.0278474,-0.00744265,-0.00851398,0.0189332,-0.0638409,0.0157014,0.0169563,-0.0557068
0.701807,0.726761,0.642475,0.461731,0.423435,0.423048,0.510942,0.583712,0.413137,0.491727,0.430585,0.487652,0.547256,0.554524,0.476179,0.372913,0.394891,0.380631,0.450798,0.544079	0.797035,0.739985,0.69903,0.49052,0.41913,0.445003,0.509319,0.607948,0.436567,0.532958,0.474545,0.477338,0.545423,0.543973,0.481969,0.37438,0.466597,0.426498,0.441117,0.542072	-0.216115,-0.0286109,-0.102662,-0.0372194,0.00523364,-0.0270469,0.00219407,-0.0375683,-0.0285859,-0.0558734,-0.0552495,0.0134433,0.00261326,0.0151089,-0.00751508,-0.00170445,-0.0879026,-0.0547558,0.0120839,0.00284614
-0.881699,-0.621939,-0.741077,-0.352663,-0.361716,-0.437201,-0.591785,-0.380487,-0.399189,-0.460844,-0.212075,-0.39338,-0.491339,-0.526355,-0.623677,-0.515506,-0.398629,-0.514386,-0.488096,-0.464351	-0.0358551,-0.298419,-0.257885,-0.0624126,-0.0581549,0.0715525,-0.119307,0.00447246,-0.144706,-0.0284136,0.0295299,-0.0305035,-0.175491,-0.0496272,-0.0854741,-0.12138,-0.101248,-0.0670376,-0.0701609,-0.067866	-0.873457,-0.397249,-0.597355,-0.296783,-0.310084,-0.493321,-0.508371,-0.384305,-0.270084,-0.438168,-0.240101,-0.367284,-0.345652,-0.489514,-0.568509,-0.420434,-0.309889,-0.463326,-0.432755,-0.409386
-0.878853,-0.59101,-0.716384,-0.375397,-0.36067,-0.480817,-0.554586,-0.386467,-0.389695,-0.465111,-0.21414,-0.389306,-0.492565,-0.514375,-0.626668,-0.533929,-0.410121,-0.526282,-0.490885,-0.464225	0.00331058,-0.29648,-0.298529,-0.0805049,-0.063569,0.0514486,-0.089006,0.00255591,-0.12852,-0.0424964,0.03522,-0.0437319,-0.187412,-0.0663269,-0.0509256,-0.0962193,-0.0616443,-0.0568256,-0.031003,-0.06221	-0.879604,-0.357102,-0.531529,-0.304082,-0.304073,-0.519416,-0.489755,-0.388639,-0.274945,-0.431136,-0.247493,-0.35156,-0.336188,-0.463874,-0.594722,-0.461415,-0.357515,-0.483929,-0.466989,-0.41397
0.752916,0.684128,0.65142,0.394135,0.375752,0.39613,0.375926,0.461366,0.394326,0.420145,0.354653,0.478833,0.383014,0.445917,0.425267,0.350065,0.303039,0.274414,0.290801,0.348325	0.713627,0.684221,0.601371,0.388308,0.345994,0.349554,0.345534,0.435413,0.396937,0.401359,0.354824,0.453054,0.404218,0.430365,0.424691,0.367275,0.318524,0.331531,0.296166,0.299249	0.084912,-0.000173181,0.0822828,0.00687991,0.0342045,0.054062,0.0349297,0.0324762,-0.00309538,0.0225968,-0.000195874,0.0329208,-0.0250883,0.0192453,0.000703667,-0.0197498,-0.0171395,-0.0628329,-0.00586975,0.0547869
-0.855998,-0.6347,-0.716841,-0.317643,-0.339969,-0.442535,-0.559027,-0.361903,-0.357074,-0.443555,-0.175678,-0.395151,-0.517502,-0.518946,-0.629818,-0.474688,-0.375691,-0.495516,-0.487581,-0.407506	-0.0034049,-0.322133,-0.242231,-0.0383471,-0.0485061,0.00626043,-0.0701416,-0.0104716,-0.101254,-0.0451536,0.0360686,-0.0562273,-0.2012,-0.0400046,-0.115993,-0.0504166,-0.113995,-0.017977,-0.0564913,-0.0155951	-0.855085,-0.392898,-0.574339,-0.28274,-0.29635,-0.447556,-0.508838,-0.352769,-0.265417,-0.406543,-0.210414,-0.346625,-0.353063,-0.489095,-0.554321,-0.434674,-0.273405,-0.481831,-0.4433,-0.394418
-0.85264,-0.602034,-0.697531,-0.32813,-0.331957,-0.491945,-0.53167,-0.369043,-0.353368,-0.439819,-0.191944,-0.398417,-0.518627,-0.50499,-0.636039,-0.489765,-0.3855,-0.504277,-0.501319,-0.410363	0.0330344,-0.316204,-0.305459,-0.04153,-0.048433,-0.0153428,-0.0620033,-0.0126713,-0.0958646,-0.0494402,0.0231826,-0.0810251,-0.214851,-0.0521159,-0.0918426,-0.0166146,-0.0712248,-0.00468661,-0.0377978,-0.0140106	-0.861412,-0.353035,-0.498228,-0.290559,-0.288157,-0.480227,-0.485677,-0.358046,-0.266532,-0.399056,-0.214174,-0.327979,-0.341869,-0.465116,-0.577958,-0.477032,-0.323148,-0.500774,-0.472474,-0.398645
-0.866447,-0.640824,-0.731503,-0.318617,-0.342813,-0.477696,-0.571235,-0.365459,-0.372367,-0.438165,-0.211744,-0.429339,-0.500057,-0.517524,-0.610973,-0.474045,-0.382906,-0.480615,-0.504541,-0.447459	-0.0146708,-0.340088,-0.253535,-0.0330503,-0.0255193,-0.0146385,-0.0736056,0.00562935,-0.121428,-0.0203215,-0.00802732,-0.0843929,-0.18745,-0.0208666,-0.071231,-0.0587663,-0.134601,-0.0475825,-0.0939244,-0.0375175	-0.862743,-0.384542,-0.586797,-0.288606,-0.320094,-0.466318,-0.519471,-0.370326,-0.262823,-0.421598,-0.204063,-0.357914,-0.344941,-0.502079,-0.564301,-0.427179,-0.261797,-0.443167,-0.431043,-0.416941
-0.863613,-0.610837,-0.711561,-0.322834,-0.330941,-0.532414,-0.54522,-0.368367,-0.372464,-0.434275,-0.221521,-0.433309,-0.496696,-0.502658,-0.614521,-0.48925,-0.397133,-0.494132,-0.511981,-0.451073	0.0256931,-0.337168,-0.309745,-0.0264778,-0.0198073,-0.0527047,-0.0666118,0.00702263,-0.121628,-0.0220873,-0.0103971,-0.110315,-0.194587,-0.0342404,-0.0414533,-0.0249835,-0.0979012,-0.0400681,-0.0661817,-0.0376137	-0.870002,-0.344652,-0.515414,-0.298911,-0.313187,-0.493559,-0.496646,-0.374421,-0.262739,-0.41618,-0.211612,-0.339209,-0.334432,-0.47662,-0.588047,-0.470012,-0.311336,-0.463235,-0.461435,-0.420595
0.694646,0.893028,0.801672,0.814166,0.798819,0.652903,0.816128,0.8752,0.815499,0.84795,0.802647,0.836607,0.763797,0.876202,0.745121,0.784548,0.769042,0.762904,0.767106,0.838108	0.716486,0.771039,0.633104,0.83075,0.78128,0.74639,0.747868,0.889236,0.816927,0.826248,0.816251,0.80022,0.737772,0.814389,0.792704,0.861603,0.858065,0.804001,0.834937,0.849007	-0.0434809,0.391693,0.342299,-0.0512437,0.0466585,-0.18235,0.175186,-0.0633,-0.00428024,0.0724906,-0.0394507,0.110087,0.0596223,0.215806,-0.116245,-0.2378,-0.261748,-0.106297,-0.188676,-0.0377829
-0.325095,-0.0608862,-0.114002,-0.00182692,0.0284063,-0.0580791,0.038346,-0.0173255,0.0122966,-0.0569725,-0.050741,0.0286193,0.079047,0.0160238,-0.0389377,-0.0506771,0.0667526,0.0150672,0.00886909,0.0931668	-0.51848,-0.208485,-0.254204,-0.417834,-0.402317,-0.462482,-0.567105,-0.683134,-0.722971,-0.585595,-0.633395,-0.714344,-0.558729,-0.357204,-0.370948,-0.419718,-0.506013,-0.533366,-0.475269,-0.614283	0.232589,0.149496,0.144387,0.416325,0.425856,0.415565,0.592565,0.673784,0.728789,0.546867,0.602002,0.728078,0.6108,0.371104,0.336876,0.377061,0.554051,0.544061,0.482106,0.669153
0.0639972,0.087597,-0.0971812,0.030764,0.029824,-0.0620627,0.0230014,-0.0477906,0.00340468,-0.034014,0.00358111,0.0907838,-0.0517834,0.0759663,-0.042813,-0.0470841,3.56562e-05,0.0599215,0.0412843,0.000542518	-0.101403,-0.0347232,-0.0726291,-0.330569,-0.345942,-0.394132,-0.482428,-0.594482,-0.71519,-0.556708,-0.587763,-0.695946,-0.464044,-0.354602,-0.403345,-0.442553,-0.464546,-0.501589,-0.384068,-0.515511	0.164334,0.121949,-0.0247266,0.357696,0.371929,0.340395,0.499883,0.562677,0.716849,0.532783,0.590102,0.739977,0.422411,0.419274,0.366867,0.403885,0.464574,0.545126,0.418713,0.515909
-0.194659,0.0329356,-0.145389,0.00265502,0.0472109,-0.0364159,-0.000660207,-0.0265399,-0.0247888,-0.0603433,0.0106903,0.0647161,-0.0106118,0.0295935,0.0541431,0.066732,0.032455,0.0480206,0.0409462,0.061189	-0.809643,-0.776641,-0.748072,-0.683806,-0.64466,-0.656817,-0.7816,-0.853538,-0.863343,-0.801426,-0.778793,-0.863461,-0.794717,-0.725878,-0.688252,-0.661349,-0.736053,-0.731485,-0.675859,-0.784294	0.730042,0.789385,0.676232,0.685217,0.671436,0.635604,0.781343,0.846166,0.856893,0.778743,0.782965,0.879055,0.790774,0.739585,0.715724,0.697307,0.750577,0.753053,0.697503,0.806766
-0.191608,0.0355278,-0.0993382,0.00447913,0.0329793,-0.0680906,0.00704838,-0.0364008,-0.0162474,-0.0486634,0.0130541,0.0517373,-0.0236084,0.0302625,0.0272173,0.0636545,0.0200539,0.0465106,0.0366306,0.0602261	-0.807811,-0.777605,-0.744644,-0.689553,-0.649414,-0.664814,-0.775093,-0.8556,-0.861358,-0.800994,-0.778567,-0.867672,-0.800733,-0.733138,-0.689252,-0.658799,-0.722228,-0.730358,-0.670027,-0.785151	0.729048,0.791273,0.696853,0.691895,0.668085,0.625016,0.777892,0.845533,0.857105,0.782845,0.783656,0.879909,0.792098,0.74683,0.703276,0.693376,0.731685,0.751346,0.689729,0.807207
0.00446577,-0.036431,-0.186717,-0.0995963,-0.0564957,-0.10133,-0.201013,-0.242922,-0.0453202,-0.144089,-0.137051,0.0102626,-0.246725,-0.153101,-0.118667,-0.0592331,-0.152318,-0.114079,-0.190938,-0.296468	0.172057,0.0089052,-0.00278896,0.00305677,0.023556,0.0134062,-0.0343488,-0.0162791,0.00162743,-0.0900162,-0.0891632,0.0122969,0.0400664,-0.193221,-0.15174,-0.0955469,-0.00432396,-0.0916914,-0.0840645,-0.0261817	-0.16772,-0.0453215,-0.184024,-0.102622,-0.0799453,-0.11458,-0.167823,-0.227543,-0.0469442,-0.0547837,-0.0484804,-0.00203455,-0.283984,0.0413424,0.0336803,0.0365205,-0.148091,-0.0226242,-0.108617,-0.2724
0.110597,0.0270222,0.061978,0.0711218,0.0692675,-0.00357827,0.077493,0.0378185,0.0654438,0.0288548,0.0652962,0.00963504,-0.0581535,0.0373299,0.0204729,0.0943008,0.0664791,0.0554159,0.0198429,0.125813	-0.650475,-0.727891,-0.645711,-0.394116,-0.346145,-0.34748,-0.389548,-0.453188,-0.427188,-0.473779,-0.370833,-0.460863,-0.476481,-0.540173,-0.530124,-0.419163,-0.36797,-0.386263,-0.368091,-0.306357	0.709994,0.740351,0.680457,0.452553,0.405685,0.34433,0.453355,0.482733,0.479234,0.495855,0.425818,0.468418,0.430249,0.566088,0.544685,0.49394,0.424075,0.432423,0.385121,0.416131
0.112668,0.0340966,0.0802721,0.0889585,0.0647785,-0.0237483,0.0625661,0.0339214,0.0551044,0.0450522,0.0435357,-0.00805743,-0.0683709,0.0435046,-0.00569374,0.0970938,0.0637054,0.0548201,-0.00083922,0.121569	-0.648202,-0.727163,-0.658856,-0.393839,-0.347864,-0.358382,-0.388754,-0.454699,-0.427473,-0.473426,-0.381758,-0.476084,-0.486982,-0.546604,-0.529359,-0.406983,-0.343816,-0.378016,-0.363916,-0.306627	0.709085,0.742842,0.702001,0.466455,0.403549,0.337506,0.440604,0.481198,0.471471,0.50765,0.418341,0.469829,0.433029,0.576402,0.525249,0.484915,0.398787,0.424048,0.363188,0.412808
0.0378121,-0.011381,-0.0352517,0.0783864,0.0634342,-0.0832833,0.044231,0.028245,0.0483128,0.0321038,0.011244,-0.0524398,-0.024061,0.0354203,0.0552588,0.103906,0.0713966,0.0976531,-0.00833156,0.0673968	-0.723766,-0.754503,-0.730709,-0.464041,-0.40777,-0.47723,-0.523334,-0.595851,-0.460895,-0.504905,-0.438207,-0.503999,-0.618751,-0.524528,-0.492092,-0.388826,-0.469934,-0.373471,-0.460979,-0.540008	0.741291,0.749558,0.713845,0.52339,0.459323,0.410252,0.554724,0.613766,0.498116,0.528443,0.447248,0.463818,0.603677,0.549735,0.532861,0.473598,0.523758,0.454546,0.454393,0.586075
0.0412063,-0.0102801,-0.00584444,0.111297,0.0647401,-0.119218,0.0258184,0.0286332,0.0313768,0.0524133,0.00172713,-0.0718456,-0.0279366,0.0405465,0.0326838,0.106981,0.0618299,0.0933374,-0.0210237,0.0596809	-0.721584,-0.755568,-0.736447,-0.457861,-0.406217,-0.496217,-0.525257,-0.595172,-0.466056,-0.504843,-0.438693,-0.518074,-0.623666,-0.530917,-0.489915,-0.376091,-0.45105,-0.369642,-0.452643,-0.542227	0.740765,0.751122,0.733761,0.541561,0.458889,0.400704,0.543702,0.613353,0.490263,0.542891,0.440086,0.46348,0.606293,0.559421,0.514363,0.464387,0.498965,0.447539,0.435766,0.583041
0.940288,0.929088,0.901854,0.887207,0.860719,0.842937,0.898198,0.926146,0.889706,0.927552,0.862442,0.89447,0.876944,0.929974,0.892608,0.90156,0.878069,0.896669,0.882461,0.91444	0.947772,0.919013,0.844304,0.871804,0.864673,0.844424,0.913012,0.927081,0.902443,0.912474,0.867341,0.887157,0.87284,0.916699,0.927167,0.924459,0.91718,0.906213,0.916953,0.919691	-0.0687728,0.0689323,0.241235,0.067998,-0.0154588,-0.00515824,-0.0823289,-0.00660847,-0.0646242,0.0981437,-0.0194434,0.035421,0.0174986,0.0900003,-0.200455,-0.137495,-0.200924,-0.0509255,-0.180755,-0.0330265
-0.0364648,-0.113785,-0.0873588,-0.118265,-0.0778776,-0.0593639,-0.213196,-0.224554,-0.0464107,-0.125596,-0.13533,-0.0214429,-0.229475,-0.208041,-0.0857629,-0.0258828,-0.155178,-0.145933,-0.216924,-0.306055	0.459858,0.0720804,0.104959,0.00441101,0.00342269,0.0543344,-0.0556605,-0.00795058,-0.00282058,-0.0594198,-0.064537,0.00239142,-0.00957634,-0.213799,-0.120692,-0.0593396,-0.0444246,-0.102116,-0.0924672,-0.0767278	-0.488137,-0.184353,-0.19057,-0.122612,-0.0812786,-0.113333,-0.159428,-0.21699,-0.0435959,-0.066674,-0.071417,-0.0238331,-0.220383,0.00602582,0.035294,0.0335083,-0.111522,-0.0444795,-0.127004,-0.234842
0.225192,-0.00080755,0.1817,0.0671172,0.0388019,0.0198721,0.0780506,0.0472383,0.074585,0.058389,0.0587447,-0.0107322,-0.0543005,0.0175798,-0.0187392,0.0466439,0.049674,0.0293873,-0.00454588,0.104238	-0.529011,-0.744069,-0.578528,-0.386558,-0.365047,-0.323423,-0.398765,-0.447131,-0.427531,-0.452586,-0.354498,-0.474441,-0.497366,-0.551229,-0.531903,-0.40452,-0.390445,-0.396293,-0.378154,-0.337431	0.67392,0.743708,0.687915,0.442203,0.398208,0.341103,0.462423,0.484143,0.4866,0.497819,0.404812,0.466082,0.455363,0.56335,0.51833,0.442809,0.431745,0.42078,0.374251,0.426662
0.225382,0.00467629,0.159828,0.0828014,0.0436441,0.0202605,0.0594452,0.0468947,0.0612156,0.0686412,0.0365675,-0.0245161,-0.0582297,0.023452,-0.0253983,0.0516986,0.0530308,0.0300819,-0.0226227,0.100483	-0.526855,-0.744263,-0.601373,-0.385532,-0.364641,-0.330714,-0.398974,-0.448082,-0.428933,-0.453243,-0.365762,-0.488288,-0.50524,-0.557057,-0.526559,-0.391232,-0.365207,-0.388128,-0.373002,-0.337793	0.672395,0.746342,0.694453,0.453846,0.401889,0.348639,0.447799,0.48479,0.477608,0.506137,0.397019,0.469391,0.46056,0.573023,0.507954,0.434149,0.410292,0.413383,0.353361,0.423888
0.226887,-0.0480404,0.108011,0.0750182,0.0306861,-0.0580246,0.0444118,0.0396157,0.0572756,0.0639579,0.00599928,-0.0755906,-0.0172398,0.0165248,0.0173725,0.0572116,0.0506056,0.0731599,-0.0359799,0.0344577	-0.702123,-0.797491,-0.6676,-0.468721,-0.428135,-0.45474,-0.526283,-0.583897,-0.45853,-0.492551,-0.436593,-0.528957,-0.604383,-0.55944,-0.488643,-0.374575,-0.468375,-0.399144,-0.485381,-0.548041	0.801353,0.779308,0.723445,0.525269,0.452871,0.407467,0.55766,0.609416,0.502606,0.539513,0.441436,0.472249,0.593325,0.570689,0.501756,0.422728,0.506964,0.458903,0.457389,0.571703
0.228095,-0.0495062,0.0915347,0.105596,0.0420841,-0.0712018,0.0217886,0.044369,0.037249,0.0783705,-0.00440141,-0.0909017,-0.0133606,0.0217441,0.0137158,0.0623928,0.0481584,0.0697411,-0.0458553,0.0274256	-0.700679,-0.799139,-0.683384,-0.462145,-0.423984,-0.468345,-0.529382,-0.582713,-0.464249,-0.493173,-0.437435,-0.541255,-0.607162,-0.56623,-0.48321,-0.360698,-0.447203,-0.395092,-0.476336,-0.549966	0.800791,0.780512,0.729299,0.541324,0.457898,0.410844,0.544886,0.611278,0.492973,0.550275,0.433869,0.473657,0.598658,0.580823,0.493654,0.413779,0.484918,0.452368,0.440094,0.568812
0.944356,0.927724,0.893455,0.887104,0.860689,0.857076,0.896882,0.92802,0.889538,0.926788,0.863852,0.894064,0.881077,0.927654,0.898728,0.899468,0.880141,0.893818,0.882547,0.91209	0.952696,0.918626,0.857254,0.872552,0.856668,0.840244,0.914547,0.926494,0.904705,0.916185,0.869628,0.883372,0.872091,0.914269,0.919983,0.92095,0.914741,0.902769,0.915131,0.916869	-0.0831418,0.0615715,0.154651,0.0644019,0.0153077,0.0601478,-0.0982691,0.0108888,-0.0776886,0.0702676,-0.0232158,0.050861,0.0387941,0.0881326,-0.122729,-0.125158,-0.177526,-0.0463563,-0.169398,-0.0291879
-0.0901124,-0.0407959,-0.090856,-0.000545232,-0.0104054,-0.0735312,-0.0378038,-0.0145953,-0.0178761,0.0017363,-0.0508588,-0.0624918,0.0396503,-0.0014672,0.0327653,0.0116947,-0.00391294,0.0379481,-0.0260478,-0.0747233	-0.754647,-0.759304,-0.684358,-0.408913,-0.384433,-0.408178,-0.403144,-0.456798,-0.45327,-0.420492,-0.360036,-0.510586,-0.456997,-0.450796,-0.435771,-0.367169,-0.37808,-0.302266,-0.337808,-0.369723	0.713022,0.741477,0.632851,0.408459,0.37553,0.345002,0.370994,0.445171,0.438951,0.42192,0.314944,0.462862,0.487808,0.449627,0.46194,0.377244,0.374721,0.336356,0.314528,0.303381
-0.088928,-0.0472997,-0.0827402,0.0106487,-0.00458587,-0.0860797,-0.0387671,-0.0105189,-0.0244147,0.00434023,-0.0386092,-0.0638323,0.0466045,-0.00224569,0.035413,0.0119359,-0.00908307,0.0338739,-0.0174639,-0.0764127	-0.752788,-0.761496,-0.695833,-0.405382,-0.382181,-0.422792,-0.401073,-0.455292,-0.455441,-0.423637,-0.356199,-0.520828,-0.460144,-0.458356,-0.427887,-0.353872,-0.355691,-0.296291,-0.32216,-0.370679	0.711489,0.740882,0.650547,0.414242,0.378258,0.349429,0.368028,0.446913,0.435873,0.427192,0.322019,0.472712,0.49611,0.45658,0.456385,0.36427,0.347731,0.326884,0.30642,0.302844
0.938293,0.927579,0.896191,0.877551,0.854096,0.853605,0.897887,0.925263,0.885915,0.917255,0.8653,0.894974,0.884234,0.926006,0.900638,0.896086,0.870729,0.895274,0.891941,0.908734	0.947369,0.920922,0.845542,0.874862,0.854062,0.837099,0.901781,0.923452,0.890589,0.913857,0.852511,0.874326,0.872954,0.916208,0.916925,0.92199,0.909785,0.905329,0.907922,0.910191	-0.0816968,0.0456724,0.209092,0.0115806,0.000124688,0.0578251,-0.0204613,0.0124425,-0.0221504,0.0210046,0.0487521,0.0949319,0.0494526,0.0646336,-0.0935024,-0.149033,-0.187928,-0.0530624,-0.0840271,-0.00842894
0.940824,0.930209,0.896467,0.873538,0.852385,0.867001,0.902299,0.9248,0.889084,0.918124,0.861751,0.901355,0.879307,0.925062,0.898204,0.893577,0.875548,0.887901,0.886575,0.915362	0.95022,0.920645,0.851317,0.879667,0.857298,0.840371,0.905221,0.92598,0.888522,0.916828,0.859423,0.880566,0.872967,0.91471,0.916817,0.919735,0.910104,0.894755,0.91022,0.915374	-0.088633,0.0665954,0.190649,-0.0264648,-0.0182469,0.0981232,-0.0159495,-0.0082139,0.00267309,0.00819162,0.00897327,0.100775,0.0272809,0.067295,-0.105447,-0.146835,-0.170091,-0.0333479,-0.122495,-7.85246e-05
