0.0297106,0.0572196,0.0695099,0.0430523,0.241249,0.181958,0.214626,-0.0311022,-0.165881,-0.00650993,0.0960009,0.0323955,0.138024,0.160811,0.291411,0.27533,0.166132,0.119256,0.19998,0.364602	-0.430214,-0.462055,-0.386478,-0.300965,-0.0421297,-0.057288,-0.0771299,-0.320713,-0.288526,-0.340044,-0.259537,-0.354211,-0.238925,-0.0654926,0.0671972,-0.131513,-0.12813,-0.028024,-0.0576374,0.352441	0.45412,0.5059,0.444059,0.339617,0.280527,0.236778,0.287005,0.292529,0.12881,0.334274,0.346895,0.382221,0.364916,0.223945,0.228693,0.392626,0.288128,0.146789,0.254682,0.013954
0.0368015,0.0549968,0.102424,0.0668723,0.356551,0.212043,0.22762,-0.0451893,-0.220433,0.00701828,0.100554,0.0391543,0.144347,0.173235,0.306883,0.314243,0.167901,0.115384,0.197551,0.366742	-0.404198,-0.466792,-0.3581,-0.257794,0.0263618,-0.0340438,-0.0500031,-0.336627,-0.334092,-0.320044,-0.241681,-0.375424,-0.250419,-0.0358873,0.0827582,-0.111944,-0.160548,-0.0897797,-0.0649112,0.375635	0.434535,0.508729,0.444231,0.319164,0.333322,0.244323,0.274498,0.29594,0.122695,0.326329,0.334115,0.408572,0.380995,0.20783,0.229966,0.411705,0.319828,0.20306,0.259139,-0.0103133
-0.0604795,-0.0935206,-0.0290688,-0.0882186,-0.0576209,-0.0675765,-0.102224,-0.0824253,-0.0547684,-0.074599,-0.065448,-0.0589974,-0.0508091,-0.0292445,-0.067581,-0.0339877,-0.0441336,-0.0216727,-0.00913961,-0.360938	-0.689821,-0.661935,-0.607256,-0.605635,-0.443092,-0.373625,-0.543082,-0.563297,-0.462651,-0.590715,-0.638598,-0.5718,-0.556304,-0.418046,-0.387021,-0.529277,-0.546201,-0.380653,-0.525508,-0.820919	0.656741,0.605924,0.588577,0.546622,0.39557,0.313976,0.466771,0.504285,0.418487,0.539908,0.598149,0.530706,0.520199,0.393613,0.32802,0.504362,0.514469,0.361966,0.51886,0.653662
-0.0599651,-0.0904678,-0.0451852,-0.0812232,-0.0346546,-0.0787435,-0.0879429,-0.0930734,-0.0427984,-0.0903679,-0.0522411,-0.0515557,-0.0383092,-0.0200781,-0.0709515,-0.031507,-0.0208315,-0.0210906,-0.0162824,-0.369858	-0.687963,-0.659371,-0.612777,-0.609148,-0.434179,-0.390916,-0.521975,-0.575772,-0.443088,-0.607826,-0.62852,-0.575534,-0.536517,-0.428174,-0.3955,-0.535453,-0.53678,-0.377879,-0.53671,-0.824683	0.65502,0.604992,0.583756,0.555404,0.405628,0.322087,0.454915,0.51003,0.408028,0.547533,0.595843,0.540001,0.508663,0.411635,0.333918,0.512593,0.521783,0.359655,0.525016,0.654439
-0.0517286,-0.0642841,-0.0311154,-0.0468714,-0.0345863,-0.0587072,-0.075519,-0.0571247,-0.0342846,-0.0693319,-0.0193457,-0.0408357,-0.029146,-0.0163419,-0.0745359,-0.0242194,-0.0246061,0.00032146,-0.0493079,-0.370959	-0.676999,-0.649088,-0.606837,-0.573217,-0.430769,-0.367463,-0.516334,-0.552831,-0.462332,-0.594376,-0.598406,-0.572961,-0.562485,-0.43732,-0.40204,-0.537422,-0.53962,-0.388722,-0.540125,-0.822744	0.647963,0.610268,0.586802,0.540878,0.402174,0.315564,0.458701,0.511872,0.434942,0.54761,0.585843,0.544874,0.542228,0.424008,0.337621,0.519971,0.521944,0.388995,0.504246,0.650242
-0.0534861,-0.0781626,-0.0467996,-0.0565272,-0.0421728,-0.0827943,-0.0728605,-0.071073,-0.0370197,-0.0797476,-0.0417501,-0.0472943,-0.034206,-0.016927,-0.0760289,-0.0223658,-0.000605483,0.00736377,-0.0329391,-0.356426	-0.677983,-0.658758,-0.618525,-0.598762,-0.43506,-0.374814,-0.514933,-0.561296,-0.455031,-0.596895,-0.614409,-0.57616,-0.556495,-0.430206,-0.39323,-0.534011,-0.523162,-0.373029,-0.531815,-0.8137	0.647995,0.612113,0.588769,0.56123,0.400231,0.301372,0.459305,0.510592,0.425173,0.542995,0.587735,0.543681,0.532424,0.41631,0.326977,0.51783,0.522722,0.379351,0.50777,0.64407
0.0460779,0.0922867,0.0937855,0.0588388,0.0596192,0.0737886,0.203042,0.0307819,0.00220182,0.0924957,0.0902899,0.0436901,0.0128795,0.0179893,0.224728,0.0702587,0.0740551,0.0370022,0.113444,0.361431	-0.44924,-0.479232,-0.354234,-0.30924,-0.157046,-0.231306,-0.107905,-0.323695,-0.177794,-0.292803,-0.257243,-0.366021,-0.329919,-0.238457,0.0246677,-0.243127,-0.206905,-0.178395,-0.201942,0.250828	0.485273,0.547313,0.433614,0.361501,0.214655,0.299975,0.304281,0.35098,0.179926,0.375139,0.339644,0.403262,0.341348,0.255351,0.201176,0.308122,0.27672,0.213985,0.308322,0.121629
0.0483437,0.094859,0.096185,0.0643868,0.0592664,0.0808494,0.212787,0.0252099,-0.00785129,0.118594,0.0833933,0.0544361,0.0252835,0.0253115,0.235355,0.0764465,0.0825707,0.0347528,0.115525,0.375663	-0.435777,-0.468571,-0.328075,-0.324335,-0.125682,-0.229545,-0.0957409,-0.32199,-0.21099,-0.242211,-0.29152,-0.355977,-0.289988,-0.246577,0.0705518,-0.275836,-0.173788,-0.164741,-0.188197,0.299447	0.474132,0.539452,0.411282,0.38077,0.183581,0.304739,0.302368,0.344404,0.203476,0.35073,0.366015,0.402611,0.312977,0.270202,0.167586,0.345008,0.252732,0.198358,0.29726,0.0858757
0.76209,0.742244,0.701315,0.66713,0.641138,0.52903,0.652407,0.726365,0.592778,0.475895,0.651922,0.593973,0.650863,0.646178,0.653289,0.718779,0.621327,0.784893,0.698352,0.837551	0.811793,0.733279,0.721474,0.710151,0.596892,0.529409,0.675826,0.716054,0.594572,0.496535,0.676614,0.548161,0.625439,0.674659,0.652946,0.702973,0.569433,0.694675,0.686369,0.86374	-0.130338,0.0196722,-0.0408051,-0.081751,0.071676,-0.000526078,-0.0418893,0.0214864,-0.00277079,-0.0270274,-0.04418,0.0679285,0.0428783,-0.0504946,0.000598332,0.0319503,0.0803064,0.198389,0.0230143,-0.0946901
-0.0421406,-0.0860571,-0.112305,-0.00610926,0.0114835,-0.0776098,-0.0521592,-0.0317241,-0.0177864,-0.0131585,-0.00910877,0.0438516,-0.00829997,-0.0288324,-0.103534,0.00715921,-0.0454596,-0.251995,-0.0803098,-0.450375	-0.410728,-0.326257,-0.363518,-0.335055,-0.205784,-0.208813,-0.352969,-0.334607,-0.338098,-0.339806,-0.419841,-0.217126,-0.27505,-0.263486,-0.270449,-0.250413,-0.388874,-0.462813,-0.447345,-0.847771	0.375079,0.247139,0.261905,0.32962,0.216756,0.133365,0.306452,0.306132,0.32225,0.328114,0.412309,0.258516,0.267361,0.23645,0.171723,0.257112,0.349594,0.238651,0.380713,0.642842
-0.0675112,-0.0960798,-0.116206,0.0171623,0.0335879,-0.0680388,-0.0629045,-0.0405066,-0.0436819,-0.000855675,-0.0262975,0.0382083,-0.000455996,-0.00781431,-0.105552,0.0211473,-0.0672803,-0.260492,-0.0843323,-0.454289	-0.424082,-0.33031,-0.365429,-0.325133,-0.196956,-0.213143,-0.343367,-0.351122,-0.342141,-0.344729,-0.424059,-0.233696,-0.251216,-0.267688,-0.278877,-0.249164,-0.407052,-0.467635,-0.455853,-0.849904	0.367081,0.241907,0.260276,0.340395,0.229029,0.147239,0.286654,0.315097,0.302987,0.343974,0.402248,0.269498,0.250789,0.260418,0.178581,0.268894,0.349339,0.235876,0.386374,0.644431
-0.0260385,-0.0411795,-0.0555657,0.0147301,0.0401731,-0.048367,-0.0489916,-0.0738891,-0.0168313,0.00331953,-0.0269268,0.044409,0.00217517,-0.0314909,-0.100093,0.0223481,-0.0771932,-0.206307,-0.0794367,-0.436531	-0.381218,-0.284237,-0.319205,-0.29632,-0.186475,-0.185583,-0.336671,-0.366343,-0.350631,-0.336,-0.399089,-0.231368,-0.291894,-0.301026,-0.279774,-0.257209,-0.413524,-0.448505,-0.432791,-0.841593	0.358741,0.245936,0.2684,0.309699,0.224963,0.138459,0.292504,0.300591,0.335781,0.338942,0.376205,0.272973,0.293883,0.272115,0.184857,0.277959,0.347421,0.266894,0.365935,0.640295
-0.0636682,-0.0838983,-0.0820537,0.00167821,0.0391916,-0.0585041,-0.0530815,-0.0597015,-0.0124417,-0.00147209,-0.0301725,0.0406353,0.00296078,-0.024523,-0.109909,0.0228435,-0.05793,-0.2271,-0.0805034,-0.432025	-0.409289,-0.328317,-0.348451,-0.335614,-0.187525,-0.181313,-0.340915,-0.360568,-0.338624,-0.335683,-0.410994,-0.235254,-0.278928,-0.286863,-0.27617,-0.254539,-0.397003,-0.455125,-0.437297,-0.836386	0.354869,0.251342,0.274238,0.337102,0.225062,0.124126,0.293138,0.307485,0.327563,0.334377,0.385604,0.273277,0.281656,0.264199,0.171466,0.275779,0.347055,0.25431,0.369813,0.633138
0.224634,0.138671,0.0710867,0.069978,0.0175889,0.158668,0.232594,0.204284,0.114162,-0.052145,0.148972,0.0975891,0.0558359,0.124832,0.261646,-0.108159,0.108087,0.316906,0.226196,0.422383	0.170992,0.084248,0.105118,0.0439825,0.072197,0.0514243,0.21428,0.137483,0.0729395,-0.068781,0.162798,0.082644,0.0610135,0.0520879,0.287061,-0.0357381,0.0985196,0.206818,0.131178,0.314407	0.0557844,0.0550663,-0.0342877,0.0260758,-0.0546775,0.108126,0.0192747,0.0687309,0.0415684,0.0166959,-0.0141697,0.0150666,-0.00519532,0.0732202,-0.0274791,-0.0727016,0.00967058,0.11781,0.0979237,0.12451
0.207354,0.112108,0.0414615,0.084638,-0.00373477,0.167497,0.265488,0.205799,0.0981646,-0.0854006,0.144572,0.0828501,0.0505299,0.0839076,0.257593,-0.0822086,0.0973299,0.284118,0.221441,0.417217	0.18075,0.0706975,0.112808,0.0264646,0.0852856,0.0567875,0.252547,0.148049,0.0262022,-0.0602563,0.113669,0.0741265,0.0977707,-0.00262277,0.324472,-0.0536676,0.123823,0.198869,0.143864,0.347888	0.0276395,0.0417417,-0.0716817,0.058304,-0.088992,0.111773,0.0138703,0.0595652,0.0721479,-0.0252744,0.0314195,0.00877743,-0.0474754,0.0865113,-0.0729787,-0.0286675,-0.0268162,0.090354,0.0801296,0.0811006
-0.0621962,-0.112505,-0.105679,-0.00277215,0.0552624,-0.0982447,-0.104331,-0.0718304,-0.0559639,-0.00701248,-0.0704196,0.0205521,-0.00998432,0.0235991,-0.120732,0.0613892,-0.104207,-0.1914,-0.076099,-0.461003	-0.445628,-0.343217,-0.37117,-0.353754,-0.138552,-0.228165,-0.403459,-0.360529,-0.367943,-0.349508,-0.467596,-0.211611,-0.260919,-0.238679,-0.282724,-0.197067,-0.407153,-0.379105,-0.436741,-0.854755	0.394362,0.239979,0.276331,0.351326,0.192342,0.1329,0.312272,0.296374,0.318538,0.343337,0.4107,0.231158,0.25159,0.260809,0.167717,0.255367,0.316369,0.20239,0.37304,0.649804
-0.0852996,-0.124428,-0.115782,0.0172275,0.0944478,-0.100045,-0.12802,-0.0847525,-0.0820075,0.00379582,-0.0834577,0.0374254,-0.00858626,0.0465734,-0.124789,0.075119,-0.128872,-0.198477,-0.0706953,-0.463925	-0.45645,-0.349192,-0.376152,-0.346239,-0.11349,-0.242561,-0.404184,-0.379866,-0.372421,-0.35797,-0.470098,-0.210436,-0.243245,-0.241965,-0.292557,-0.196435,-0.425788,-0.383059,-0.44006,-0.856421	0.386186,0.234974,0.272226,0.361312,0.205733,0.14606,0.291233,0.304931,0.299563,0.361275,0.402429,0.245924,0.23515,0.285323,0.174126,0.267605,0.314154,0.19977,0.381225,0.651245
-0.0288397,-0.0582242,-0.0447376,0.00993315,0.0668642,-0.069024,-0.0715398,-0.0980487,-0.0537461,0.00695153,-0.0682756,0.0376886,-0.0174788,-0.00700943,-0.123223,0.0489261,-0.134965,-0.157261,-0.0673733,-0.449379	-0.404921,-0.293646,-0.323122,-0.321636,-0.134018,-0.205552,-0.366512,-0.380272,-0.378317,-0.34851,-0.43834,-0.213826,-0.292608,-0.298939,-0.296638,-0.228013,-0.429818,-0.37454,-0.418398,-0.849294	0.380525,0.239517,0.282468,0.330513,0.199098,0.138493,0.302915,0.293154,0.331307,0.354602,0.381481,0.249504,0.276544,0.292543,0.179994,0.273884,0.313011,0.230879,0.361206,0.646751
-0.0798944,-0.110411,-0.0817781,-0.024047,0.0938028,-0.0751077,-0.0789452,-0.0896976,-0.0472087,-0.00205324,-0.0698819,0.0457368,-0.00761427,0.00736792,-0.147861,0.0523198,-0.107364,-0.178002,-0.0737646,-0.445619	-0.442218,-0.344756,-0.359658,-0.373585,-0.109007,-0.197607,-0.372607,-0.37886,-0.365865,-0.350773,-0.448732,-0.207097,-0.272518,-0.278364,-0.305769,-0.222552,-0.406942,-0.380688,-0.425899,-0.844537	0.375593,0.243619,0.2863,0.352707,0.200757,0.124345,0.302562,0.299335,0.324257,0.348971,0.391115,0.250461,0.265455,0.285147,0.165384,0.271708,0.313265,0.217419,0.363556,0.639641
0.283643,0.187104,0.119895,0.125851,-0.0462019,0.182879,0.267682,0.21411,0.15305,0.00799011,0.187041,0.0232403,0.0721036,0.116924,0.401798,-0.134641,0.163544,0.222365,0.263978,0.43487	0.189315,0.137573,0.139529,0.0658311,0.0412149,0.0719307,0.228381,0.155059,0.109427,-0.0252373,0.18034,0.0458573,0.0978215,0.0247419,0.429186,-0.0521776,0.197409,0.190036,0.176625,0.30351	0.0996805,0.0508399,-0.0199686,0.0605216,-0.0872507,0.112427,0.0418603,0.0610796,0.0443655,0.0332207,0.00693496,-0.0226411,-0.0259006,0.0924497,-0.0330952,-0.083047,-0.0349952,0.0337554,0.0916254,0.151335
0.261551,0.16448,0.0972199,0.164509,-0.0871133,0.214947,0.301473,0.208789,0.142754,-0.0104057,0.199889,0.0088101,0.0765359,0.0605259,0.384292,-0.104407,0.143873,0.164042,0.265697,0.431687	0.194636,0.128202,0.156756,0.0705993,0.0314118,0.0994109,0.26731,0.159142,0.0673645,0.000184312,0.147088,0.0374444,0.145834,-0.0437303,0.455592,-0.0647815,0.215668,0.155259,0.196262,0.338641	0.0705044,0.0370596,-0.0604575,0.0950129,-0.118202,0.118059,0.0371575,0.0513534,0.0761217,-0.0105899,0.0544002,-0.0286438,-0.0700801,0.103981,-0.0864323,-0.0398953,-0.0740939,0.00901251,0.0732546,0.108977
0.681351,0.745392,0.661366,0.8035,0.750009,0.573369,0.749881,0.835947,0.750406,0.581699,0.649753,0.648018,0.617009,0.814732,0.794488,0.693911,0.659932,0.823357,0.642693,0.863473	0.689281,0.748404,0.665488,0.793785,0.734936,0.554729,0.773451,0.822251,0.775293,0.563976,0.666832,0.634906,0.643331,0.785286,0.784013,0.678877,0.646381,0.82414,0.631523,0.850663	-0.0149522,-0.00681183,-0.00736385,0.0268225,0.0335866,0.0273338,-0.0561182,0.0438063,-0.0595079,0.0263763,-0.030136,0.0222777,-0.0436475,0.0817486,0.0277773,0.0284233,0.0236316,-0.00243651,0.0188018,0.048252
0.364361,0.328628,0.358459,0.371301,0.37894,0.386223,0.410385,0.460928,0.468566,0.432794,0.390305,0.421297,0.417473,0.440787,0.510523,0.372799,0.446761,0.572603,0.332355,0.765992	0.398203,0.334128,0.360073,0.412325,0.373507,0.38069,0.428133,0.460971,0.443107,0.4137,0.443078,0.405674,0.379044,0.38445,0.489615,0.347291,0.444707,0.538717,0.366756,0.780955	-0.0395864,-0.00617787,-0.00185355,-0.0484393,0.0063288,0.00648597,-0.021531,-5.45464e-05,0.0321296,0.0232578,-0.0638073,0.0188438,0.0456529,0.0678311,0.0278761,0.029302,0.0025629,0.0490019,-0.0391767,-0.0372402
0.544332,0.455232,0.508092,0.412561,0.485938,0.408294,0.465404,0.559255,0.584267,0.518023,0.474038,0.513373,0.512436,0.494233,0.554576,0.516119,0.508087,0.616895,0.449433,0.784103	0.57549,0.444154,0.492376,0.409532,0.478821,0.422752,0.481227,0.551786,0.574605,0.507619,0.507635,0.494895,0.493138,0.449386,0.554513,0.494445,0.507495,0.598309,0.470103,0.817829	-0.0453696,0.0138856,0.0209599,0.00364452,0.00927573,-0.0174749,-0.0203892,0.0108028,0.014545,0.0141152,-0.0442429,0.0247721,0.0258236,0.0576503,9.23329e-05,0.0291002,0.000797686,0.0294585,-0.0262076,-0.0940132
-0.403771,-0.326623,-0.36465,-0.338063,-0.366354,-0.182632,-0.42857,-0.366168,-0.362532,-0.384529,-0.423004,-0.279973,-0.356888,-0.284046,-0.35068,-0.424309,-0.472942,-0.552721,-0.439494,-0.862494	-0.078088,-0.134708,-0.0912287,-0.0355445,-0.136362,-0.141284,-0.161388,-0.124087,-0.0892112,-0.0952994,-0.00775589,-0.0469898,-0.113219,-0.129009,-0.18056,-0.150667,-0.179693,-0.429883,-0.14055,-0.541261	-0.336286,-0.200748,-0.282831,-0.306198,-0.242086,-0.0424438,-0.287036,-0.253604,-0.282456,-0.300231,-0.416615,-0.236089,-0.25393,-0.160935,-0.18162,-0.29233,-0.320485,-0.161121,-0.318626,-0.602501
-0.415381,-0.335893,-0.379774,-0.331324,-0.383639,-0.19842,-0.429367,-0.358333,-0.359508,-0.462018,-0.410676,-0.270546,-0.379785,-0.290278,-0.377574,-0.393455,-0.484643,-0.56089,-0.450656,-0.88146	-0.0725998,-0.136643,-0.0801817,-0.0596815,-0.131214,-0.159894,-0.158718,-0.107225,-0.111018,-0.1634,-0.0351684,-0.0299161,-0.109338,-0.148607,-0.186713,-0.146973,-0.168926,-0.428545,-0.145229,-0.583354	-0.35344,-0.208835,-0.309001,-0.277122,-0.265805,-0.0397891,-0.290442,-0.261141,-0.258819,-0.323002,-0.38101,-0.242593,-0.282163,-0.148058,-0.205337,-0.26161,-0.343869,-0.174222,-0.326816,-0.613644
0.387787,0.3257,0.350492,0.357333,0.373335,0.401565,0.414797,0.45906,0.467134,0.386492,0.402446,0.405707,0.453672,0.418915,0.51739,0.355108,0.453969,0.565749,0.328538,0.754413	0.414393,0.328393,0.348232,0.408408,0.382848,0.414131,0.40836,0.473711,0.417032,0.384897,0.438542,0.402827,0.38934,0.392553,0.507108,0.3442,0.465498,0.531164,0.373894,0.78286	-0.0316999,-0.00301575,0.00257467,-0.0598027,-0.0110987,-0.0150723,0.00775033,-0.0187222,0.0622245,0.00187326,-0.0438318,0.00344331,0.0781318,0.0315506,0.0139384,0.0124273,-0.0146178,0.0494426,-0.0517071,-0.0694865
0.56277,0.460823,0.502581,0.391738,0.491335,0.410131,0.492346,0.572141,0.605636,0.468965,0.469496,0.472305,0.520572,0.466742,0.57063,0.469713,0.543138,0.603984,0.413394,0.775365	0.586285,0.446743,0.482922,0.398647,0.49939,0.4428,0.484276,0.57928,0.570931,0.476229,0.486434,0.466657,0.475463,0.451664,0.581248,0.463045,0.556235,0.584656,0.445185,0.821978	-0.0350936,0.017731,0.0259596,-0.0081877,-0.0106745,-0.0399187,0.0105958,-0.0106782,0.0530475,-0.00935356,-0.0219517,0.00724469,0.0599458,0.0191051,-0.0158881,0.00852214,-0.0187662,0.0298797,-0.0389608,-0.128528
-0.40135,-0.331274,-0.369611,-0.336782,-0.374521,-0.194617,-0.432635,-0.378525,-0.365909,-0.399482,-0.43084,-0.2975,-0.325168,-0.308125,-0.360469,-0.441219,-0.463315,-0.56191,-0.446762,-0.866581	-0.0813411,-0.144659,-0.101824,-0.021123,-0.134911,-0.14016,-0.18692,-0.128779,-0.112621,-0.0998049,-0.0306739,-0.056336,-0.0916327,-0.135527,-0.185161,-0.163038,-0.158704,-0.44281,-0.142932,-0.55151	-0.330809,-0.196009,-0.278259,-0.317921,-0.252361,-0.0559837,-0.267334,-0.262544,-0.264174,-0.312122,-0.405526,-0.245275,-0.240708,-0.180119,-0.187845,-0.299743,-0.328787,-0.15855,-0.324555,-0.603502
-0.414863,-0.346354,-0.38874,-0.328013,-0.392788,-0.191231,-0.438328,-0.374063,-0.367339,-0.485738,-0.416971,-0.292152,-0.354825,-0.310774,-0.374952,-0.401012,-0.476287,-0.568631,-0.459647,-0.883956	-0.0793202,-0.153372,-0.0963952,-0.0427842,-0.130386,-0.138895,-0.191195,-0.116051,-0.13947,-0.183059,-0.0558076,-0.0441363,-0.0948332,-0.150713,-0.176348,-0.144713,-0.148597,-0.439843,-0.149482,-0.589265	-0.34696,-0.203808,-0.303726,-0.289288,-0.276566,-0.0537643,-0.269739,-0.26972,-0.240174,-0.33222,-0.369768,-0.251255,-0.269045,-0.167926,-0.212666,-0.272089,-0.352649,-0.171742,-0.333048,-0.615073
0.366248,0.302248,0.339871,0.345794,0.410474,0.377606,0.391943,0.453813,0.431948,0.428534,0.432525,0.36766,0.377658,0.420714,0.488971,0.38427,0.448923,0.526673,0.356924,0.743246	0.362512,0.286212,0.323274,0.301762,0.408895,0.397227,0.390276,0.446284,0.447734,0.437244,0.413387,0.36498,0.396516,0.431902,0.509827,0.38872,0.450382,0.54191,0.343105,0.76251	0.00430873,0.0175542,0.0186459,0.0491619,0.00189751,-0.0230839,0.00196759,0.00944213,-0.0195707,-0.0107191,0.0233048,0.00309565,-0.0221795,-0.013673,-0.0277809,-0.00523167,-0.00182893,-0.0213221,0.0157481,-0.0444633
-0.359221,-0.270135,-0.342223,-0.268809,-0.329435,-0.15303,-0.383477,-0.382306,-0.372429,-0.396585,-0.399911,-0.287687,-0.369763,-0.318374,-0.360597,-0.428571,-0.462337,-0.525233,-0.421581,-0.850002	-0.0408057,-0.0710072,-0.0618885,0.0255501,-0.0874321,-0.106293,-0.118908,-0.143915,-0.0823551,-0.0962792,-0.0196246,-0.0390517,-0.101069,-0.128704,-0.17925,-0.137889,-0.161804,-0.376409,-0.136635,-0.507833	-0.323152,-0.203022,-0.2864,-0.292352,-0.24918,-0.0475099,-0.277209,-0.252271,-0.299252,-0.312228,-0.383295,-0.251461,-0.279126,-0.197774,-0.193878,-0.30894,-0.324833,-0.185497,-0.302362,-0.602048
-0.371009,-0.285477,-0.359937,-0.253305,-0.357858,-0.159947,-0.382311,-0.389304,-0.365715,-0.484819,-0.384927,-0.287892,-0.392831,-0.31321,-0.383185,-0.387019,-0.470638,-0.539337,-0.428332,-0.865592	-0.0347101,-0.0803817,-0.0532378,0.0101853,-0.095206,-0.115816,-0.114414,-0.145677,-0.0994672,-0.182163,-0.0425155,-0.0347184,-0.0980368,-0.134169,-0.180318,-0.11897,-0.144029,-0.38201,-0.134055,-0.537025	-0.340687,-0.209912,-0.312691,-0.262812,-0.271916,-0.044964,-0.280151,-0.258274,-0.276299,-0.331974,-0.348109,-0.25573,-0.306602,-0.186895,-0.217924,-0.280986,-0.350358,-0.198153,-0.312204,-0.613966
-0.401142,-0.309198,-0.382267,-0.314836,-0.361635,-0.170641,-0.402785,-0.397315,-0.384031,-0.384205,-0.411519,-0.285516,-0.349881,-0.315743,-0.35706,-0.448531,-0.455737,-0.526425,-0.432241,-0.856886	-0.0995564,-0.106128,-0.105353,0.00417096,-0.127692,-0.13945,-0.144946,-0.15899,-0.111273,-0.084738,-0.0235543,-0.0334513,-0.0897085,-0.13568,-0.188275,-0.170657,-0.155827,-0.386855,-0.143417,-0.538821	-0.314131,-0.20996,-0.288534,-0.318588,-0.245269,-0.031952,-0.273825,-0.254396,-0.284934,-0.309545,-0.391762,-0.254495,-0.268603,-0.188123,-0.180949,-0.300907,-0.322836,-0.175262,-0.307911,-0.590879
-0.413696,-0.315812,-0.400028,-0.302233,-0.388788,-0.180418,-0.399833,-0.402309,-0.37932,-0.467665,-0.398824,-0.281459,-0.379544,-0.316957,-0.380596,-0.414269,-0.462265,-0.538281,-0.436748,-0.872364	-0.0966589,-0.104332,-0.0985135,-0.0140987,-0.135247,-0.151668,-0.137728,-0.158723,-0.130541,-0.161539,-0.0504226,-0.023862,-0.0949664,-0.148651,-0.1904,-0.160099,-0.134711,-0.389709,-0.13739,-0.569323	-0.330242,-0.218686,-0.313885,-0.289367,-0.267613,-0.0295585,-0.27738,-0.260202,-0.261739,-0.331142,-0.355551,-0.259338,-0.295218,-0.176627,-0.205056,-0.272225,-0.349306,-0.188011,-0.318468,-0.602055
0.786341,0.660774,0.722597,0.814697,0.713858,0.636988,0.820135,0.784772,0.78182,0.541868,0.781817,0.769344,0.815059,0.796142,0.803357,0.840878,0.845518,0.811429,0.843258,0.823503	0.819244,0.67698,0.771132,0.772454,0.760977,0.633828,0.826976,0.796811,0.73839,0.602066,0.727128,0.777383,0.868983,0.775711,0.852566,0.775753,0.893919,0.838898,0.86572,0.867709	-0.0924762,-0.0293235,-0.109612,0.113961,-0.103158,0.0052998,-0.02126,-0.0321315,0.102742,-0.0893466,0.126738,-0.0200009,-0.184844,0.0534249,-0.156175,0.187309,-0.198221,-0.0860332,-0.0832002,-0.154872
0.751994,0.731026,0.663853,0.636868,0.431019,0.401771,0.562125,0.742065,0.685128,0.466951,0.615657,0.570994,0.601186,0.566776,0.51243,0.608601,0.555684,0.756544,0.632829,0.749655	0.809693,0.719901,0.716998,0.707122,0.543573,0.438131,0.607888,0.717136,0.627017,0.500147,0.64723,0.531077,0.579585,0.615726,0.541181,0.639211,0.499786,0.651349,0.6192,0.790995	-0.147523,0.0234833,-0.101419,-0.127815,-0.146992,-0.0441285,-0.0695174,0.0532871,0.101876,-0.0433104,-0.0524887,0.057289,0.0331522,-0.0751906,-0.0397834,-0.0500998,0.0773921,0.207393,0.0224099,-0.101564
-0.00446054,-0.0298231,-0.0972576,0.0597081,0.0682529,-0.0222021,0.0354831,0.0322299,0.0275477,0.0428203,0.0426756,0.0870056,0.0310001,-0.00365548,-0.0566307,0.0382691,-0.0105889,-0.252573,-0.0834231,-0.134704	-0.41389,-0.341949,-0.394802,-0.343369,-0.352644,-0.331616,-0.45348,-0.309323,-0.221472,-0.329903,-0.4527,-0.230205,-0.347247,-0.365292,-0.458702,-0.403166,-0.465815,-0.530547,-0.547128,-0.872372	0.410186,0.315342,0.309426,0.394979,0.411004,0.311709,0.48122,0.338182,0.247509,0.367531,0.485987,0.310982,0.374219,0.36212,0.412794,0.434728,0.457483,0.320986,0.485882,0.835896
-0.0304983,-0.0425361,-0.089869,0.0774249,0.0720187,-0.000420992,0.00925424,0.0318052,-0.00517078,0.0671996,0.0142211,0.0762486,0.0296975,0.0106422,-0.0556989,0.0524495,-0.0556616,-0.262167,-0.080723,-0.127288	-0.427776,-0.34569,-0.393853,-0.335208,-0.345551,-0.332003,-0.446824,-0.324114,-0.225536,-0.333186,-0.458,-0.247232,-0.326148,-0.369268,-0.465333,-0.40088,-0.485978,-0.534923,-0.551809,-0.873134	0.402529,0.307678,0.315139,0.402195,0.407431,0.331628,0.4542,0.352288,0.220622,0.391617,0.469165,0.317496,0.352432,0.378423,0.420534,0.443994,0.44228,0.317246,0.493049,0.839103
0.00620078,-0.0028668,-0.0366032,0.0497092,0.0802805,0.0022869,0.0141345,-0.0295852,0.0120674,0.0546175,-0.0129491,0.074282,0.0251235,-0.0187526,-0.0448779,0.0476758,-0.0632963,-0.226658,-0.0432945,-0.105072	-0.387275,-0.303504,-0.350759,-0.311655,-0.338769,-0.309411,-0.442449,-0.343826,-0.239571,-0.325918,-0.441311,-0.245027,-0.364066,-0.39996,-0.46289,-0.40946,-0.49311,-0.524575,-0.528357,-0.868494	0.392533,0.300899,0.318241,0.355851,0.407954,0.311477,0.453746,0.317471,0.250913,0.37388,0.430823,0.313601,0.385662,0.384088,0.426879,0.448383,0.443661,0.338119,0.496418,0.840084
-0.0305899,-0.0379007,-0.0536223,0.0436613,0.086431,0.014262,0.00719597,-0.0042704,0.0183076,0.0578654,0.00142576,0.0751555,0.0300383,-0.0106293,-0.0555195,0.0467047,-0.0631988,-0.256108,-0.0600008,-0.118206	-0.414061,-0.345127,-0.377678,-0.349142,-0.337997,-0.303215,-0.446582,-0.335719,-0.22522,-0.324919,-0.44912,-0.248303,-0.352227,-0.386931,-0.462053,-0.407627,-0.48044,-0.533038,-0.532961,-0.865176	0.388391,0.311298,0.330754,0.386906,0.412381,0.31611,0.452324,0.331925,0.242528,0.37572,0.450258,0.317533,0.378263,0.377856,0.417236,0.445843,0.430307,0.320712,0.488585,0.832064
0.197077,0.0882366,0.0102048,0.0270523,-0.0351151,0.107195,0.0806652,0.178754,0.0989726,-0.117176,0.0866553,0.066899,0.0498829,0.120636,0.0904391,-0.186155,0.0536245,0.309302,0.153689,0.0745382	0.155075,0.0540512,0.0610039,0.013107,-0.144997,-0.0993531,0.0436449,0.16514,0.219221,-0.0678965,0.0948299,0.0595481,-0.0424793,-0.0790375,0.0322561,-0.269034,-0.0349871,0.10496,-0.0303645,-0.0658616	0.0433258,0.0343493,-0.0508307,0.0139502,0.110444,0.204372,0.0371511,0.0140275,-0.122915,-0.0496752,-0.00824228,0.0073803,0.0921669,0.197788,0.0583533,0.087248,0.0884457,0.211198,0.183199,0.139714
0.178639,0.0587403,-0.0216471,0.0374266,-0.0594542,0.110369,0.110778,0.184256,0.0930088,-0.16912,0.0883141,0.044349,0.0343428,0.068654,0.0729074,-0.161626,0.0341981,0.275289,0.146594,0.0407177	0.16505,0.0396565,0.068297,-0.00345016,-0.135493,-0.0942123,0.088559,0.17558,0.169493,-0.0598412,0.0460188,0.051124,-0.00814392,-0.133818,0.0713425,-0.281207,-0.0131611,0.0950152,-0.019133,-0.0386101	0.0140021,0.0191283,-0.0898114,0.0408715,0.0766565,0.202476,0.0224392,0.00896652,-0.0777098,-0.110396,0.0424679,-0.00679036,0.0424749,0.200628,0.0015731,0.125275,0.0473379,0.185116,0.165263,0.0792033
-0.0235648,-0.0572229,-0.0918355,0.064848,0.128202,-0.0458845,-0.0230021,-0.00748989,-0.00605861,0.0508124,-0.0212879,0.0634089,0.0285172,0.05429,-0.0790827,0.104371,-0.0764171,-0.184066,-0.0772795,-0.137636	-0.450807,-0.358227,-0.419185,-0.372692,-0.367813,-0.370062,-0.506693,-0.327506,-0.2145,-0.345603,-0.500314,-0.228637,-0.336364,-0.349174,-0.47708,-0.374988,-0.485029,-0.444326,-0.532151,-0.879337	0.43183,0.307304,0.340456,0.427215,0.473679,0.329777,0.489395,0.320803,0.208713,0.389574,0.484183,0.287872,0.361414,0.395958,0.413602,0.461304,0.42434,0.283441,0.47438,0.843828
-0.0475426,-0.0718043,-0.0903893,0.0791693,0.154437,-0.0363427,-0.0648803,-0.0119011,-0.0382225,0.0749637,-0.0450557,0.0760107,0.0207167,0.0706461,-0.0810561,0.11875,-0.124527,-0.19183,-0.0643007,-0.12873	-0.461965,-0.363971,-0.41962,-0.366641,-0.343878,-0.379637,-0.511121,-0.34529,-0.218522,-0.352412,-0.50338,-0.229078,-0.322062,-0.352288,-0.485498,-0.37346,-0.506082,-0.447461,-0.532886,-0.879769	0.423729,0.300007,0.34221,0.433235,0.473185,0.348097,0.461546,0.334765,0.181818,0.416375,0.46896,0.299867,0.340507,0.412664,0.42101,0.471308,0.407218,0.279634,0.485211,0.846959
0.00425649,-0.0204387,-0.0253757,0.045713,0.119249,-0.0205578,-0.0103502,-0.0532126,-0.020492,0.0602495,-0.0565645,0.0680634,0.0037357,0.00829179,-0.0748629,0.0810437,-0.127525,-0.170322,-0.0295573,-0.111573	-0.413188,-0.312292,-0.370857,-0.347568,-0.365793,-0.349045,-0.477235,-0.349991,-0.231685,-0.344416,-0.482829,-0.232328,-0.368863,-0.404775,-0.485656,-0.404526,-0.509543,-0.448319,-0.512269,-0.87633	0.416712,0.293728,0.348763,0.38713,0.464768,0.330862,0.469202,0.30241,0.212201,0.396439,0.438233,0.295716,0.372086,0.411685,0.426292,0.470156,0.408567,0.300979,0.490132,0.847634
-0.0459831,-0.0654514,-0.0537987,0.0182596,0.160508,-0.00342219,-0.0214421,-0.0337705,-0.0122899,0.0594,-0.04008,0.0807903,0.0183442,0.0246199,-0.104303,0.0834045,-0.117508,-0.199125,-0.0519943,-0.126508	-0.448722,-0.360816,-0.404632,-0.396948,-0.339391,-0.338875,-0.483257,-0.346585,-0.215992,-0.345877,-0.488961,-0.225193,-0.349374,-0.385948,-0.49665,-0.399826,-0.491271,-0.455892,-0.518756,-0.87332	0.411224,0.302509,0.358641,0.412219,0.474074,0.335843,0.466651,0.316519,0.204245,0.397118,0.457854,0.300516,0.365377,0.406704,0.413782,0.467636,0.396662,0.282404,0.479701,0.839569
0.256401,0.137694,0.060303,0.0828837,-0.116561,0.136951,0.120828,0.186495,0.128275,-0.0581649,0.12753,-0.00771478,0.0676834,0.112234,0.277203,-0.221166,0.115757,0.205471,0.198115,0.0824825	0.168997,0.110571,0.0729777,0.0175003,-0.284217,-0.1044,0.0468961,0.193453,0.302516,-0.0319368,0.10985,0.0170308,-0.0105798,-0.113943,0.186659,-0.317067,0.0651391,0.0903433,0.0182042,-0.0870497	0.0913623,0.027543,-0.0127308,0.0654784,0.1734,0.237948,0.0743535,-0.00721859,-0.181275,-0.0262769,0.0179314,-0.0247423,0.0782072,0.223321,0.0954848,0.103133,0.0510026,0.117305,0.180562,0.168324
0.232078,0.112018,0.0348544,0.116333,-0.166722,0.167331,0.152613,0.185024,0.127884,-0.0962812,0.148374,-0.0300882,0.0625453,0.0427587,0.240793,-0.190219,0.0869295,0.144099,0.198912,0.0509876	0.173649,0.100424,0.0897269,0.0238375,-0.299528,-0.07558,0.0928069,0.197101,0.257841,-0.00551464,0.0775209,0.00829355,0.0351219,-0.182509,0.213798,-0.321469,0.0808641,0.0536719,0.0377174,-0.0576396	0.060883,0.0117259,-0.0550447,0.0927526,0.139787,0.239877,0.0606657,-0.0125342,-0.134388,-0.0908148,0.0716781,-0.0383721,0.0274838,0.223524,0.0284598,0.139799,0.00610833,0.091132,0.162413,0.108309
0.690921,0.75399,0.673712,0.811045,0.748541,0.601874,0.759679,0.846023,0.751774,0.609553,0.656961,0.65664,0.624546,0.814507,0.809019,0.700062,0.65589,0.822705,0.649409,0.885925	0.699024,0.758528,0.667468,0.806938,0.75151,0.573944,0.790872,0.826658,0.785268,0.582983,0.682063,0.649481,0.659042,0.793421,0.796214,0.687135,0.659107,0.823827,0.633232,0.869778	-0.0156713,-0.0106008,0.0113463,0.0118858,-0.0067862,0.0426695,-0.0781425,0.064416,-0.0817615,0.0412172,-0.0454823,0.0124832,-0.0586265,0.0596058,0.0359867,0.0249079,-0.00566745,-0.00348328,0.0274756,0.0703783
0.379507,0.345158,0.370048,0.380018,0.388307,0.413014,0.434374,0.473505,0.474944,0.456956,0.388611,0.432389,0.426637,0.443527,0.544248,0.381588,0.451617,0.564475,0.358977,0.804707	0.417642,0.36682,0.37035,0.447221,0.40098,0.414702,0.469244,0.491218,0.466353,0.441353,0.469029,0.430008,0.404135,0.399086,0.517473,0.363219,0.463864,0.55117,0.365486,0.813229	-0.0453172,-0.0248024,-0.000350816,-0.0809624,-0.0150104,-0.00203675,-0.0437979,-0.0230817,0.0110357,0.0195458,-0.0983426,0.00292465,0.0271909,0.053999,0.0372727,0.0213253,-0.0154922,0.0193138,-0.00749121,-0.0246587
0.555887,0.472575,0.526161,0.425361,0.497536,0.449849,0.483058,0.574295,0.589201,0.542893,0.480311,0.524578,0.520467,0.496593,0.58826,0.521579,0.500055,0.600997,0.466604,0.815326	0.59027,0.470447,0.499267,0.44442,0.502552,0.449595,0.517277,0.57499,0.593878,0.529412,0.527399,0.515028,0.51342,0.462852,0.580322,0.508535,0.530958,0.609189,0.470242,0.844148	-0.0511742,0.00273571,0.0364756,-0.0235016,-0.00668827,0.000318296,-0.0456178,-0.00103785,-0.0071942,0.0189179,-0.0630627,0.0130859,0.00961629,0.0438105,0.0120515,0.017753,-0.0420743,-0.012923,-0.00465951,-0.0924535
-0.415318,-0.356814,-0.406754,-0.356978,-0.39299,-0.228417,-0.516213,-0.374216,-0.353925,-0.416683,-0.451124,-0.294856,-0.356818,-0.290596,-0.485042,-0.455483,-0.501929,-0.569845,-0.495235,-0.883831	-0.0429549,-0.084174,-0.076364,0.0293607,-0.0900912,-0.0916064,-0.0883472,-0.0639368,-0.0422829,-0.0433342,0.043351,-0.00558023,-0.0772352,-0.10635,-0.143063,-0.129468,-0.151393,-0.423008,-0.14282,-0.30852	-0.379126,-0.281083,-0.340982,-0.382331,-0.314016,-0.139734,-0.448312,-0.317885,-0.316377,-0.380214,-0.484991,-0.289753,-0.287506,-0.190122,-0.367479,-0.346445,-0.379363,-0.193473,-0.379238,-0.791001
-0.427689,-0.36744,-0.422437,-0.354146,-0.409631,-0.24861,-0.520049,-0.364412,-0.343146,-0.503076,-0.437103,-0.290064,-0.385966,-0.301297,-0.516807,-0.429697,-0.518347,-0.578499,-0.506271,-0.90328	-0.0366797,-0.0861491,-0.064311,0.00247774,-0.0838126,-0.111986,-0.0850837,-0.0463521,-0.0640487,-0.114437,0.0124079,0.0118752,-0.0730521,-0.126473,-0.151639,-0.127141,-0.140494,-0.422919,-0.1478,-0.360632	-0.397241,-0.290486,-0.368127,-0.356311,-0.337403,-0.140537,-0.455103,-0.323525,-0.285369,-0.412381,-0.447086,-0.300902,-0.321992,-0.18175,-0.396219,-0.320041,-0.407531,-0.205973,-0.387463,-0.80482
0.402629,0.342335,0.359449,0.368325,0.386559,0.424593,0.442648,0.469996,0.475877,0.410526,0.40214,0.418658,0.463503,0.424081,0.548942,0.364475,0.46127,0.557757,0.354127,0.792543	0.433308,0.359668,0.36564,0.440248,0.396132,0.453668,0.44491,0.508828,0.433729,0.421341,0.457991,0.423367,0.406828,0.40113,0.535382,0.358767,0.470282,0.543339,0.376579,0.818186	-0.0371624,-0.0197664,-0.00712773,-0.0858419,-0.0113044,-0.036012,-0.00281679,-0.0510375,0.0531096,-0.0130778,-0.0684595,-0.00572392,0.0698463,0.027656,0.0192033,0.00656616,-0.0115089,0.0206875,-0.0259074,-0.0729439
0.57329,0.478482,0.516909,0.406863,0.508459,0.448066,0.512909,0.584115,0.613133,0.494469,0.478222,0.486244,0.530769,0.471715,0.601111,0.476402,0.538993,0.587713,0.429892,0.805463	0.599774,0.471883,0.496299,0.430247,0.510439,0.475405,0.515261,0.605741,0.583785,0.507536,0.500853,0.48374,0.489668,0.459305,0.606414,0.476352,0.567085,0.59473,0.449628,0.850673	-0.0403629,0.00852247,0.0277213,-0.0283457,-0.0026745,-0.034739,-0.00319669,-0.0334686,0.0457079,-0.0174445,-0.0297587,0.00327479,0.055534,0.015843,-0.00834538,6.3777e-05,-0.0404579,-0.0107881,-0.0244653,-0.143611
-0.414242,-0.360555,-0.408671,-0.356963,-0.403615,-0.237748,-0.522767,-0.384618,-0.359278,-0.429255,-0.460105,-0.31303,-0.327175,-0.315662,-0.493195,-0.472114,-0.495555,-0.577647,-0.499641,-0.8864	-0.0470265,-0.0965979,-0.0763081,0.0391198,-0.108484,-0.0807654,-0.130466,-0.0607223,-0.0759958,-0.0364202,0.00930769,-0.020351,-0.064196,-0.120178,-0.145408,-0.144518,-0.14811,-0.435468,-0.138907,-0.313341	-0.374511,-0.273482,-0.343061,-0.390628,-0.308645,-0.160056,-0.421016,-0.331641,-0.291234,-0.399074,-0.467411,-0.294555,-0.268621,-0.203192,-0.374656,-0.351585,-0.374966,-0.189963,-0.387637,-0.793431
-0.428858,-0.376419,-0.428684,-0.351552,-0.421207,-0.239003,-0.53136,-0.378308,-0.35236,-0.523789,-0.44422,-0.31239,-0.363184,-0.322554,-0.513075,-0.437902,-0.512988,-0.584751,-0.512641,-0.904512	-0.0444622,-0.105397,-0.0700424,0.0150402,-0.103105,-0.0800766,-0.135452,-0.0473357,-0.101993,-0.123583,-0.0186963,-0.00781541,-0.0672436,-0.135732,-0.135981,-0.127031,-0.138275,-0.433562,-0.145942,-0.358835	-0.391868,-0.282218,-0.369743,-0.364664,-0.332544,-0.162027,-0.426612,-0.337007,-0.259701,-0.427905,-0.429087,-0.30532,-0.303349,-0.195376,-0.405376,-0.329183,-0.403322,-0.202537,-0.396352,-0.807897
0.382973,0.329706,0.35932,0.368321,0.430091,0.420697,0.419563,0.480096,0.445763,0.457785,0.449897,0.38689,0.392711,0.426456,0.521459,0.393172,0.443957,0.521492,0.36916,0.779711	0.378239,0.306182,0.333321,0.319349,0.422397,0.418784,0.419687,0.462872,0.458912,0.459922,0.416504,0.379746,0.407834,0.436886,0.540315,0.398844,0.462624,0.54322,0.366276,0.800445	0.00553674,0.0261644,0.0295369,0.0555005,0.0094025,0.00232244,-0.000149993,0.022146,-0.0165308,-0.00270673,0.0410943,0.00837462,-0.0180067,-0.012818,-0.0262516,-0.00672686,-0.0234912,-0.0303163,0.00333476,-0.0551605
-0.372621,-0.304711,-0.383909,-0.295812,-0.363197,-0.201312,-0.478226,-0.393701,-0.369561,-0.43053,-0.438952,-0.30438,-0.371825,-0.32527,-0.490308,-0.460629,-0.495293,-0.547426,-0.471445,-0.87508	-0.0101326,-0.0354853,-0.0436864,0.0612071,-0.0607614,-0.0619155,-0.0646977,-0.104319,-0.0533323,-0.0482724,-0.00527896,-0.0103044,-0.080513,-0.115709,-0.134125,-0.124246,-0.148946,-0.385328,-0.10439,-0.254908	-0.363863,-0.272169,-0.346025,-0.35067,-0.30926,-0.141156,-0.426732,-0.301775,-0.322587,-0.39037,-0.43468,-0.295001,-0.300302,-0.217756,-0.381255,-0.356804,-0.373933,-0.205432,-0.386055,-0.798228
-0.385129,-0.320619,-0.402573,-0.284519,-0.391213,-0.2123,-0.480961,-0.39828,-0.356329,-0.528257,-0.421857,-0.309684,-0.401198,-0.324233,-0.518192,-0.423262,-0.507923,-0.562115,-0.478269,-0.891784	-0.00331918,-0.0451865,-0.0341225,0.0444559,-0.0683938,-0.0722734,-0.059833,-0.105807,-0.0705492,-0.139844,-0.0298978,-0.00592814,-0.0775826,-0.121318,-0.136357,-0.10526,-0.130738,-0.392699,-0.101349,-0.285833	-0.382299,-0.279481,-0.373582,-0.324866,-0.331694,-0.142209,-0.433606,-0.30534,-0.293149,-0.419395,-0.396966,-0.304315,-0.334012,-0.211223,-0.410866,-0.33283,-0.404013,-0.217407,-0.396121,-0.813249
-0.413552,-0.340546,-0.420709,-0.339409,-0.392392,-0.215429,-0.495686,-0.404256,-0.379268,-0.417031,-0.446563,-0.301895,-0.352134,-0.323008,-0.489366,-0.480346,-0.491519,-0.550108,-0.484114,-0.88182	-0.069346,-0.0635046,-0.0789211,0.0461919,-0.0957292,-0.076498,-0.0967749,-0.10819,-0.0797093,-0.0279682,0.0082479,0.000241989,-0.0656094,-0.12251,-0.14388,-0.159957,-0.161428,-0.401253,-0.125203,-0.315985	-0.354369,-0.283165,-0.353526,-0.379648,-0.308241,-0.141259,-0.419011,-0.309607,-0.308897,-0.393654,-0.453141,-0.302115,-0.2933,-0.208759,-0.371654,-0.347055,-0.35854,-0.191019,-0.382069,-0.784402
-0.426787,-0.348266,-0.43922,-0.330863,-0.419316,-0.229011,-0.496705,-0.406846,-0.36738,-0.510059,-0.430981,-0.30291,-0.387883,-0.327963,-0.518098,-0.450559,-0.502987,-0.562115,-0.489281,-0.898473	-0.0659818,-0.0613983,-0.0710729,0.0260964,-0.103156,-0.0896702,-0.0887948,-0.107593,-0.0986133,-0.108662,-0.0214575,0.00998353,-0.0708615,-0.135533,-0.147555,-0.149991,-0.140809,-0.405444,-0.11872,-0.35372	-0.37126,-0.293136,-0.38001,-0.353903,-0.330454,-0.142262,-0.426732,-0.312952,-0.27887,-0.424949,-0.413346,-0.31195,-0.325981,-0.201382,-0.401215,-0.322352,-0.389784,-0.202917,-0.393414,-0.798532
0.776638,0.637751,0.70329,0.800642,0.700232,0.605832,0.772776,0.78321,0.789589,0.494271,0.772611,0.754218,0.80326,0.783693,0.743373,0.829169,0.831714,0.802914,0.82596,0.73455	0.812012,0.657629,0.757399,0.763104,0.750113,0.609684,0.794429,0.789502,0.733706,0.585238,0.70714,0.773192,0.870422,0.771018,0.824153,0.766591,0.894128,0.8281,0.852912,0.818457	-0.0957696,-0.034237,-0.115783,0.0964919,-0.10507,-0.00610709,-0.0560844,-0.0164861,0.132841,-0.127991,0.144317,-0.0455173,-0.223262,0.0320265,-0.208547,0.171746,-0.243479,-0.0751586,-0.0911978,-0.210398
-0.0703594,-0.0805993,0.0268419,0.00838805,0.0915926,-0.0362688,-0.115191,-0.117932,-0.0763966,0.010859,-0.16176,-0.0453994,-0.00386125,0.128158,-0.0415681,0.142026,-0.127942,0.152206,0.00666781,0.0139045	-0.889027,-0.838809,-0.812317,-0.796757,-0.654653,-0.646685,-0.801886,-0.842417,-0.756667,-0.665822,-0.857107,-0.685319,-0.734166,-0.733637,-0.746101,-0.749833,-0.787899,-0.809063,-0.817084,-0.957974	0.873293,0.813187,0.821252,0.7998,0.704031,0.625077,0.756581,0.804401,0.722007,0.671824,0.807272,0.660468,0.732381,0.787731,0.727083,0.806021,0.733943,0.855873,0.819288,0.959103
-0.0600549,-0.087396,0.00743305,-0.000512318,0.129329,-0.0556819,-0.144569,-0.129396,-0.0755032,0.00776537,-0.147304,-0.00147407,-0.0172621,0.13262,-0.0464083,0.141499,-0.138346,0.156155,0.0312265,0.0169435	-0.89011,-0.842336,-0.819822,-0.797004,-0.634702,-0.653616,-0.80505,-0.848322,-0.754212,-0.672432,-0.853105,-0.681089,-0.729788,-0.737093,-0.75067,-0.749796,-0.794556,-0.809996,-0.817103,-0.958725	0.876932,0.814933,0.822245,0.796817,0.706073,0.620518,0.747476,0.807573,0.719692,0.676664,0.807244,0.680298,0.721617,0.792266,0.729682,0.805803,0.737252,0.857669,0.827222,0.960073
-0.00790323,-0.0532363,0.0336042,-0.0122374,0.0593155,-0.0357318,-0.0494172,-0.0699937,-0.0743742,0.0058673,-0.103374,-0.0135914,-0.0416262,0.0610556,-0.0548493,0.0674045,-0.131169,0.128456,0.0282977,-0.00126446	-0.875066,-0.825907,-0.802413,-0.790788,-0.665698,-0.633083,-0.782643,-0.837903,-0.760549,-0.665036,-0.834302,-0.685576,-0.752959,-0.765789,-0.754027,-0.766505,-0.797511,-0.817681,-0.812547,-0.957355	0.873202,0.808206,0.814066,0.786158,0.697473,0.611177,0.762725,0.815751,0.727315,0.668295,0.799918,0.678305,0.734349,0.789912,0.729341,0.792942,0.744191,0.856205,0.821945,0.957249
-0.0536963,-0.0823305,0.00530023,-0.0616532,0.119514,-0.0286662,-0.057393,-0.0856309,-0.0700945,-0.000894544,-0.0997788,0.0102785,-0.0226875,0.0796441,-0.0885915,0.0758941,-0.110508,0.124047,0.0140878,-0.00456144	-0.887188,-0.839092,-0.81476,-0.810614,-0.640747,-0.630553,-0.786233,-0.838448,-0.756045,-0.667252,-0.837812,-0.678093,-0.745344,-0.757391,-0.762134,-0.766238,-0.784551,-0.817978,-0.814943,-0.954216	0.875184,0.81292,0.816534,0.788361,0.706183,0.612967,0.763283,0.811048,0.724336,0.666755,0.805358,0.683607,0.735087,0.789416,0.722312,0.795851,0.73803,0.855245,0.819621,0.953807
0.196741,0.157763,0.128062,0.142149,-0.132537,0.0403489,0.0801424,0.0320598,0.0864455,0.097225,0.079067,-0.146936,0.0369617,-0.0192654,0.360174,-0.0715226,0.130343,-0.267894,0.108885,0.0186041	-0.677344,-0.668771,-0.630442,-0.630162,-0.641281,-0.487643,-0.548602,-0.664983,-0.540408,-0.463289,-0.560727,-0.604734,-0.586851,-0.635258,-0.346419,-0.739998,-0.492672,-0.750263,-0.615052,-0.792489	0.771301,0.747651,0.70184,0.708817,0.556001,0.517804,0.602265,0.682493,0.598877,0.536355,0.612633,0.502444,0.610569,0.623625,0.628211,0.705833,0.585421,0.603709,0.678498,0.799309
0.175318,0.171908,0.149447,0.207179,-0.175184,0.0874845,0.0825296,0.0110778,0.0990359,0.122165,0.119649,-0.141017,0.0594776,-0.0562694,0.325611,-0.0605013,0.109805,-0.342666,0.128208,0.0333747	-0.682198,-0.673235,-0.619387,-0.615916,-0.654765,-0.464983,-0.525097,-0.666836,-0.560383,-0.448131,-0.562081,-0.599792,-0.563743,-0.676142,-0.339132,-0.742659,-0.486585,-0.776366,-0.601102,-0.790313	0.765912,0.757477,0.703696,0.72995,0.541719,0.530872,0.582388,0.672943,0.624746,0.540695,0.638771,0.501163,0.603002,0.644389,0.598638,0.71425,0.566141,0.590899,0.677126,0.80252
0.709167,0.772533,0.690859,0.791601,0.735745,0.591742,0.773553,0.846985,0.766746,0.582627,0.662026,0.648096,0.616669,0.805659,0.815113,0.682616,0.690021,0.864185,0.665831,0.886976	0.694245,0.764931,0.691845,0.802738,0.742798,0.584038,0.786535,0.826482,0.767539,0.575779,0.664615,0.627519,0.651025,0.797275,0.803858,0.681234,0.65666,0.856033,0.652078,0.873714	0.0293919,0.0185846,-0.00188772,-0.0305509,-0.0155526,0.0117727,-0.0331536,0.0683476,-0.00192828,0.0103048,-0.00462298,0.0346826,-0.0574009,0.023442,0.0326459,0.00258382,0.0610005,0.0313245,0.0243061,0.058933
0.376274,0.346523,0.377651,0.356643,0.352077,0.404132,0.435179,0.507259,0.475402,0.429363,0.408479,0.403048,0.413013,0.455703,0.552234,0.35946,0.491536,0.626224,0.369945,0.806162	0.423798,0.39226,0.43023,0.416039,0.375211,0.427953,0.454695,0.46997,0.450955,0.424717,0.445859,0.386453,0.385031,0.397958,0.536367,0.348029,0.462067,0.641452,0.405235,0.824542	-0.0565401,-0.0529317,-0.0627793,-0.0697441,-0.0266557,-0.0288032,-0.0243304,0.0489612,0.0311174,0.00568257,-0.0457042,0.0196569,0.0332732,0.0705358,0.0225453,0.0130655,0.0381293,-0.0254513,-0.0415133,-0.0548198
0.574763,0.494901,0.533712,0.404698,0.463769,0.431765,0.48986,0.597061,0.584516,0.518757,0.493455,0.502721,0.506101,0.503931,0.600274,0.503932,0.539664,0.670108,0.483853,0.818737	0.586157,0.484942,0.545836,0.408714,0.48488,0.464937,0.503824,0.564654,0.579838,0.518671,0.508873,0.4794,0.498061,0.463871,0.593731,0.497214,0.527855,0.678621,0.503872,0.851268	-0.0171828,0.0131044,-0.0171079,-0.00481154,-0.0272361,-0.041504,-0.0185394,0.0488881,0.00707608,0.000118157,-0.0205876,0.0307264,0.0107494,0.0522818,0.0101655,0.00896451,0.016512,-0.015613,-0.0264726,-0.107353
-0.535577,-0.420019,-0.397166,-0.385035,-0.380869,-0.306989,-0.560534,-0.504859,-0.439945,-0.351992,-0.519205,-0.373505,-0.38915,-0.390077,-0.526912,-0.342634,-0.541156,-0.673703,-0.556647,-0.891009	-0.0454033,-0.0609754,0.0227803,-0.030828,-0.149708,-0.079265,-0.12913,-0.111931,-0.0795759,-0.081271,0.00150307,-0.101713,-0.106336,-0.118422,-0.0957003,-0.144146,-0.153277,-0.269836,-0.0788418,-0.223603	-0.50239,-0.368481,-0.416181,-0.358462,-0.245139,-0.233404,-0.465066,-0.416462,-0.373443,-0.278694,-0.520302,-0.282526,-0.295022,-0.284812,-0.454111,-0.2088,-0.422962,-0.493598,-0.499737,-0.833458
-0.533558,-0.413627,-0.389026,-0.386146,-0.381031,-0.330734,-0.580194,-0.496519,-0.427484,-0.408346,-0.50501,-0.350639,-0.409296,-0.364176,-0.548187,-0.332181,-0.544885,-0.662849,-0.564656,-0.906203	-0.0371143,-0.062359,0.0366384,-0.0559966,-0.141965,-0.102366,-0.129174,-0.0914345,-0.102848,-0.143951,-0.0304352,-0.0814272,-0.10258,-0.136614,-0.10215,-0.144458,-0.138459,-0.255933,-0.0840363,-0.266944	-0.506473,-0.360568,-0.419682,-0.337446,-0.252737,-0.236371,-0.48756,-0.42435,-0.339566,-0.280907,-0.481983,-0.277125,-0.320158,-0.239476,-0.472496,-0.197185,-0.43959,-0.490051,-0.504562,-0.843244
0.392934,0.341485,0.369566,0.3463,0.351552,0.421058,0.435423,0.504331,0.467048,0.385764,0.419522,0.384264,0.450924,0.442067,0.556709,0.343948,0.48863,0.616733,0.364217,0.794536	0.454829,0.394503,0.421007,0.394769,0.36748,0.452449,0.441473,0.488856,0.441987,0.387856,0.454575,0.387454,0.389339,0.392584,0.552437,0.333852,0.492797,0.640549,0.413027,0.826947	-0.075364,-0.0612724,-0.0609199,-0.056145,-0.018292,-0.0387794,-0.00748964,0.0205386,0.0315798,-0.00246037,-0.0433127,-0.00374753,0.0746987,0.0598747,0.00616998,0.0114054,-0.00548836,-0.0393682,-0.0574533,-0.0945037
0.585836,0.497032,0.527817,0.389692,0.476325,0.434435,0.509289,0.6063,0.597473,0.47025,0.488108,0.456801,0.516516,0.48383,0.612641,0.459606,0.563835,0.656249,0.447448,0.809879	0.61187,0.494538,0.538916,0.382496,0.490195,0.474952,0.510085,0.596054,0.592029,0.476954,0.501089,0.453495,0.474966,0.452099,0.617702,0.454258,0.585696,0.673204,0.481291,0.855834	-0.0405799,0.00330691,-0.0155119,0.0084558,-0.0180953,-0.0510507,-0.00107429,0.0160428,0.00842332,-0.00864226,-0.0171843,0.00417036,0.0550575,0.0406141,-0.00814227,0.00675832,-0.0326394,-0.0303735,-0.0431314,-0.14975
-0.530104,-0.424457,-0.403338,-0.389002,-0.390327,-0.31672,-0.561527,-0.512514,-0.437246,-0.367739,-0.524144,-0.391218,-0.360923,-0.416908,-0.535751,-0.363785,-0.520285,-0.679612,-0.559268,-0.895279	-0.0207075,-0.0621606,0.0143318,-0.0398956,-0.169886,-0.0868412,-0.145431,-0.107374,-0.0775485,-0.0967168,-0.00528206,-0.106239,-0.0924452,-0.147583,-0.0996449,-0.16919,-0.102634,-0.278985,-0.076671,-0.238666	-0.515051,-0.372114,-0.415269,-0.35461,-0.236097,-0.23638,-0.453098,-0.428734,-0.372322,-0.281017,-0.520302,-0.297337,-0.277745,-0.286982,-0.460701,-0.207357,-0.441211,-0.494358,-0.504217,-0.835038
-0.528224,-0.425305,-0.399233,-0.387609,-0.392136,-0.321309,-0.584805,-0.507192,-0.429138,-0.434497,-0.509827,-0.37192,-0.387163,-0.388043,-0.546607,-0.34374,-0.524929,-0.667271,-0.568372,-0.908168	-0.0164263,-0.0714276,0.0229051,-0.0616493,-0.163285,-0.0867814,-0.153996,-0.0917025,-0.106698,-0.173965,-0.0357608,-0.090913,-0.0958648,-0.159898,-0.0871381,-0.156407,-0.088121,-0.261831,-0.0835838,-0.272836	-0.516278,-0.364965,-0.418313,-0.33394,-0.244507,-0.241255,-0.473446,-0.435757,-0.337912,-0.281835,-0.48287,-0.290841,-0.302527,-0.243237,-0.482449,-0.197977,-0.457994,-0.49127,-0.508967,-0.84461
0.406031,0.358855,0.390611,0.34349,0.395384,0.409375,0.419241,0.48381,0.435465,0.431466,0.450369,0.348416,0.373997,0.434091,0.539483,0.373053,0.471906,0.614643,0.395275,0.78925	0.37007,0.304256,0.350222,0.288176,0.392958,0.418339,0.414034,0.4891,0.455057,0.435988,0.428427,0.34204,0.393513,0.451711,0.54882,0.377964,0.489401,0.608102,0.379974,0.804155	0.0423199,0.0612906,0.0467896,0.061391,0.00287322,-0.0108158,0.00630105,-0.00692935,-0.0244335,-0.00556998,0.0271879,0.00723794,-0.0228842,-0.0219175,-0.0132642,-0.0057173,-0.0227488,0.0104446,0.0180051,-0.0407977
-0.500377,-0.37184,-0.385982,-0.324475,-0.352375,-0.282432,-0.527803,-0.510431,-0.445465,-0.362382,-0.494436,-0.38112,-0.404978,-0.419536,-0.533721,-0.352343,-0.517532,-0.6616,-0.542582,-0.886221	-0.0189597,-0.0354853,-0.00661822,0.0116545,-0.13169,-0.0689697,-0.084647,-0.0869375,-0.0719706,-0.0960398,0.00840464,-0.0934861,-0.105204,-0.114776,-0.0982158,-0.147604,-0.0963116,-0.252658,-0.0750261,-0.19147	-0.486028,-0.340852,-0.380335,-0.334863,-0.231423,-0.217703,-0.46388,-0.443159,-0.385866,-0.275946,-0.50076,-0.29826,-0.313114,-0.320177,-0.459597,-0.215971,-0.443317,-0.491021,-0.487397,-0.836731
-0.498068,-0.369604,-0.379887,-0.318718,-0.366597,-0.296676,-0.547058,-0.516949,-0.428878,-0.430013,-0.477434,-0.369387,-0.423583,-0.384079,-0.550815,-0.327719,-0.517677,-0.654742,-0.545625,-0.897857	-0.0108704,-0.0456117,0.00412956,-0.00403094,-0.139176,-0.0808093,-0.0816105,-0.0885841,-0.0897521,-0.17447,-0.0192429,-0.0876598,-0.101793,-0.1174,-0.0978848,-0.131897,-0.0729859,-0.248844,-0.0711135,-0.212494	-0.48985,-0.329548,-0.383415,-0.315092,-0.239648,-0.221169,-0.487199,-0.448922,-0.352702,-0.27627,-0.46244,-0.291155,-0.33629,-0.279272,-0.478742,-0.204669,-0.462153,-0.484903,-0.493666,-0.846952
-0.53585,-0.400123,-0.418219,-0.366507,-0.383879,-0.299856,-0.545045,-0.528797,-0.460363,-0.350449,-0.501914,-0.377134,-0.385028,-0.418045,-0.530088,-0.374922,-0.516762,-0.658947,-0.550146,-0.892542	-0.0481478,-0.029131,-0.0250988,0.00266119,-0.171025,-0.0964082,-0.112199,-0.122725,-0.109063,-0.0808998,0.00746468,-0.0830345,-0.0940192,-0.129798,-0.0973843,-0.179078,-0.110746,-0.243122,-0.0811336,-0.251157	-0.500618,-0.375367,-0.39729,-0.368808,-0.22781,-0.209505,-0.46104,-0.434254,-0.369871,-0.277414,-0.507477,-0.303607,-0.301939,-0.304785,-0.456256,-0.209939,-0.430662,-0.49515,-0.490925,-0.826706
-0.533295,-0.391163,-0.411106,-0.36319,-0.396731,-0.317389,-0.562613,-0.532906,-0.446571,-0.41306,-0.487268,-0.360541,-0.410415,-0.387558,-0.547942,-0.358427,-0.51378,-0.64959,-0.551241,-0.904284	-0.0423538,-0.0263197,-0.0147531,-0.016533,-0.177623,-0.111809,-0.106492,-0.121987,-0.129145,-0.151515,-0.0247812,-0.0713536,-0.0992262,-0.139658,-0.0983201,-0.172201,-0.0836518,-0.235288,-0.0728983,-0.279301	-0.502287,-0.368638,-0.398771,-0.348751,-0.235718,-0.213144,-0.485191,-0.439489,-0.336853,-0.279007,-0.46814,-0.296824,-0.3244,-0.262085,-0.475223,-0.198477,-0.449445,-0.489049,-0.49837,-0.836174
0.741458,0.635212,0.728292,0.790406,0.730441,0.56803,0.724477,0.730769,0.767016,0.590447,0.744223,0.744518,0.804922,0.798672,0.723829,0.845192,0.841694,0.782572,0.806124,0.750221	0.750961,0.612389,0.736223,0.766873,0.746916,0.576161,0.797135,0.746556,0.694005,0.605274,0.677931,0.730614,0.854727,0.716767,0.782856,0.820742,0.87783,0.761519,0.825828,0.794206	-0.0214401,0.0373532,-0.0170988,0.0597491,-0.036254,-0.0120859,-0.171975,-0.0347389,0.156111,-0.0230732,0.133797,0.0304881,-0.159626,0.191573,-0.136212,0.0798207,-0.138381,0.0521046,-0.0589429,-0.108827
0.714049,0.777033,0.691186,0.795022,0.711353,0.605592,0.791789,0.855475,0.774077,0.583065,0.673125,0.639384,0.617961,0.793687,0.818419,0.664247,0.704814,0.866413,0.656281,0.888904	0.701707,0.767798,0.685889,0.80297,0.739798,0.586961,0.793437,0.832499,0.774864,0.574495,0.679631,0.642927,0.645446,0.786143,0.805216,0.662744,0.667958,0.858961,0.650372,0.875851	0.0247365,0.0228941,0.0100721,-0.0219778,-0.060043,0.0289046,-0.00443289,0.0798264,-0.00196709,0.0128861,-0.0119915,-0.00601657,-0.0457222,0.0200608,0.0387183,0.00268623,0.0696424,0.0291329,0.0103099,0.0589406
0.375018,0.353905,0.3707,0.359568,0.33836,0.414465,0.439929,0.518174,0.492184,0.431875,0.419979,0.403846,0.426541,0.452204,0.565588,0.348795,0.515253,0.620491,0.358943,0.809139	0.436355,0.407262,0.425487,0.411233,0.344465,0.437847,0.483955,0.495221,0.468816,0.424642,0.472437,0.404262,0.381338,0.365354,0.543659,0.309592,0.486464,0.627062,0.40044,0.82603	-0.0733386,-0.0623425,-0.065046,-0.0606296,-0.00691086,-0.0285661,-0.0559352,0.0308757,0.0303779,0.00885784,-0.0654435,-0.000498055,0.0539834,0.104038,0.0316658,0.0439488,0.0384197,-0.0107559,-0.0484625,-0.0509347
0.580337,0.506885,0.533933,0.420895,0.430523,0.43915,0.494417,0.607644,0.596298,0.523474,0.500579,0.492997,0.51171,0.494912,0.621372,0.498504,0.555153,0.667369,0.477507,0.821251	0.595632,0.496247,0.539148,0.399603,0.466338,0.476127,0.52945,0.584809,0.594526,0.517251,0.532934,0.499297,0.495101,0.433668,0.59289,0.465746,0.550505,0.666285,0.499707,0.851991	-0.0233747,0.0142131,-0.00732265,0.0255974,-0.0448119,-0.0467527,-0.0474557,0.0354235,0.00274576,0.00853387,-0.0441265,-0.008357,0.0222441,0.0779808,0.0450959,0.0426626,0.00669303,0.00195174,-0.0291568,-0.102364
-0.559745,-0.452852,-0.433815,-0.425003,-0.336202,-0.323904,-0.571188,-0.506352,-0.461014,-0.397158,-0.522344,-0.317571,-0.399393,-0.390797,-0.623824,-0.328703,-0.560215,-0.642645,-0.579539,-0.895879	-0.0255929,-0.0341135,0.0132496,-0.0359733,-0.186391,-0.0606162,-0.0719073,-0.067236,-0.0413313,-0.0921606,0.0730704,-0.0736894,-0.105159,-0.168443,-0.0845516,-0.191123,-0.0900903,-0.308043,-0.0849912,-0.236066	-0.541916,-0.425309,-0.44451,-0.39507,-0.159827,-0.268561,-0.520666,-0.454593,-0.427835,-0.316585,-0.573524,-0.249726,-0.307134,-0.238022,-0.569301,-0.146803,-0.495113,-0.417189,-0.520169,-0.83678
-0.552926,-0.450761,-0.431549,-0.445794,-0.321466,-0.368698,-0.59189,-0.49404,-0.450793,-0.466179,-0.51443,-0.293375,-0.424378,-0.350173,-0.635723,-0.321008,-0.557422,-0.61591,-0.591143,-0.912515	-0.0167323,-0.0358678,0.0282537,-0.0641792,-0.177476,-0.0865879,-0.0705176,-0.0459237,-0.0666584,-0.161952,0.0361038,-0.0539328,-0.101381,-0.18143,-0.0910551,-0.191702,-0.0721451,-0.28833,-0.090962,-0.285638	-0.541201,-0.421712,-0.454264,-0.392855,-0.152703,-0.291413,-0.544082,-0.458519,-0.396035,-0.329072,-0.540496,-0.243292,-0.337518,-0.180191,-0.578134,-0.137785,-0.50561,-0.398315,-0.528605,-0.847874
0.391214,0.348743,0.362214,0.348354,0.340245,0.428331,0.436349,0.513331,0.484007,0.388238,0.432448,0.391785,0.463108,0.437536,0.568546,0.332304,0.50814,0.612244,0.357445,0.797659	0.464278,0.411085,0.422176,0.392269,0.318962,0.470115,0.478166,0.515546,0.460004,0.389494,0.478862,0.388736,0.390795,0.358053,0.560359,0.294568,0.516915,0.626634,0.404996,0.828376	-0.0892799,-0.0727757,-0.0707859,-0.0508662,0.023874,-0.052319,-0.0528427,-0.00301249,0.0308775,-0.00148006,-0.0585359,0.00359695,0.0882924,0.0942489,0.012016,0.0418306,-0.0119012,-0.0233462,-0.0556008,-0.0905467
0.591558,0.508172,0.528287,0.40506,0.447329,0.439476,0.509133,0.614199,0.608726,0.474689,0.497232,0.454359,0.52226,0.474566,0.632091,0.450696,0.574174,0.654644,0.445099,0.812882	0.618969,0.506703,0.538802,0.375767,0.454557,0.494736,0.542156,0.61658,0.606169,0.477013,0.523441,0.457223,0.478552,0.420563,0.617358,0.41954,0.606846,0.661225,0.473382,0.856864	-0.0432457,0.00197898,-0.0146993,0.0345517,-0.00907339,-0.0706128,-0.0456138,-0.0038321,0.0040525,-0.00300349,-0.03543,-0.00361536,0.0582718,0.0674678,0.0241619,0.0384218,-0.0501441,-0.0116027,-0.0358329,-0.14493
-0.556237,-0.457884,-0.436263,-0.428517,-0.347454,-0.332143,-0.568567,-0.514175,-0.458202,-0.41428,-0.528608,-0.340859,-0.372381,-0.418598,-0.630931,-0.350928,-0.540081,-0.650379,-0.586418,-0.900618	-0.0030883,-0.0332882,0.0120946,-0.0416135,-0.222248,-0.0569883,-0.0729004,-0.0583121,-0.0393834,-0.10737,0.061119,-0.102571,-0.085399,-0.198418,-0.0857044,-0.215659,-0.0319456,-0.318556,-0.0948286,-0.253581	-0.554101,-0.431167,-0.446005,-0.393928,-0.135683,-0.280463,-0.517099,-0.469953,-0.426515,-0.321197,-0.57127,-0.246921,-0.296408,-0.240124,-0.576394,-0.146345,-0.517057,-0.418536,-0.520536,-0.838542
-0.549405,-0.462319,-0.437054,-0.44707,-0.333508,-0.357123,-0.593621,-0.505056,-0.451393,-0.494358,-0.5215,-0.320155,-0.405034,-0.375982,-0.633218,-0.332791,-0.537886,-0.621351,-0.600017,-0.915353	0.00125643,-0.0431358,0.0212056,-0.0664446,-0.213838,-0.0582047,-0.0806395,-0.0419137,-0.0705377,-0.194136,0.0261732,-0.0872246,-0.089173,-0.206008,-0.0696175,-0.203483,-0.0146696,-0.29487,-0.103159,-0.295133	-0.550282,-0.427713,-0.454052,-0.392278,-0.12886,-0.305264,-0.538772,-0.473158,-0.393381,-0.332095,-0.540299,-0.239622,-0.327696,-0.184245,-0.589591,-0.1387,-0.527378,-0.399716,-0.529641,-0.849793
0.415498,0.375828,0.392386,0.35924,0.354839,0.418476,0.43234,0.501962,0.452071,0.436028,0.468045,0.344516,0.377485,0.416531,0.56027,0.355651,0.48858,0.603281,0.390693,0.791522	0.369642,0.31284,0.34288,0.286648,0.383735,0.431636,0.424268,0.502138,0.473493,0.437076,0.447785,0.350321,0.405509,0.441803,0.553699,0.363432,0.51236,0.595611,0.371111,0.806102	0.0541762,0.0713807,0.0572021,0.0809255,-0.0334514,-0.016061,0.0098853,-0.000234806,-0.027257,-0.00129557,0.0256324,-0.00660134,-0.0330885,-0.0309716,0.00952681,-0.00893537,-0.0317198,0.0119719,0.0229027,-0.0402823
-0.531758,-0.40765,-0.422302,-0.364905,-0.306943,-0.301221,-0.546806,-0.513841,-0.465062,-0.406389,-0.507489,-0.329841,-0.413183,-0.41818,-0.627494,-0.336238,-0.536991,-0.629777,-0.571192,-0.88996	-0.0174233,-0.0178474,-0.0201734,0.0175625,-0.154746,-0.0503204,-0.0615796,-0.0598259,-0.0344031,-0.104767,0.0569408,-0.0838291,-0.086434,-0.139093,-0.0784399,-0.169772,-0.030727,-0.283904,-0.0919739,-0.196818	-0.519144,-0.39266,-0.405584,-0.380032,-0.159786,-0.254762,-0.502135,-0.468415,-0.437662,-0.315035,-0.548577,-0.253007,-0.338851,-0.296323,-0.577478,-0.176544,-0.514757,-0.421178,-0.505789,-0.840335
-0.52494,-0.409745,-0.421368,-0.378744,-0.305361,-0.336574,-0.566969,-0.517344,-0.450955,-0.486557,-0.498665,-0.316548,-0.438009,-0.371227,-0.634214,-0.31369,-0.531167,-0.608116,-0.578618,-0.902909	-0.00885622,-0.0289413,-0.0088807,0.000982301,-0.160292,-0.0641661,-0.0579111,-0.0612396,-0.0540623,-0.191776,0.0253897,-0.0776892,-0.0831666,-0.139921,-0.0763264,-0.154159,-0.00448759,-0.274505,-0.0886932,-0.221343	-0.518494,-0.385374,-0.414037,-0.379586,-0.152536,-0.278421,-0.526339,-0.471028,-0.406811,-0.325117,-0.517503,-0.244882,-0.368258,-0.243979,-0.586268,-0.167638,-0.527938,-0.40046,-0.516428,-0.8518
-0.56299,-0.432465,-0.45174,-0.400624,-0.341619,-0.319477,-0.561929,-0.530956,-0.481571,-0.394292,-0.515038,-0.326813,-0.39662,-0.417018,-0.619048,-0.359104,-0.538112,-0.625279,-0.575222,-0.896808	-0.0338235,0.000174654,-0.0284359,0.0302775,-0.218975,-0.0831932,-0.0859969,-0.0896484,-0.0758929,-0.0849127,0.0534476,-0.0862806,-0.0848987,-0.160419,-0.0534289,-0.202841,-0.0557052,-0.272567,-0.0911651,-0.258276	-0.539439,-0.432607,-0.428813,-0.425737,-0.132561,-0.242736,-0.500099,-0.463363,-0.421067,-0.320096,-0.553256,-0.247511,-0.322584,-0.274995,-0.584967,-0.168539,-0.497314,-0.425175,-0.510846,-0.831014
-0.555289,-0.42781,-0.449692,-0.416099,-0.339819,-0.358224,-0.580133,-0.531896,-0.469472,-0.470145,-0.507782,-0.308251,-0.428508,-0.373974,-0.627015,-0.344926,-0.529143,-0.60057,-0.580674,-0.910315	-0.0275093,0.00324208,-0.017669,0.00957047,-0.223718,-0.101609,-0.0793838,-0.08861,-0.097507,-0.163471,0.0171136,-0.0742773,-0.0906421,-0.167201,-0.0526938,-0.196122,-0.0257468,-0.259304,-0.0833419,-0.292214	-0.535967,-0.430455,-0.435484,-0.423982,-0.125654,-0.266308,-0.524924,-0.465212,-0.38981,-0.332206,-0.520373,-0.239456,-0.351519,-0.220565,-0.593945,-0.159601,-0.510349,-0.404214,-0.522624,-0.842106
0.731098,0.614603,0.707843,0.759511,0.766739,0.548243,0.707593,0.731019,0.749967,0.558389,0.719276,0.757038,0.792875,0.803609,0.685047,0.84433,0.839354,0.840058,0.787463,0.749127	0.730755,0.596493,0.728473,0.770912,0.753073,0.593324,0.783957,0.73499,0.682661,0.594177,0.678134,0.745326,0.858596,0.703234,0.721428,0.826319,0.862213,0.776615,0.821132,0.798077	0.000735964,0.0285921,-0.0425946,-0.0275064,0.0323396,-0.0668159,-0.171498,-0.00858238,0.137914,-0.0535585,0.0803188,0.026877,-0.205867,0.230813,-0.0719284,0.059578,-0.0827329,0.182517,-0.0952747,-0.121724
0.0514854,-0.0112511,-0.0192855,-0.049812,0.00370841,0.040109,-0.000626772,-0.00733128,-0.0193603,-0.0846108,0.0195355,-0.0401697,0.0675418,-0.0478892,0.038703,-0.0375281,0.0206972,-0.0257399,-0.00337223,-0.0248905	-0.420368,-0.611147,-0.457551,-0.66476,-0.565614,-0.235964,-0.580317,-0.658836,-0.555221,-0.305695,-0.353056,-0.402894,-0.332959,-0.647911,-0.545309,-0.497792,-0.334171,-0.60195,-0.413395,-0.451258	0.461858,0.604049,0.442168,0.636009,0.56813,0.273484,0.579902,0.654667,0.541684,0.226954,0.370039,0.368691,0.391693,0.619235,0.571941,0.469026,0.352431,0.585279,0.410595,0.431211
0.041116,0.00803081,-0.0132944,-0.0711525,0.038768,0.014968,0.0614251,0.0528638,0.0549425,-0.0926394,-0.0218619,-0.106306,0.00770431,-0.0736462,0.0734673,-0.114145,0.079291,-0.0538976,-0.0787682,0.00180847	-0.204681,-0.527073,-0.318496,-0.670339,-0.454537,-0.212975,-0.496573,-0.570213,-0.388626,-0.190179,-0.296979,-0.341792,-0.238874,-0.618427,-0.471034,-0.417892,-0.207439,-0.561486,-0.351851,-0.309982	0.243745,0.532848,0.306499,0.629197,0.484762,0.227219,0.541482,0.604845,0.434296,0.099289,0.276915,0.244365,0.246125,0.570777,0.526289,0.318961,0.282091,0.523429,0.280867,0.311616
0.00844755,-0.0212099,-0.0114731,0.0107583,-0.0309601,-0.0240828,0.00137814,-0.0563673,0.00523554,-0.0310068,-0.00421526,-0.0399967,0.0791471,-0.0967949,-0.0389327,-0.0503184,0.00733042,-0.0560705,-0.0227505,-0.0722156	-0.702076,-0.783373,-0.683563,-0.806368,-0.781143,-0.625817,-0.798817,-0.854309,-0.77478,-0.613689,-0.666409,-0.684076,-0.63763,-0.837184,-0.825827,-0.739726,-0.690615,-0.883245,-0.684766,-0.89082	0.706334,0.775041,0.677402,0.810098,0.768776,0.610942,0.799316,0.838311,0.776864,0.593985,0.664059,0.662197,0.682341,0.805678,0.813035,0.716061,0.69443,0.870273,0.672492,0.874887
0.00214631,-0.0369668,-0.0198131,0.0197094,-0.0317463,0.00992062,-0.0134599,-0.0672802,-0.00670694,-0.0494011,-0.00218174,-0.0489758,0.0662754,-0.0836904,0.0024648,-0.0236856,0.00625902,-0.0482303,-0.0249225,-0.0670436	-0.701921,-0.790077,-0.680487,-0.808532,-0.782747,-0.616439,-0.800546,-0.853449,-0.782896,-0.639965,-0.673549,-0.681274,-0.637964,-0.839301,-0.819876,-0.732991,-0.686863,-0.881336,-0.687046,-0.897226	0.703008,0.775768,0.669704,0.81525,0.770139,0.622552,0.79566,0.83406,0.780286,0.609844,0.672356,0.654124,0.675671,0.812695,0.820682,0.721838,0.690155,0.87009,0.673659,0.883317
-0.27526,-0.215637,-0.240047,-0.112104,-0.103451,-0.0354888,-0.128894,-0.180949,-0.23799,-0.129899,-0.0853621,-0.236666,-0.184705,-0.0921381,-0.110709,-0.178355,-0.100943,-0.174572,-0.144556,-0.193251	-0.0101388,-0.0649296,-0.053268,-0.108289,0.0613783,0.017295,-0.0352211,-0.0298223,-0.0323611,0.0174394,0.0290978,-0.101291,-0.019047,0.0107562,-0.00184996,0.0332416,0.00728074,-0.0606917,0.0123179,-0.016263	-0.265864,-0.152848,-0.189198,-0.00386261,-0.163789,-0.0527513,-0.0941001,-0.151947,-0.207225,-0.147005,-0.114176,-0.138699,-0.166243,-0.102792,-0.108882,-0.21035,-0.108145,-0.1151,-0.156595,-0.177546
0.0781353,0.075134,0.0326565,0.115183,0.0449473,0.0404576,0.0652915,-0.0222982,-0.0228152,-0.0241042,0.0521737,-0.00869649,-0.0300641,-0.06365,-0.0262499,-0.0167052,0.0179671,0.0468162,0.0464691,0.0858587	-0.374259,-0.355195,-0.379993,-0.346415,-0.413262,-0.436938,-0.460742,-0.525092,-0.494224,-0.476151,-0.404844,-0.451652,-0.459066,-0.498143,-0.585875,-0.435287,-0.501838,-0.674396,-0.402724,-0.807973	0.439541,0.419143,0.407592,0.443886,0.449854,0.469103,0.510671,0.508751,0.476785,0.457295,0.447564,0.444702,0.435006,0.448721,0.568366,0.421648,0.51516,0.699138,0.440941,0.835848
0.0774827,0.0661291,0.0292269,0.126069,0.0307019,0.0528432,0.0666822,-0.0432279,-0.017244,-0.0421673,0.0558648,-0.0251659,-0.031199,-0.0455458,-0.018625,-0.000272504,0.0254858,0.0336963,0.0542168,0.104204	-0.369778,-0.360942,-0.373821,-0.350207,-0.419781,-0.439936,-0.458376,-0.528884,-0.50249,-0.509415,-0.413992,-0.454015,-0.45562,-0.501703,-0.584002,-0.426994,-0.491436,-0.675716,-0.400599,-0.812602	0.434803,0.417115,0.398692,0.456137,0.444751,0.481584,0.509485,0.497019,0.489487,0.477505,0.459236,0.433806,0.430542,0.466825,0.571594,0.426771,0.510528,0.69362,0.445148,0.845234
0.0146041,0.0212807,-0.0393723,0.0407704,-0.000853668,0.0202311,0.0349659,-0.0580244,-0.0449693,-0.00036968,0.0269125,-0.00572706,0.00585877,-0.0659888,-0.0125989,-0.0545026,0.0266036,0.0504733,0.0246924,0.0789974	-0.585156,-0.496437,-0.54979,-0.400856,-0.537191,-0.48213,-0.525975,-0.625263,-0.61913,-0.549414,-0.492845,-0.53836,-0.539265,-0.55286,-0.628804,-0.581957,-0.553291,-0.708298,-0.511592,-0.831269	0.594678,0.512305,0.521711,0.434525,0.536583,0.497508,0.550811,0.588593,0.590604,0.549156,0.512954,0.53428,0.543407,0.505306,0.621126,0.544733,0.571483,0.732582,0.529594,0.854174
0.011244,0.0258744,-0.0436126,0.0489747,-0.0159787,0.0294657,0.0398539,-0.0797085,-0.0427777,-0.0102973,0.0258162,-0.0168983,-0.00668434,-0.0567395,-0.00588271,-0.0462567,0.0391444,0.0407962,0.0374079,0.0956603	-0.583118,-0.493623,-0.545843,-0.406688,-0.542561,-0.485812,-0.521805,-0.628933,-0.628837,-0.573822,-0.503509,-0.536167,-0.540864,-0.559086,-0.627788,-0.578497,-0.542882,-0.708155,-0.506886,-0.836355	0.59049,0.512946,0.514478,0.446765,0.531187,0.508005,0.550217,0.578211,0.60226,0.566874,0.522533,0.524017,0.536118,0.518805,0.62421,0.546875,0.569915,0.727922,0.534166,0.862973
0.880744,0.783232,0.835279,0.873373,0.822257,0.719451,0.89408,0.868632,0.857532,0.765042,0.863556,0.837734,0.89743,0.859962,0.895943,0.884868,0.919627,0.898236,0.915712,0.956313	0.886649,0.782041,0.847269,0.851054,0.829239,0.697689,0.896774,0.884861,0.835089,0.711279,0.840971,0.855619,0.90284,0.840295,0.892869,0.884292,0.932313,0.905396,0.912517,0.952051	-0.0269516,0.00307296,-0.0410207,0.0869412,-0.0219482,0.0436951,-0.0135913,-0.0701395,0.0790551,0.117941,0.0824955,-0.0631492,-0.0285066,0.070904,0.0153685,0.00264585,-0.0889492,-0.038341,0.0194364,0.0475995
-0.307402,-0.218842,-0.229609,-0.0813148,-0.122283,-0.0486469,-0.15997,-0.206432,-0.261462,-0.0522617,-0.0718104,-0.163958,-0.197783,-0.0580322,-0.150684,-0.110095,-0.160427,-0.147475,-0.09388,-0.191022	-0.0514614,-0.0594183,-0.0387542,-0.0860008,0.0595159,-0.0155481,-0.0358574,-0.0274865,-0.0204649,0.0884797,0.0142875,-0.0672461,-0.0731407,0.0338297,-0.0245028,0.0572303,-0.00939788,-0.0458694,0.0143239,0.00239643	-0.260054,-0.161524,-0.192568,0.00471906,-0.180485,-0.0331238,-0.124829,-0.179967,-0.242294,-0.140094,-0.0860097,-0.0977904,-0.126472,-0.0916819,-0.126649,-0.166278,-0.151257,-0.102297,-0.108059,-0.19333
0.0749132,0.084839,0.0393749,0.110582,0.0600595,0.0596579,0.0638906,0.00139362,-0.0251009,0.0011433,0.0557858,0.0183384,-0.0869732,-0.0214934,-0.00613774,0.0123155,0.0129681,0.0727532,0.0616195,0.134196	-0.394641,-0.351247,-0.370678,-0.336067,-0.408793,-0.447858,-0.458219,-0.523157,-0.48632,-0.432712,-0.413817,-0.432254,-0.497504,-0.47829,-0.589709,-0.417944,-0.512144,-0.663765,-0.397773,-0.794678	0.456071,0.423467,0.404154,0.430644,0.457617,0.494309,0.507259,0.524169,0.466919,0.433641,0.459007,0.447048,0.429098,0.461541,0.585691,0.428056,0.521648,0.702589,0.448402,0.839362
0.0780115,0.0826941,0.0411453,0.117782,0.0461661,0.0452035,0.0727772,-0.0151566,-0.0134079,-0.00207866,0.0577603,0.00833261,-0.079074,-0.00889076,-0.0201556,0.0133792,0.0213936,0.0561674,0.0708589,0.146403	-0.389606,-0.355955,-0.363513,-0.340715,-0.415074,-0.455391,-0.45434,-0.525625,-0.492273,-0.465308,-0.421634,-0.432175,-0.49159,-0.483273,-0.592734,-0.412581,-0.50178,-0.666151,-0.395568,-0.799785	0.453824,0.426106,0.398695,0.440808,0.452568,0.490497,0.510246,0.514568,0.482047,0.463677,0.467997,0.438927,0.4292,0.476429,0.579501,0.423622,0.517617,0.696267,0.453709,0.847011
0.00839133,0.0328923,-0.0303915,0.0358234,0.0172984,0.0397779,0.0347718,-0.0319156,-0.0489195,0.0265712,0.0298729,0.0239305,-0.0560967,-0.0205888,0.00981513,-0.0190961,0.0226973,0.0773584,0.0404556,0.133158	-0.600118,-0.499248,-0.541553,-0.384932,-0.544373,-0.481512,-0.540911,-0.63512,-0.630928,-0.500757,-0.48451,-0.493777,-0.552536,-0.526719,-0.640488,-0.541248,-0.590508,-0.693733,-0.47873,-0.820764	0.60546,0.523543,0.519715,0.415032,0.556431,0.511493,0.565055,0.615685,0.600544,0.520404,0.507044,0.511661,0.512319,0.511679,0.646241,0.527605,0.605096,0.731818,0.509321,0.859939
0.00990402,0.0457202,-0.0281857,0.0402537,0.00216354,0.0211918,0.0478158,-0.0488268,-0.0387359,0.0329496,0.0269567,0.0198895,-0.0583628,-0.0174941,-0.00752115,-0.0290428,0.0370687,0.0639966,0.0544183,0.143753	-0.598441,-0.495739,-0.534818,-0.39222,-0.550603,-0.491035,-0.53508,-0.637435,-0.637125,-0.524707,-0.492869,-0.48928,-0.551267,-0.534696,-0.644671,-0.542232,-0.579969,-0.694517,-0.474128,-0.826382	0.60476,0.529458,0.514386,0.425752,0.552109,0.506951,0.568354,0.607516,0.613531,0.548179,0.51301,0.504262,0.50929,0.522085,0.640254,0.5214,0.604051,0.726235,0.515252,0.867125
0.88168,0.788697,0.837224,0.873712,0.8257,0.702443,0.898377,0.872456,0.861494,0.776185,0.864858,0.845826,0.898698,0.86057,0.886059,0.881594,0.918236,0.898525,0.916836,0.956847	0.884618,0.781229,0.844479,0.854186,0.832501,0.703051,0.89498,0.884646,0.833922,0.711767,0.843279,0.858337,0.897744,0.845943,0.896876,0.893964,0.930383,0.907496,0.912533,0.954406	-0.0133513,0.0194571,-0.0247638,0.0769682,-0.0217569,-0.00120285,0.0173342,-0.0534181,0.0979193,0.14394,0.0797219,-0.0456623,0.00493958,0.053777,-0.0526839,-0.0583792,-0.0833769,-0.0485995,0.0263412,0.0281287
-0.0662535,-0.0548411,-0.0634565,-0.0700472,-0.0462046,-0.0207924,-0.0306014,-0.0280478,-0.0141034,0.0239362,-0.0281637,0.0034255,0.0340459,0.00215707,0.0146585,-0.0295933,0.00669749,0.000315159,-0.0241602,-0.011835	-0.425979,-0.370515,-0.400457,-0.343629,-0.47648,-0.459994,-0.467793,-0.526828,-0.480732,-0.465487,-0.449432,-0.394114,-0.416642,-0.489024,-0.571747,-0.468004,-0.504252,-0.663008,-0.431481,-0.807296	0.370173,0.322221,0.345788,0.28033,0.439961,0.443443,0.443541,0.506261,0.469814,0.484031,0.426669,0.397003,0.444384,0.490664,0.581532,0.444567,0.50923,0.663185,0.411612,0.803134
-0.0681897,-0.0422183,-0.0634563,-0.0732173,-0.0451509,-0.0241804,-0.0274182,-0.0259021,-0.017432,0.033285,-0.0327776,0.00948677,0.0243728,-0.00781598,0.0131446,-0.039419,0.0106405,0.00425876,-0.020351,-0.0147044	-0.422967,-0.365653,-0.393874,-0.353291,-0.478622,-0.466668,-0.463771,-0.525762,-0.49123,-0.490055,-0.459922,-0.387384,-0.417638,-0.501866,-0.571512,-0.468312,-0.493844,-0.660761,-0.427836,-0.812814	0.365314,0.328506,0.338888,0.287511,0.443045,0.447537,0.441972,0.506761,0.47789,0.51494,0.433683,0.395418,0.437557,0.495996,0.580298,0.436959,0.501847,0.663154,0.411065,0.807764
0.87356,0.768935,0.83172,0.860781,0.824932,0.693957,0.886351,0.878454,0.860667,0.776447,0.862972,0.844521,0.902423,0.855807,0.888627,0.879451,0.912232,0.89937,0.913609,0.955411	0.879642,0.75919,0.841113,0.846701,0.819435,0.682478,0.8904,0.877749,0.842989,0.709523,0.842422,0.848872,0.906774,0.850757,0.890514,0.892752,0.930644,0.899957,0.916709,0.954575	-0.0262633,0.0234126,-0.0312651,0.0519197,0.0169638,0.0218074,-0.0192063,0.00308094,0.0644091,0.149021,0.0752739,-0.0153699,-0.0239474,0.0185714,-0.00904369,-0.0619072,-0.121904,-0.00307599,-0.0190758,0.00949989
0.882462,0.773811,0.838147,0.869526,0.832583,0.701286,0.888424,0.879241,0.862991,0.770773,0.864111,0.844899,0.904158,0.856508,0.890108,0.88627,0.90968,0.897077,0.912625,0.954589	0.88635,0.776382,0.846611,0.85314,0.828198,0.68703,0.895072,0.880175,0.842859,0.709889,0.840359,0.85458,0.901249,0.84444,0.891039,0.891431,0.931115,0.899803,0.918889,0.95308	-0.0178486,-0.00643973,-0.0291423,0.0634689,0.0141261,0.0275117,-0.0324607,-0.0041304,0.073848,0.134451,0.0867351,-0.03483,0.0157177,0.0436064,-0.00450255,-0.0245813,-0.140113,-0.0141352,-0.0388106,0.0167223
