0.154895,0.0498848,0.0366013,0.0841506,-0.0353724,0.00623765,-0.122929,0.0374251,0.101277,0.271671,0.042936,0.153088,-0.108271,0.169797,0.126827,0.232258,0.118487,0.270136,0.207006,0.176893	-0.0625932,-0.553051,-0.526057,-0.489168,-0.615131,-0.445122,-0.548262,-0.342642,-0.62003,-0.42273,-0.287194,-0.358286,-0.552981,-0.420756,-0.408397,-0.379685,-0.540185,-0.543651,-0.436473,-0.20469	0.2154,0.586748,0.55203,0.550651,0.592654,0.45011,0.456071,0.375255,0.678689,0.622869,0.326109,0.484784,0.473032,0.551176,0.508867,0.562352,0.61905,0.709579,0.590156,0.368249
0.179357,0.0204153,0.0237357,0.0886174,-0.0668379,0.00460843,-0.134326,0.0309523,0.0883479,0.279798,0.0339628,0.125609,-0.233678,0.228171,0.226065,0.291341,0.142226,0.241715,0.409676,0.391231	-0.033921,-0.534377,-0.582415,-0.466676,-0.639974,-0.440719,-0.569973,-0.36534,-0.674773,-0.432926,-0.213258,-0.39511,-0.652016,-0.327313,-0.397045,-0.381345,-0.538199,-0.574038,-0.204861,0.345735	0.211988,0.548805,0.597886,0.533241,0.598747,0.444425,0.471766,0.391861,0.720187,0.635719,0.245443,0.496098,0.493534,0.516881,0.571788,0.605422,0.632044,0.716356,0.566955,0.0526132
-0.148295,0.107145,0.153047,-0.0228381,-0.00981077,0.0181633,0.050958,0.0349016,0.0457452,0.0693487,-0.17506,-0.232166,-0.125181,-0.0743388,-0.327418,-0.437088,-0.133429,-0.118094,-0.247092,-0.190599	-0.684644,-0.616306,-0.369158,-0.667002,-0.556393,-0.669327,-0.329174,-0.342995,-0.74681,-0.568858,-0.529312,-0.775746,-0.580643,-0.5688,-0.784521,-0.810993,-0.576211,-0.776018,-0.714043,-0.703492	0.596958,0.678637,0.494279,0.654129,0.549582,0.679233,0.373861,0.373426,0.766374,0.613986,0.39043,0.662985,0.491162,0.516292,0.615101,0.579227,0.479659,0.724301,0.566987,0.592314
-0.130554,0.103678,0.114456,0.0841158,-0.00903144,-0.0381083,0.0353008,0.0432355,0.0501437,0.0578434,-0.184023,-0.235545,-0.121157,-0.0848558,-0.315521,-0.418722,-0.148055,-0.111076,-0.251957,-0.185124	-0.701218,-0.608534,-0.28596,-0.595258,-0.46608,-0.655373,-0.308964,-0.353957,-0.75006,-0.590061,-0.521513,-0.779781,-0.585558,-0.555534,-0.772593,-0.801594,-0.567473,-0.778869,-0.72087,-0.703057	0.628171,0.669944,0.387727,0.646979,0.458981,0.633076,0.340551,0.391205,0.771198,0.626521,0.373318,0.666689,0.499864,0.493963,0.604409,0.576307,0.457888,0.731038,0.572983,0.595429
-0.137557,0.0837386,0.0849529,0.0294714,-0.0437499,-0.074167,-0.0294185,0.00610499,0.0554489,0.096028,-0.199244,-0.249003,-0.140554,-0.194992,-0.250952,-0.308041,-0.149261,-0.0719911,-0.155869,-0.195296	-0.676917,-0.613057,-0.510792,-0.674815,-0.536761,-0.665064,-0.390976,-0.488179,-0.684769,-0.557471,-0.617994,-0.766355,-0.569807,-0.614038,-0.723512,-0.728482,-0.59433,-0.79226,-0.6859,-0.751007	0.594739,0.662771,0.570968,0.690552,0.504867,0.621556,0.365764,0.492815,0.71314,0.620293,0.477552,0.639356,0.466625,0.476044,0.577396,0.542086,0.488394,0.763834,0.59348,0.651225
-0.213958,0.106404,0.119213,0.0430914,-0.0149902,-0.0241485,-0.0223576,0.0190236,0.0636291,0.0428222,-0.136093,-0.231211,-0.138761,-0.156954,-0.253016,-0.377711,-0.146905,-0.0210308,-0.174467,-0.195251	-0.739492,-0.622501,-0.355601,-0.630803,-0.5781,-0.643096,-0.43109,-0.425322,-0.673074,-0.632456,-0.536179,-0.746817,-0.589148,-0.586921,-0.747816,-0.766308,-0.587832,-0.740467,-0.683319,-0.747183	0.624313,0.683624,0.455504,0.656062,0.568032,0.628711,0.41271,0.440779,0.706448,0.657472,0.431578,0.623219,0.490485,0.473594,0.610269,0.546892,0.482602,0.730817,0.577727,0.646206
0.0565744,0.236821,0.0187345,0.183611,-0.0237383,-0.0823209,-0.0622617,0.0457569,0.168873,0.204183,-0.00713489,0.243186,-0.15041,0.0120903,0.0665511,-0.0183449,0.141402,0.444658,0.332127,0.352596	-0.321636,-0.399507,-0.541203,-0.120123,-0.546214,-0.533187,-0.465665,-0.522706,-0.671569,-0.331841,-0.367795,-0.068958,-0.368648,-0.575089,-0.372416,-0.474519,0.00163053,0.584078,0.480224,0.0568066	0.371451,0.581328,0.554317,0.297179,0.529339,0.471564,0.415448,0.555184,0.754836,0.50201,0.361609,0.306996,0.231049,0.583124,0.42835,0.46018,0.139803,-0.188333,-0.1762,0.301835
0.100183,0.252257,0.0312754,0.169591,-0.0255205,-0.0359629,-0.0677054,0.0418298,0.170829,0.205183,-0.0403145,0.220652,-0.131962,0.0274205,0.0834334,-0.0235725,0.227594,0.418849,0.32217,0.372647	-0.242947,-0.342298,-0.543853,-0.2212,-0.436647,-0.542324,-0.49016,-0.527244,-0.691992,-0.335361,-0.409585,-0.0908447,-0.353435,-0.587999,-0.350949,-0.463725,0.47885,0.399608,0.522424,0.0717959	0.334977,0.547298,0.56551,0.376661,0.415759,0.516434,0.436956,0.556794,0.771608,0.505744,0.37547,0.305376,0.232307,0.605654,0.422025,0.445017,-0.281988,0.0231093,-0.24078,0.309122
0.891541,0.733,0.8591,0.810326,0.809844,0.895419,0.779785,0.767581,0.746071,0.890777,0.57304,0.80893,0.707001,0.708719,0.703251,0.74357,0.927089,0.932959,0.221019,0.0688904	0.898631,0.8348,0.712137,0.857579,0.756832,0.916594,0.741251,0.765593,0.600918,0.85814,0.720335,0.785758,0.582215,0.832618,0.614426,0.678559,0.890317,0.867358,0.540097,0.519154	-0.0356611,-0.262308,0.378572,-0.154885,0.136951,-0.11812,0.0913169,0.0048215,0.263116,0.138535,-0.250835,0.0635951,0.212086,-0.302262,0.156409,0.131218,0.21061,0.34384,-0.36233,-0.466964
0.367709,-0.261695,-0.065661,-0.0352139,-0.106308,-0.0663798,-0.112711,-0.22039,-0.072678,-0.130967,-0.0355302,-0.193458,0.239961,-0.395108,-0.0516496,-0.370742,-0.22119,-0.0617445,-0.26899,0.0606569	-0.267822,-0.363678,0.117432,-0.272458,-0.0213416,-0.409568,0.0737101,-0.102975,-0.34089,-0.221804,-0.228438,-0.54902,0.195983,-0.43217,-0.374546,-0.585136,-0.174716,-0.350571,-0.460216,-0.424787	0.578555,0.11271,-0.181692,0.239543,-0.08516,0.352779,-0.184885,-0.120142,0.275026,0.093554,0.194486,0.397815,0.0461477,0.0446931,0.329267,0.273789,-0.0483417,0.295217,0.218243,0.47325
0.36394,-0.291529,-0.11995,-0.262122,-0.197554,0.024952,-0.105397,-0.255944,-0.0648175,-0.182628,-0.0145613,-0.184676,0.245251,-0.46572,-0.0378071,-0.358631,-0.236109,-0.0189767,-0.277374,0.0582175	-0.312215,-0.378414,0.132894,-0.420153,0.0631457,-0.291301,0.15301,-0.154017,-0.352539,-0.292467,-0.185593,-0.551103,0.179634,-0.480815,-0.359404,-0.570399,-0.165586,-0.327665,-0.476662,-0.429663	0.607164,0.0976596,-0.248877,0.177589,-0.257488,0.31397,-0.254306,-0.106109,0.29445,0.116036,0.171495,0.407947,0.0686405,0.0194507,0.326027,0.266228,-0.0733925,0.310619,0.229651,0.475975
0.365933,-0.204144,-0.161133,-0.0884384,-0.160008,-0.0511227,-0.050019,-0.10574,-0.169879,-0.113384,0.0152972,-0.132264,0.243881,-0.486915,-0.0411186,-0.34132,-0.231822,0.060497,-0.174557,0.0273553	-0.276598,-0.320245,-0.162122,-0.363249,0.0163923,-0.381752,0.120431,-0.169586,-0.287942,-0.202513,-0.31401,-0.481304,0.228149,-0.519706,-0.287415,-0.50373,-0.197827,-0.316748,-0.382347,-0.533043	0.583474,0.124222,0.00101542,0.283932,-0.175939,0.337211,-0.16943,0.0650121,0.124136,0.091224,0.327733,0.37277,0.0166591,0.0439011,0.249242,0.196131,-0.0356292,0.370152,0.22265,0.552345
0.323312,-0.296975,-0.097114,-0.251769,-0.139305,-0.0487712,-0.0721205,-0.131272,-0.122895,-0.168266,0.0923634,-0.0896705,0.271735,-0.485291,-0.0135672,-0.323874,-0.186223,0.0911231,-0.169189,0.024609	-0.373421,-0.420327,0.0814135,-0.428909,-0.0580229,-0.378641,0.0289165,-0.107449,-0.231139,-0.316669,-0.155552,-0.410335,0.217018,-0.501007,-0.318578,-0.507834,-0.11686,-0.164385,-0.363599,-0.52718	0.621677,0.140946,-0.177127,0.198584,-0.0819445,0.336076,-0.100827,-0.0241636,0.111409,0.156756,0.244404,0.332914,0.0581465,0.0207652,0.306335,0.220173,-0.0709057,0.251738,0.207154,0.544722
0.481421,-0.0290876,0.143681,-0.216074,-0.0485192,0.180908,0.160163,0.601028,0.371551,0.106272,0.0898727,-0.307065,-0.0491111,0.082457,0.100593,-0.278435,-0.191079,-0.598252,-0.528068,-0.264431	0.249632,0.0383201,0.117314,0.234107,0.0620334,0.10839,0.235322,0.300052,0.134307,0.305191,-0.00334194,-0.0359935,0.350619,-0.058504,0.168,-0.263543,0.519279,0.274748,0.130891,-0.147761	0.26345,-0.0673327,0.026819,-0.428505,-0.110221,0.0739689,-0.0781035,0.367195,0.249705,-0.205587,0.0931866,-0.274101,-0.392964,0.140284,-0.0685661,-0.0160708,-0.646237,-0.749763,-0.616357,-0.121415
0.475984,-0.178395,0.0914687,-0.108348,-0.137012,-0.0799364,0.0766995,0.618109,0.412183,0.0637953,0.103738,-0.198803,-0.139488,0.0746231,0.103975,-0.319327,-0.336796,-0.602914,-0.554105,-0.265838	0.304687,-0.0493384,0.042022,0.260429,0.152061,-0.156566,0.107745,0.317409,0.117493,0.245927,-0.0155597,0.118982,0.251372,-0.117052,0.174021,-0.292292,0.492711,0.216094,0.147159,-0.145967	0.200353,-0.130203,0.0496375,-0.358656,-0.283173,0.0776005,-0.0313039,0.374095,0.309688,-0.185035,0.119106,-0.310441,-0.37762,0.190016,-0.0713369,-0.0298189,-0.711447,-0.724602,-0.648393,-0.12471
0.325358,-0.16508,-0.133597,-0.0429843,-0.032835,-0.068422,-0.17046,-0.225215,-0.178073,-0.227462,0.0976331,-0.22359,0.189565,-0.399996,-0.294716,-0.469369,-0.246675,-0.0181236,-0.394588,-0.280617	-0.305484,-0.326261,0.158407,-0.292024,0.0901777,-0.418913,0.0347524,-0.0859026,-0.373657,-0.294819,-0.223736,-0.561636,0.251384,-0.473248,-0.500099,-0.643962,-0.184385,-0.273374,-0.638546,-0.723305	0.57381,0.170356,-0.285953,0.252205,-0.12265,0.360834,-0.204004,-0.14206,0.209525,0.0721994,0.314499,0.386594,-0.0649122,0.0903567,0.240887,0.250225,-0.0652578,0.256522,0.326131,0.555423
0.317307,-0.205725,-0.226286,-0.277323,-0.174871,0.0254648,-0.13549,-0.266383,-0.184156,-0.292235,0.118716,-0.220853,0.193572,-0.481336,-0.244634,-0.454292,-0.261404,0.0192497,-0.389037,-0.303609	-0.350574,-0.34718,0.098022,-0.44259,0.121814,-0.300612,0.152886,-0.15336,-0.395484,-0.375747,-0.182901,-0.567831,0.233028,-0.5281,-0.461039,-0.62843,-0.176046,-0.253609,-0.641751,-0.735722	0.601023,0.152336,-0.317271,0.18839,-0.290497,0.3236,-0.282524,-0.117836,0.227928,0.0938136,0.295207,0.396732,-0.0413195,0.0627016,0.243916,0.243717,-0.0894757,0.271534,0.336802,0.556396
0.315476,-0.0983521,-0.267188,-0.101864,-0.0991703,-0.0592679,-0.0975164,-0.120271,-0.278005,-0.21037,0.148884,-0.131372,0.260126,-0.519635,-0.186019,-0.443056,-0.255041,0.0769451,-0.318041,-0.249611	-0.320931,-0.281938,-0.188828,-0.383268,0.121066,-0.398624,0.0940202,-0.186044,-0.328783,-0.274702,-0.314413,-0.472059,0.357262,-0.578484,-0.352747,-0.571062,-0.20466,-0.259426,-0.592504,-0.754995	0.577897,0.188822,-0.0825229,0.292836,-0.217624,0.347568,-0.189796,0.0672783,0.055886,0.0682778,0.442579,0.363212,-0.107088,0.0841423,0.178437,0.171363,-0.0531559,0.329788,0.338192,0.622743
0.250429,-0.21563,-0.194243,-0.26816,-0.08413,-0.0411087,-0.120603,-0.0870778,-0.244036,-0.234227,0.27354,-0.131735,0.263788,-0.524935,-0.212322,-0.412958,-0.210774,0.108901,-0.294542,-0.300938	-0.427871,-0.394501,0.068161,-0.451418,0.0355254,-0.3839,0.00111801,-0.0564092,-0.280669,-0.354757,-0.131733,-0.433503,0.320498,-0.568055,-0.412267,-0.56461,-0.123568,-0.0963256,-0.57022,-0.773235	0.612653,0.195503,-0.258975,0.208497,-0.119299,0.348288,-0.121704,-0.03082,0.0393259,0.131453,0.391177,0.320045,-0.0619471,0.0614412,0.219126,0.197761,-0.0895375,0.203096,0.331326,0.615528
0.579425,0.0993458,0.10232,-0.197683,-0.0649118,0.177369,0.129546,0.456693,0.448554,0.142838,-0.125757,-0.312994,-0.206161,0.0935456,0.127708,-0.329981,-0.226879,-0.649373,-0.319652,0.209377	0.346744,0.102005,0.183481,0.222832,0.0771223,0.0865355,0.236709,0.133622,0.2973,0.364281,-0.299388,-0.0314772,0.251577,-0.108599,0.274364,-0.290888,0.491187,0.19989,0.371528,-0.0235618	0.291183,-0.00268649,-0.0827135,-0.402772,-0.141327,0.0922498,-0.110553,0.344067,0.174528,-0.233598,0.180424,-0.284318,-0.435168,0.200111,-0.151981,-0.0432442,-0.646068,-0.751691,-0.61781,0.231796
0.583088,-0.0751616,0.0754588,-0.070767,-0.14978,-0.108501,0.0242808,0.430751,0.512091,0.0835254,-0.143071,-0.16892,-0.318741,0.0584262,0.159221,-0.381442,-0.359641,-0.648381,-0.314112,0.232382	0.409301,0.00150889,0.132779,0.274636,0.162167,-0.198447,0.0824827,0.113778,0.29348,0.288963,-0.343698,0.166389,0.116293,-0.178609,0.30881,-0.332553,0.470743,0.179571,0.464538,-0.00495286	0.228264,-0.0766618,-0.0579005,-0.338818,-0.30455,0.0919247,-0.0583188,0.333309,0.257277,-0.210519,0.211003,-0.326142,-0.419485,0.234587,-0.157324,-0.0559913,-0.710155,-0.741606,-0.6795,0.237062
0.847412,0.84966,0.386551,0.674715,0.358428,0.359618,0.800628,0.859604,0.741085,0.776366,0.931064,0.969443,0.957955,0.799341,0.871069,0.947271,0.92267,0.906677,0.945915,0.971279	0.753246,0.883411,0.505635,0.743282,0.608044,0.466318,0.877394,0.835282,0.723587,0.741251,0.962598,0.948459,0.935509,0.844533,0.870514,0.971249,0.958139,0.895664,0.92931,0.970335	0.26035,-0.135328,-0.148014,-0.137548,-0.319178,-0.128198,-0.258008,0.08625,0.0377312,0.0827156,-0.303909,0.260601,0.216194,-0.139081,0.00229797,-0.29985,-0.305886,0.0586019,0.137285,0.016413
0.429448,0.346526,0.303883,0.462596,0.35991,0.217925,0.434416,0.594389,0.396353,0.362406,0.632603,0.563053,0.603516,0.316431,0.434039,0.49747,0.765381,0.621168,0.483209,0.648788	0.484572,0.342284,0.11402,0.375059,0.486024,0.278875,0.405946,0.324503,0.617045,0.375056,0.468346,0.663662,0.633414,0.308074,0.586895,0.671461,0.748068,0.52014,0.51217,0.413508	-0.06961,0.00481368,0.196678,0.105913,-0.152851,-0.0648934,0.0345657,0.334382,-0.292141,-0.0146399,0.233412,-0.160635,-0.0484,0.00925992,-0.205104,-0.261261,0.040503,0.149249,-0.0384857,0.321543
0.673249,0.584617,0.430654,0.543195,0.55236,0.0868246,0.474805,0.678469,0.402101,0.466743,0.614668,0.626682,0.659922,0.529493,0.631049,0.721464,0.767542,0.555393,0.608743,0.834942	0.564107,0.517777,0.452108,0.568803,0.541605,0.145427,0.365182,0.521716,0.633157,0.386939,0.595482,0.808086,0.648791,0.565866,0.681636,0.856651,0.790269,0.628559,0.667705,0.623377	0.175974,0.0958553,-0.0266406,-0.0370582,0.0153454,-0.0593513,0.132617,0.242639,-0.309973,0.097393,0.0302628,-0.367521,0.0194649,-0.0519337,-0.0887713,-0.353934,-0.057765,-0.112407,-0.0993388,0.441206
-0.284399,-0.2696,0.0513781,-0.565313,-0.0450014,-0.466346,0.12335,-0.0554345,-0.23791,-0.442156,-0.146091,-0.771507,-0.0027195,-0.395196,-0.284988,-0.276555,-0.368038,-0.743609,-0.682801,-0.745133	0.107525,-0.0809956,-0.126864,-0.0225004,-0.0259605,-0.156883,-0.000421431,-0.379221,-0.0673362,-0.222087,-0.0201479,-0.419315,0.411444,-0.431657,0.125451,0.136287,0.0615347,0.0597048,-0.0978691,-0.436914	-0.380294,-0.192814,0.177088,-0.549806,-0.0190632,-0.333891,0.123765,0.33074,-0.173351,-0.244032,-0.126315,-0.520613,-0.413701,0.04396,-0.396272,-0.397847,-0.420059,-0.769165,-0.626819,-0.456999
-0.392514,-0.241384,0.0134485,-0.501436,-0.129041,-0.451676,0.154422,-0.0180333,-0.195434,-0.52522,-0.171122,-0.712853,-0.0620605,-0.405966,-0.313019,-0.293447,-0.311962,-0.729677,-0.660955,-0.762218	-0.0157295,0.0188592,-0.170921,0.0274918,0.0773961,-0.12587,-0.00917278,-0.360385,-0.0616266,-0.34647,-0.0621424,-0.310453,0.362749,-0.479124,0.0789185,0.130107,0.453837,0.0781635,-0.0371426,-0.467679	-0.379125,-0.259064,0.183947,-0.521736,-0.204395,-0.345445,0.163363,0.344591,-0.135439,-0.218514,-0.110151,-0.516764,-0.415456,0.0908234,-0.382489,-0.407977,-0.670824,-0.764252,-0.639512,-0.457696
0.368064,0.3584,0.463165,0.576247,0.317768,0.191384,0.527405,0.574425,0.309894,0.349796,0.648237,0.56532,0.606749,0.36599,0.433975,0.501386,0.769343,0.606029,0.469712,0.646026	0.510729,0.329238,0.158809,0.421409,0.210928,0.146261,0.423374,0.318481,0.53486,0.395896,0.450691,0.686491,0.661129,0.31895,0.582677,0.652093,0.71808,0.51719,0.516242,0.410015	-0.175692,0.0330632,0.32852,0.204498,0.114515,0.0464225,0.133938,0.313252,-0.269662,-0.0535108,0.279081,-0.198019,-0.0908044,0.0532568,-0.19903,-0.223917,0.114542,0.129395,-0.0614238,0.321051
0.644351,0.608731,0.751895,0.702607,0.453235,0.27852,0.543764,0.630947,0.335674,0.489104,0.634173,0.625707,0.652993,0.48972,0.559497,0.724349,0.77728,0.527942,0.601057,0.832641	0.629723,0.512872,0.648425,0.663226,0.204651,0.238819,0.358955,0.490669,0.574795,0.444279,0.57965,0.827431,0.667263,0.484977,0.606803,0.836791,0.764379,0.612975,0.679216,0.620792	0.0246166,0.139371,0.20191,0.0737463,0.273999,0.0425307,0.229629,0.20318,-0.296288,0.0572697,0.0862158,-0.418279,-0.0252892,0.00622033,-0.0716225,-0.285479,0.0317851,-0.125716,-0.13208,0.438516
-0.300187,-0.256606,0.103399,-0.567251,0.0635935,-0.320402,0.143569,-0.153589,-0.268883,-0.370272,-0.100718,-0.771777,-0.0203861,-0.334264,-0.288136,-0.259968,-0.351054,-0.746109,-0.694592,-0.74482	0.172064,-0.0826487,-0.152573,-0.0952489,-0.0933511,-0.0372495,-0.0437626,-0.466817,-0.0928567,-0.108751,-0.00324862,-0.411529,0.407104,-0.393003,0.108316,0.143378,0.0599425,0.0707057,-0.109327,-0.434548	-0.449056,-0.177727,0.251997,-0.498961,0.156018,-0.286573,0.186162,0.33742,-0.180534,-0.272493,-0.0975016,-0.52792,-0.423972,0.0676216,-0.384453,-0.388852,-0.402526,-0.775883,-0.633361,-0.458751
-0.372801,-0.23717,0.0704791,-0.535066,0.0225878,-0.333349,0.164137,-0.116177,-0.228585,-0.436555,-0.126518,-0.711165,-0.0765931,-0.325751,-0.315867,-0.273695,-0.30075,-0.732014,-0.667483,-0.761473	0.118223,0.0114292,-0.190525,-0.113522,0.0586143,-0.00196564,-0.0650064,-0.45172,-0.0865433,-0.213757,-0.0457854,-0.296501,0.363317,-0.424071,0.0627004,0.142297,0.434827,0.0899056,-0.04054,-0.464388	-0.470297,-0.247927,0.257546,-0.448806,-0.0360742,-0.331601,0.226724,0.354127,-0.144908,-0.245729,-0.0812026,-0.525465,-0.428,0.114078,-0.371215,-0.400398,-0.650508,-0.771168,-0.64438,-0.459613
0.52839,0.265763,0.175055,0.326578,0.358777,0.137101,0.406327,0.27943,0.379897,0.240385,0.327498,0.475846,0.535565,0.295363,0.400937,0.504519,0.647222,0.258279,0.352067,0.409202	0.36781,0.216772,0.383395,0.435767,0.226887,0.143259,0.327623,0.414982,0.404374,0.155281,0.475803,0.548669,0.493897,0.335585,0.308855,0.468418,0.686106,0.428703,0.380168,0.44413	0.199316,0.0519853,-0.223328,-0.127306,0.143577,-0.00628157,0.0907906,-0.153332,-0.02892,0.0884036,-0.175679,-0.0985537,0.0566529,-0.0446483,0.105096,0.0472731,-0.0699433,-0.191644,-0.0324433,-0.042685
-0.248239,-0.389037,-0.0332238,-0.583961,-0.0318737,-0.247632,0.236048,-0.0957843,-0.235855,-0.34194,-0.238516,-0.736788,-0.0441188,-0.359401,-0.245027,-0.223143,-0.398792,-0.732586,-0.653183,-0.701429	0.138142,-0.225261,-0.0543765,-0.0268037,-0.103021,0.100186,0.129186,-0.282358,-0.265732,-0.103569,0.0328903,-0.371286,0.324235,-0.394269,0.0720418,0.0506442,0.0419904,0.166557,0.00988624,-0.248274	-0.373571,-0.179507,0.021191,-0.566017,0.071382,-0.339398,0.110223,0.19176,0.0318744,-0.247123,-0.269294,-0.503141,-0.363159,0.040625,-0.311569,-0.270728,-0.433523,-0.801362,-0.658815,-0.548711
-0.316217,-0.404029,-0.0510958,-0.564874,-0.10484,-0.256783,0.243298,-0.0991525,-0.217344,-0.376339,-0.210834,-0.679113,-0.081526,-0.336008,-0.261767,-0.229044,-0.375981,-0.720428,-0.679559,-0.720576	0.0810202,-0.18678,-0.0901728,-0.070226,0.00825342,0.0960464,0.0967646,-0.281256,-0.282572,-0.158209,0.0632114,-0.263533,0.301626,-0.412863,0.0464173,0.0601272,0.389796,0.166054,-0.0206286,-0.283135	-0.387314,-0.234982,0.0392578,-0.51508,-0.112996,-0.344337,0.150066,0.187328,0.069496,-0.231939,-0.270441,-0.506168,-0.373956,0.0892336,-0.304485,-0.285243,-0.667893,-0.791763,-0.668299,-0.549563
-0.333846,-0.374852,0.0663004,-0.591503,-0.151291,-0.313754,0.140416,0.00191082,-0.24924,-0.340912,-0.170279,-0.71951,-0.0146693,-0.376108,-0.306755,-0.206314,-0.391981,-0.697305,-0.650275,-0.751907	0.15011,-0.171014,-0.120822,-0.136613,-0.125711,-0.00810012,0.102083,-0.277572,-0.295618,0.0024843,-0.0222286,-0.372368,0.406047,-0.43024,0.041799,0.110429,0.0398955,0.162972,-0.00874809,-0.37083	-0.460861,-0.217801,0.185636,-0.49488,-0.0260757,-0.306433,0.038891,0.279334,0.0500666,-0.343106,-0.148613,-0.474188,-0.418225,0.0645829,-0.344142,-0.309687,-0.425227,-0.77249,-0.645197,-0.528414
-0.41449,-0.382872,0.0357577,-0.551005,-0.228973,-0.297908,0.167667,0.0626969,-0.2246,-0.400722,-0.123434,-0.659921,-0.0389346,-0.401783,-0.325287,-0.220594,-0.351592,-0.670379,-0.641976,-0.775368	0.0602329,-0.113877,-0.159892,-0.128783,-0.0242927,0.0307377,0.0892259,-0.229862,-0.304583,-0.101176,0.0225858,-0.275386,0.397719,-0.491179,0.0106394,0.109501,0.412247,0.184973,0.0171607,-0.419258	-0.463159,-0.281258,0.194537,-0.454471,-0.205825,-0.325664,0.0796327,0.288403,0.0858562,-0.312204,-0.145614,-0.469938,-0.429995,0.111376,-0.334767,-0.32231,-0.667142,-0.760988,-0.651954,-0.527633
0.747345,0.701853,0.874413,0.743627,0.693988,0.628253,0.915352,0.869972,0.904406,0.90024,0.817689,0.723641,0.825467,0.612439,0.942018,0.93778,0.58645,0.905873,0.719583,0.577173	0.82138,0.804614,0.846701,0.589917,0.934148,0.603516,0.867971,0.890811,0.827243,0.884975,0.799069,0.714159,0.836107,0.490063,0.946617,0.968062,0.857178,0.749618,0.77406,0.580746	-0.191727,-0.236081,0.106734,0.273837,-0.682831,0.0398442,0.230563,-0.0926132,0.306404,0.0750801,0.0537193,0.0196238,-0.0343441,0.174857,-0.0424706,-0.328542,-0.544386,0.486863,-0.122973,-0.00537516
0.861107,0.731668,0.846854,0.790307,0.829998,0.892428,0.797086,0.764412,0.720656,0.867945,0.561149,0.798691,0.78402,0.599922,0.623105,0.655458,0.910211,0.912848,-0.0102414,-0.224037	0.902002,0.807554,0.689649,0.846305,0.752435,0.911877,0.754165,0.755675,0.554051,0.837085,0.700399,0.745514,0.578982,0.848494,0.611106,0.640872,0.890966,0.827466,0.546117,0.533167	-0.183159,-0.185477,0.377925,-0.169098,0.206569,-0.10444,0.107608,0.0206859,0.277342,0.11285,-0.229418,0.131443,0.375482,-0.506288,0.0193769,0.0251506,0.101806,0.348997,-0.553264,-0.676408
0.508993,-0.317807,-0.1564,-0.022369,-0.0955435,-0.0736418,-0.132205,-0.236812,-0.0990922,-0.176718,0.121579,-0.0699422,0.299294,-0.37115,0.156158,-0.127896,-0.154147,0.00514846,-0.134353,0.22526	-0.3188,-0.398328,0.0988958,-0.283664,-0.00200632,-0.403176,0.157763,-0.134454,-0.383551,-0.335974,-0.236842,-0.569341,0.245299,-0.49954,-0.394982,-0.588242,-0.212669,-0.429481,-0.502363,-0.463875	0.712223,0.0921914,-0.251407,0.262964,-0.0935551,0.339618,-0.284043,-0.105724,0.295698,0.169308,0.348389,0.52011,0.0582732,0.157612,0.519121,0.497797,0.0605052,0.43367,0.394646,0.623938
0.497688,-0.345035,-0.178416,-0.281338,-0.186258,0.0450072,-0.11704,-0.278312,-0.0932759,-0.225456,0.153756,-0.0575327,0.301634,-0.44201,0.167028,-0.125368,-0.163846,0.0458543,-0.139711,0.218987	-0.362142,-0.412058,0.110216,-0.425487,0.0834091,-0.281304,0.243572,-0.186648,-0.393492,-0.401957,-0.198873,-0.570314,0.228532,-0.542733,-0.378274,-0.578127,-0.206703,-0.406193,-0.517948,-0.469625	0.728526,0.0781307,-0.283066,0.163751,-0.265542,0.322232,-0.350616,-0.0966862,0.311655,0.194091,0.342166,0.530178,0.0785137,0.132513,0.512896,0.488139,0.0443598,0.443781,0.407743,0.624398
0.498038,-0.255533,-0.205648,-0.098671,-0.132603,-0.00205837,-0.0296762,-0.106997,-0.203116,-0.177033,0.200007,0.00943858,0.314735,-0.409505,0.116452,-0.17348,-0.159247,0.103948,-0.0912457,0.18837	-0.329255,-0.355895,-0.184444,-0.376396,0.0360332,-0.361907,0.191156,-0.190875,-0.334696,-0.330579,-0.318112,-0.510198,0.275135,-0.567933,-0.323813,-0.533144,-0.236661,-0.395587,-0.446248,-0.554087	0.710744,0.110402,-0.02204,0.288437,-0.167835,0.360116,-0.219587,0.0856268,0.141178,0.163091,0.487126,0.517146,0.0433536,0.20644,0.424266,0.396319,0.0804457,0.479805,0.370071,0.672288
0.525975,-0.35122,-0.161145,-0.257068,-0.123987,-0.0315011,-0.0543031,-0.141116,-0.160686,-0.208325,0.223701,0.0360814,0.3409,-0.436811,0.147834,-0.1067,-0.113368,0.106911,-0.0698035,0.186408	-0.411737,-0.451224,0.0593513,-0.43513,-0.0354077,-0.368813,0.102799,-0.136628,-0.281013,-0.435571,-0.176525,-0.445877,0.265769,-0.561947,-0.353141,-0.529545,-0.165129,-0.261421,-0.425159,-0.549667	0.770787,0.118838,-0.218407,0.200489,-0.0889697,0.341277,-0.15623,-0.0045765,0.126017,0.249925,0.385022,0.474327,0.0826154,0.165845,0.476119,0.448168,0.0527485,0.358318,0.366224,0.667665
0.471177,-0.163786,0.128843,-0.314115,-0.0351495,0.210174,0.177855,0.575966,0.298584,0.0032809,0.101278,-0.51485,0.0341703,0.0827658,0.0638651,-0.30782,-0.27364,-0.765581,-0.76364,-0.575606	0.166471,0.00917406,0.0935657,0.182781,0.081128,0.0907485,0.282339,0.279594,0.0905775,0.161599,-0.0343939,-0.217374,0.413878,-0.174679,0.0994012,-0.39208,0.477454,-0.0365029,-0.146745,-0.397275	0.330641,-0.172701,0.0357076,-0.469917,-0.115947,0.121748,-0.110008,0.35326,0.213788,-0.158403,0.135201,-0.334963,-0.385155,0.253776,-0.0357631,0.0958255,-0.664303,-0.750039,-0.694749,-0.231201
0.440544,-0.308722,0.0703106,-0.208244,-0.123353,-0.0527435,0.107546,0.588444,0.343662,-0.0454893,0.148059,-0.385174,-0.0671331,0.0603018,0.0555458,-0.354549,-0.441723,-0.766242,-0.794005,-0.5937	0.225159,-0.0828855,0.0208987,0.221214,0.173745,-0.145004,0.167588,0.292425,0.072686,0.0988873,-0.0484731,-0.0212313,0.326433,-0.214251,0.107074,-0.424357,0.450038,-0.113691,-0.162747,-0.407443	0.239102,-0.231767,0.0494846,-0.410546,-0.290864,0.092972,-0.0611441,0.357543,0.277918,-0.14373,0.195132,-0.366943,-0.385126,0.271051,-0.0518363,0.0821714,-0.743883,-0.714822,-0.724936,-0.245688
0.480607,-0.220474,-0.218334,-0.0298363,-0.025705,-0.0755048,-0.186975,-0.242272,-0.206975,-0.277795,0.284563,-0.102784,0.23382,-0.386262,-0.135024,-0.250353,-0.183398,0.0501223,-0.295682,-0.158763	-0.366917,-0.345246,0.152164,-0.303718,0.118132,-0.411301,0.129044,-0.114102,-0.411085,-0.409265,-0.226794,-0.574425,0.362349,-0.564869,-0.54551,-0.661308,-0.230799,-0.353747,-0.728699,-0.814895	0.720474,0.135052,-0.358585,0.276386,-0.143401,0.346559,-0.308574,-0.131814,0.223091,0.148334,0.480357,0.501235,-0.140426,0.228453,0.443125,0.492493,0.0494963,0.396833,0.55194,0.753633
0.463508,-0.257233,-0.274198,-0.295307,-0.161594,0.0455165,-0.146294,-0.286379,-0.21457,-0.338235,0.323767,-0.0964647,0.235143,-0.469735,-0.0746198,-0.242716,-0.193693,0.084476,-0.283803,-0.202285	-0.410908,-0.364389,0.082223,-0.448234,0.157689,-0.288861,0.258315,-0.178692,-0.430986,-0.481949,-0.191182,-0.579243,0.342102,-0.611194,-0.502432,-0.651749,-0.22595,-0.333258,-0.73039,-0.828711	0.73452,0.118239,-0.348563,0.176258,-0.31135,0.330038,-0.389876,-0.113494,0.238469,0.171704,0.484932,0.511351,-0.116316,0.198428,0.444477,0.485897,0.0337334,0.406296,0.563365,0.752586
0.45878,-0.150019,-0.303743,-0.111558,-0.0729479,-0.00869014,-0.0736474,-0.120305,-0.31203,-0.280567,0.370227,0.00844534,0.310351,-0.45825,-0.0544945,-0.297132,-0.186725,0.118731,-0.275611,-0.100011	-0.382797,-0.303131,-0.202498,-0.397235,0.152239,-0.376237,0.174313,-0.20088,-0.369834,-0.405341,-0.314597,-0.49386,0.46486,-0.647099,-0.422051,-0.614789,-0.252374,-0.335485,-0.706867,-0.825191	0.715858,0.160407,-0.10788,0.298923,-0.222714,0.368752,-0.244817,0.0825706,0.0653453,0.140786,0.613382,0.500219,-0.180558,0.268455,0.376209,0.388654,0.0688952,0.436816,0.535603,0.790411
0.472797,-0.269123,-0.249077,-0.272542,-0.0706006,-0.0237367,-0.099452,-0.0985573,-0.283543,-0.276631,0.436549,-0.00989143,0.313839,-0.493574,-0.0909471,-0.213216,-0.142085,0.12382,-0.22521,-0.172219	-0.475097,-0.410736,0.0533421,-0.457817,0.0697587,-0.372664,0.0832116,-0.0831453,-0.325163,-0.471474,-0.148257,-0.460983,0.433786,-0.647922,-0.475087,-0.604307,-0.182131,-0.18921,-0.687795,-0.843594	0.774028,0.159212,-0.298454,0.211688,-0.139671,0.352041,-0.181164,-0.0155393,0.0458472,0.224067,0.549257,0.453158,-0.138851,0.226916,0.401487,0.448936,0.0411089,0.305865,0.547372,0.785493
0.582176,-0.0497482,0.0890849,-0.2984,-0.051312,0.207233,0.151022,0.420847,0.383641,0.048408,-0.127465,-0.49587,-0.120293,0.0977581,0.0976741,-0.38716,-0.311047,-0.786028,-0.667581,-0.22136	0.254746,0.0918608,0.164318,0.166416,0.114032,0.0719369,0.292177,0.114794,0.282319,0.225607,-0.332835,-0.167811,0.409208,-0.257467,0.146559,-0.463483,0.423256,-0.0935071,-0.126573,-0.471575	0.384446,-0.140965,-0.0763511,-0.442826,-0.164382,0.137343,-0.147671,0.321589,0.113629,-0.179156,0.214469,-0.357836,-0.504659,0.346504,-0.0495944,0.0930129,-0.648876,-0.747458,-0.590941,0.279379
0.563923,-0.216532,0.055245,-0.173424,-0.135838,-0.076876,0.0611173,0.3877,0.454933,-0.0190201,-0.112666,-0.327623,-0.236344,0.04475,0.118692,-0.452336,-0.464989,-0.785288,-0.649856,-0.213228	0.322959,-0.0115493,0.115562,0.235054,0.203187,-0.18034,0.152483,0.0918037,0.278175,0.144836,-0.378516,0.0790992,0.297859,-0.304913,0.185177,-0.512798,0.403218,-0.130999,-0.0332697,-0.456005	0.294622,-0.205497,-0.0607047,-0.392479,-0.329919,0.104919,-0.0922247,0.306816,0.202367,-0.163406,0.277692,-0.396448,-0.499069,0.344956,-0.0679791,0.078722,-0.731127,-0.729315,-0.630212,0.268925
0.834517,0.836106,0.341576,0.622246,0.363737,0.37568,0.803353,0.857607,0.732339,0.779193,0.936357,0.974416,0.967622,0.851771,0.901381,0.95265,0.939193,0.908249,0.951867,0.972255	0.757764,0.869418,0.448734,0.760481,0.614716,0.451647,0.86532,0.83975,0.716714,0.73453,0.959405,0.953088,0.948185,0.886045,0.89732,0.982886,0.961829,0.901484,0.935065,0.97514	0.208776,-0.121986,-0.126557,-0.262409,-0.323259,-0.0914897,-0.203277,0.0638169,0.0328871,0.104438,-0.226733,0.299143,0.235555,-0.139729,0.021245,-0.475013,-0.234189,0.0373332,0.15282,-0.0555589
0.448422,0.310475,0.276986,0.437833,0.386358,0.25793,0.460279,0.618038,0.376592,0.331752,0.669339,0.616851,0.657007,0.445738,0.502265,0.546676,0.796478,0.617474,0.503119,0.692447	0.509419,0.293476,0.0319028,0.381979,0.486985,0.266041,0.362992,0.313227,0.60417,0.359955,0.512061,0.706426,0.672271,0.332981,0.681657,0.764875,0.771542,0.544937,0.589275,0.462826	-0.0790559,0.0187026,0.247269,0.067072,-0.123948,-0.00870834,0.116803,0.377983,-0.29461,-0.0320271,0.239294,-0.158753,-0.0273403,0.132409,-0.272787,-0.375002,0.0646886,0.109323,-0.122463,0.337918
0.70567,0.548526,0.389423,0.513231,0.55729,0.0968818,0.49325,0.69877,0.379729,0.473575,0.619389,0.668411,0.708958,0.618976,0.666497,0.757142,0.792075,0.540435,0.628407,0.852203	0.573241,0.482009,0.393929,0.577572,0.543148,0.134294,0.324932,0.518816,0.621621,0.368391,0.640549,0.842257,0.687394,0.580459,0.755246,0.900578,0.810711,0.656851,0.734116,0.652917	0.222389,0.0904253,-0.00532188,-0.0914493,0.0202801,-0.037905,0.200444,0.282295,-0.316632,0.127412,-0.0350764,-0.397792,0.0420625,0.0601149,-0.178702,-0.450865,-0.052077,-0.180487,-0.196238,0.449266
-0.293244,-0.411592,0.0415364,-0.602391,-0.0315582,-0.421137,0.161584,-0.0890668,-0.316612,-0.541253,-0.124419,-0.791215,0.0709974,-0.387362,-0.283942,-0.235806,-0.4332,-0.817162,-0.751599,-0.818762	0.198655,-0.159874,-0.203424,-0.00349184,-0.0204911,-0.154755,-0.02852,-0.390658,-0.0988057,-0.290878,0.123692,-0.290673,0.470002,-0.391718,0.316057,0.436847,0.202661,0.257193,0.253639,-0.379325	-0.464821,-0.269448,0.242908,-0.600162,-0.0110742,-0.284953,0.189232,0.312463,-0.22484,-0.29716,-0.24435,-0.650041,-0.412778,0.00513515,-0.550588,-0.609834,-0.584542,-0.887773,-0.844287,-0.637399
-0.411152,-0.391792,-0.00551113,-0.552183,-0.114596,-0.434433,0.19781,-0.0510952,-0.275926,-0.621918,-0.127425,-0.730431,0.00373934,-0.408573,-0.314821,-0.247953,-0.422409,-0.803403,-0.715354,-0.842214	0.0738949,-0.0494097,-0.240375,0.0493942,0.0834865,-0.133168,-0.0362813,-0.372338,-0.0926256,-0.423045,0.0832357,-0.170617,0.446487,-0.446759,0.264593,0.428904,0.819622,0.286717,0.306428,-0.432501	-0.470745,-0.349141,0.235175,-0.585605,-0.196205,-0.319765,0.232423,0.327473,-0.188108,-0.269878,-0.20845,-0.639513,-0.443488,0.0467132,-0.53486,-0.611794,-0.922609,-0.886025,-0.838072,-0.644466
0.395336,0.321562,0.447502,0.565837,0.346791,0.22467,0.553012,0.596526,0.289844,0.317198,0.683887,0.616629,0.65971,0.493889,0.504429,0.552824,0.788289,0.60126,0.490507,0.692235	0.529297,0.281515,0.0979845,0.378053,0.21363,0.158099,0.390793,0.300701,0.518438,0.388014,0.501238,0.728045,0.696759,0.34985,0.685152,0.740327,0.742071,0.536592,0.595247,0.457594	-0.16941,0.0440326,0.365546,0.238885,0.143816,0.0690232,0.206942,0.360488,-0.269018,-0.0807556,0.277915,-0.202182,-0.0685659,0.174126,-0.276171,-0.317408,0.111359,0.0954706,-0.147932,0.343425
0.685056,0.573217,0.731337,0.697849,0.460111,0.278272,0.558083,0.650802,0.312841,0.493794,0.637315,0.665515,0.701456,0.600907,0.606841,0.763182,0.790252,0.51463,0.621683,0.852482	0.629694,0.478722,0.620432,0.630255,0.208578,0.246471,0.32827,0.479784,0.559445,0.433672,0.632579,0.860655,0.702545,0.526203,0.694914,0.877185,0.785894,0.638507,0.748098,0.648587	0.097361,0.130232,0.203028,0.120665,0.278235,0.0341429,0.281359,0.248662,-0.29892,0.0765053,0.00793539,-0.456764,-0.00214773,0.109247,-0.152296,-0.344892,0.0115,-0.184504,-0.236325,0.456049
-0.313614,-0.400695,0.0930384,-0.608292,0.0779487,-0.265758,0.18485,-0.193137,-0.342953,-0.459833,-0.0842232,-0.79031,0.0523349,-0.323057,-0.289312,-0.222189,-0.419345,-0.818066,-0.762225,-0.820058	0.262092,-0.160117,-0.207051,-0.159342,-0.0862247,-0.0118165,-0.0603849,-0.48679,-0.12618,-0.155008,0.146579,-0.277683,0.462582,-0.342814,0.3013,0.433168,0.22147,0.258736,0.25313,-0.383199	-0.53198,-0.257072,0.294418,-0.497135,0.163077,-0.254741,0.242528,0.324126,-0.226577,-0.32822,-0.227988,-0.656755,-0.420425,0.0222174,-0.543256,-0.59782,-0.586358,-0.888697,-0.851135,-0.637049
-0.402506,-0.391134,0.0516656,-0.582561,0.037775,-0.300819,0.212573,-0.15516,-0.304396,-0.523267,-0.0871287,-0.727503,-0.0119561,-0.325547,-0.320174,-0.231558,-0.411744,-0.804097,-0.720415,-0.843216	0.216776,-0.057806,-0.240086,-0.177624,0.0619802,0.0268422,-0.0806349,-0.472668,-0.119425,-0.264966,0.105386,-0.150972,0.443624,-0.38117,0.249987,0.429954,0.816335,0.288301,0.309329,-0.43543	-0.569584,-0.341039,0.288177,-0.451674,-0.024262,-0.325037,0.288267,0.342638,-0.191949,-0.299878,-0.190763,-0.647666,-0.453176,0.0635027,-0.527907,-0.601616,-0.919137,-0.886815,-0.842089,-0.644376
0.57845,0.214003,0.113155,0.304092,0.362204,0.14201,0.406054,0.273415,0.357378,0.234252,0.361247,0.535392,0.590553,0.37195,0.480211,0.60023,0.670359,0.256484,0.412903,0.461923	0.387374,0.178346,0.360864,0.419507,0.252114,0.173305,0.335925,0.423267,0.386561,0.112174,0.544343,0.615411,0.553334,0.445434,0.397884,0.531862,0.712505,0.443543,0.428395,0.497279	0.246257,0.0370721,-0.258254,-0.132291,0.121153,-0.0320843,0.0812056,-0.169463,-0.0338607,0.125372,-0.227913,-0.11934,0.0552837,-0.0880764,0.101772,0.100429,-0.0806842,-0.211071,-0.0188221,-0.0458987
-0.260321,-0.520592,-0.0432288,-0.629323,-0.0163263,-0.198375,0.263074,-0.123897,-0.321682,-0.443191,-0.209572,-0.764274,0.0304818,-0.336268,-0.253013,-0.196864,-0.464656,-0.809703,-0.744946,-0.762607	0.222329,-0.305099,-0.0948412,-0.0516114,-0.0774468,0.140038,0.138013,-0.281082,-0.307426,-0.17614,0.191481,-0.221984,0.398728,-0.276341,0.222638,0.259409,0.201986,0.325038,0.268152,-0.120946	-0.456243,-0.256183,0.0518249,-0.597106,0.0611978,-0.329266,0.129773,0.162857,-0.0158205,-0.289663,-0.38558,-0.653091,-0.372777,-0.0660664,-0.450286,-0.434105,-0.609444,-0.898318,-0.844418,-0.706857
-0.344715,-0.539449,-0.0661971,-0.610737,-0.0873246,-0.22956,0.275962,-0.124814,-0.302441,-0.479833,-0.167555,-0.702885,-0.015251,-0.325148,-0.274728,-0.199556,-0.486794,-0.794827,-0.762824,-0.78802	0.168726,-0.267636,-0.12624,-0.0954121,0.0343924,0.143809,0.107997,-0.27866,-0.323261,-0.235071,0.225697,-0.0977679,0.391886,-0.30669,0.19325,0.268436,0.799854,0.31658,0.233108,-0.167872	-0.48522,-0.317678,0.0605489,-0.547212,-0.121353,-0.361437,0.173124,0.15939,0.0230753,-0.27588,-0.378923,-0.64977,-0.404718,-0.0205033,-0.444385,-0.444197,-0.92607,-0.88797,-0.845572,-0.714693
-0.338703,-0.511847,0.0558701,-0.633085,-0.135253,-0.265547,0.174422,-0.0322881,-0.330958,-0.431439,-0.149911,-0.749748,0.058356,-0.356631,-0.308872,-0.175348,-0.466647,-0.798452,-0.740434,-0.808726	0.295786,-0.263771,-0.179176,-0.170898,-0.115333,0.00724066,0.1096,-0.28209,-0.338665,-0.0273172,0.0848165,-0.239494,0.471153,-0.341947,0.184174,0.362774,0.203305,0.263891,0.273167,-0.277619	-0.576712,-0.286796,0.232717,-0.518259,-0.0202362,-0.272264,0.0660854,0.252098,0.00867944,-0.408941,-0.231781,-0.621928,-0.424467,-0.0167242,-0.466508,-0.505939,-0.6119,-0.877459,-0.843078,-0.684874
-0.43219,-0.530132,0.0174491,-0.59921,-0.213207,-0.271116,0.206125,0.0280877,-0.306206,-0.489102,-0.085976,-0.686372,0.025324,-0.393173,-0.331286,-0.185312,-0.46546,-0.769812,-0.718648,-0.838056	0.207564,-0.209623,-0.212781,-0.164703,-0.0145518,0.0455628,0.0979256,-0.234095,-0.346732,-0.137269,0.133057,-0.132249,0.47756,-0.414989,0.148978,0.360235,0.813926,0.284481,0.284357,-0.350375	-0.587088,-0.360579,0.229378,-0.482085,-0.199273,-0.312814,0.110428,0.26047,0.0453402,-0.377154,-0.216556,-0.609443,-0.457773,0.0260697,-0.457676,-0.511407,-0.927864,-0.864885,-0.832817,-0.690409
0.711017,0.635824,0.859623,0.694468,0.698058,0.624871,0.919506,0.869381,0.890597,0.892283,0.818366,0.705719,0.842488,0.602157,0.937177,0.956121,0.498788,0.879116,0.572072,0.373082	0.82661,0.774678,0.840948,0.517681,0.931778,0.646635,0.86999,0.887007,0.800949,0.878118,0.773785,0.658794,0.870933,0.493992,0.959962,0.980984,0.894681,0.54454,0.608965,0.405048	-0.280385,-0.273636,0.0673935,0.276021,-0.668602,-0.036522,0.247529,-0.0770204,0.312712,0.0654345,0.121555,0.0876988,-0.106837,0.153963,-0.227063,-0.400625,-0.71494,0.641827,-0.0566171,-0.0376571
-0.246362,0.394662,-0.280088,-0.0584113,0.294081,-0.0144794,-0.221835,0.060127,-0.328511,-0.383429,0.332001,-0.169742,-0.0849427,-0.0277392,-0.607365,-0.434051,-0.314595,0.306701,-0.146296,-0.422843	-0.922532,-0.787871,-0.818992,-0.908511,-0.703199,-0.955198,-0.796079,-0.787271,-0.860342,-0.914398,-0.687128,-0.939399,-0.607697,-0.877666,-0.917041,-0.939636,-0.946873,-0.932037,-0.751686,-0.802114	0.875048,0.902048,0.69932,0.897741,0.826386,0.953912,0.697405,0.809098,0.741365,0.817639,0.829823,0.915665,0.551208,0.871136,0.699009,0.853813,0.900528,0.963356,0.680189,0.57393
-0.267814,0.356976,-0.533047,-0.150165,0.0750837,0.00264696,-0.113049,0.0301096,-0.352239,-0.420303,0.311939,-0.202642,-0.0868986,-0.119648,-0.561754,-0.414146,-0.316199,0.288971,-0.125206,-0.443834	-0.930026,-0.796292,-0.880836,-0.931859,-0.764561,-0.947398,-0.756171,-0.817842,-0.866658,-0.925908,-0.66701,-0.943441,-0.615157,-0.902581,-0.911265,-0.937026,-0.94579,-0.934703,-0.755846,-0.8115	0.881861,0.898004,0.655621,0.908875,0.79406,0.947668,0.703237,0.827573,0.740459,0.827724,0.810343,0.915902,0.558091,0.87772,0.716074,0.85447,0.898208,0.963445,0.69656,0.574632
-0.319541,0.423911,-0.484687,-0.108283,0.242722,-0.0662272,-0.189911,-0.0148093,-0.340327,-0.385415,0.312609,-0.00380888,0.0719925,-0.133883,-0.398673,-0.444864,-0.285497,0.154029,-0.192008,-0.33281	-0.940138,-0.782396,-0.905824,-0.926746,-0.715301,-0.95291,-0.778578,-0.828835,-0.840737,-0.91599,-0.730695,-0.913634,-0.505969,-0.89668,-0.862844,-0.930264,-0.945833,-0.944435,-0.737184,-0.809694	0.88709,0.905863,0.750744,0.909758,0.816298,0.946409,0.690811,0.824142,0.700978,0.820101,0.849304,0.913003,0.557648,0.866864,0.707569,0.828102,0.90461,0.958964,0.635067,0.652795
-0.395074,0.346403,-0.446778,-0.159964,0.218365,0.0870198,-0.186213,0.134687,-0.35195,-0.307566,0.398601,-0.214856,0.0192528,-0.227012,-0.556088,-0.327163,-0.265057,0.169815,-0.154766,-0.370103	-0.949356,-0.811621,-0.865854,-0.934949,-0.749734,-0.94844,-0.793973,-0.781366,-0.826452,-0.926804,-0.656167,-0.923205,-0.54011,-0.911968,-0.904798,-0.909578,-0.938169,-0.925488,-0.715054,-0.81531	0.886945,0.903896,0.683475,0.911274,0.831904,0.956516,0.713206,0.828827,0.669132,0.866132,0.83609,0.88362,0.553606,0.863782,0.701836,0.829155,0.895891,0.946543,0.630008,0.637603
0.690843,0.500419,-0.15902,0.119626,-0.0789075,-0.0921831,-0.13651,-0.496397,0.243235,0.224916,-0.421298,-0.0397002,-0.35969,0.0652815,0.0721754,-0.258592,-0.351619,-0.496837,0.542024,0.628637	-0.58612,-0.658166,-0.783707,-0.766127,-0.784011,-0.893394,-0.71199,-0.806661,-0.539226,-0.745728,-0.798381,-0.762137,-0.657465,-0.817342,-0.55192,-0.881997,-0.900306,-0.938331,-0.0345253,-0.0801642	0.908924,0.871537,0.713622,0.81139,0.7516,0.873117,0.637434,0.517473,0.691735,0.831225,0.568202,0.744977,0.390005,0.837914,0.600187,0.8076,0.802836,0.827074,0.565959,0.674795
0.741918,0.444006,-0.0632995,0.215664,-0.0762263,-0.162834,-0.177285,-0.572381,0.319547,0.112571,-0.471161,0.0570917,-0.3939,-0.0790781,0.157717,-0.31737,-0.287149,-0.473155,0.620968,0.660648	-0.546095,-0.702637,-0.782155,-0.733046,-0.733733,-0.925543,-0.751283,-0.83991,-0.549578,-0.778038,-0.828151,-0.701452,-0.703737,-0.859887,-0.511383,-0.89389,-0.890192,-0.944031,-0.00149686,-0.066446	0.916632,0.873982,0.7563,0.819201,0.69646,0.898055,0.662196,0.515222,0.739293,0.818887,0.585414,0.729336,0.428663,0.837777,0.619162,0.804852,0.810125,0.85099,0.621887,0.696519
0.756372,0.904893,0.514037,0.867988,0.53348,0.340636,0.788136,0.885429,0.775795,0.823351,0.929356,0.968429,0.963642,0.961936,0.863548,0.949668,0.961608,0.893744,0.963426,0.968439	0.645529,0.890823,0.545673,0.661427,0.635644,0.539751,0.868091,0.835961,0.7688,0.745849,0.978381,0.95649,0.944577,0.898924,0.87731,0.979549,0.973418,0.916451,0.946092,0.964887	0.216601,0.0725612,-0.0439696,0.485011,-0.154584,-0.243971,-0.253163,0.190396,0.0173327,0.20083,-0.540311,0.161977,0.212394,0.465744,-0.0567713,-0.428367,-0.184662,-0.125504,0.195841,0.0541749
0.244096,0.461943,0.456832,0.566983,0.499272,0.230836,0.426644,0.53494,0.524357,0.4031,0.639328,0.568525,0.447672,0.650398,0.427734,0.613284,0.810922,0.559072,0.52873,0.672844	0.265715,0.541093,0.158764,0.411185,0.547415,0.30201,0.482888,0.439175,0.639487,0.44038,0.51275,0.711651,0.492709,0.505962,0.57254,0.776489,0.78954,0.568111,0.650283,0.396244	-0.0231192,-0.105527,0.321377,0.203163,-0.0662495,-0.0765082,-0.0708387,0.125172,-0.17321,-0.0453252,0.188308,-0.240382,-0.0577825,0.215279,-0.191769,-0.311584,0.059439,-0.0132463,-0.185245,0.377152
0.592217,0.690859,0.534321,0.767953,0.629003,0.112165,0.4917,0.644221,0.478045,0.542937,0.574039,0.585453,0.479601,0.798232,0.585376,0.746461,0.821038,0.492772,0.643955,0.8687	0.396865,0.602109,0.505706,0.537254,0.585901,0.1845,0.444212,0.631723,0.655648,0.457636,0.674508,0.822287,0.51208,0.687585,0.671641,0.891406,0.894395,0.714767,0.805567,0.612519	0.255372,0.151961,0.03921,0.392736,0.0682567,-0.0738636,0.060759,0.0210747,-0.258681,0.113503,-0.163949,-0.456689,-0.043053,0.245257,-0.142155,-0.433187,-0.276124,-0.342699,-0.335816,0.547508
-0.722643,-0.190708,-0.0969963,-0.33988,0.00615287,-0.516496,-0.0501866,-0.648957,-0.479926,-0.452156,-0.244316,-0.599129,0.0562339,-0.422689,-0.389148,-0.0392303,-0.184268,-0.390239,-0.288535,-0.616457	-0.35565,0.192449,-0.0745099,0.0221739,0.0825066,-0.0819867,0.126512,-0.366356,0.0250403,-0.0453422,0.0185977,-0.135592,0.149563,-0.110055,0.230689,0.409836,0.368289,0.11803,0.214522,-0.392027	-0.493939,-0.369592,-0.0226501,-0.359346,-0.0763925,-0.453723,-0.175583,-0.370745,-0.49897,-0.415329,-0.261724,-0.504523,-0.0941206,-0.327888,-0.568777,-0.44196,-0.517442,-0.485889,-0.473735,-0.295951
-0.788283,-0.0607876,-0.0792036,-0.339408,0.0185302,-0.318654,0.0639793,-0.640783,-0.469746,-0.46779,-0.275538,-0.643887,0.0885139,-0.398594,-0.426563,-0.0249536,0.0305186,-0.367782,-0.256467,-0.630747	-0.506801,0.240668,-0.128831,0.0547738,0.165857,-0.0329013,0.108407,-0.321896,0.0316923,-0.15507,-0.0334765,-0.0788899,0.0709183,-0.170868,0.173081,0.387996,0.524413,0.130557,0.232982,-0.411426	-0.468749,-0.297109,0.050139,-0.386987,-0.147781,-0.28878,-0.044738,-0.401755,-0.494083,-0.337179,-0.244315,-0.595233,0.0177067,-0.244369,-0.558416,-0.40899,-0.501927,-0.475506,-0.461852,-0.296181
0.190179,0.464305,0.55713,0.579611,0.441483,0.227694,0.523937,0.525464,0.445674,0.388925,0.659184,0.572495,0.4544,0.640432,0.429342,0.62129,0.800495,0.556297,0.514189,0.665821	0.304366,0.55516,0.249704,0.642085,0.392192,0.118965,0.503458,0.4697,0.564717,0.503578,0.478588,0.725949,0.517214,0.559916,0.557032,0.75357,0.768364,0.539619,0.654874,0.392606	-0.121203,-0.122408,0.357105,-0.0995056,0.0596125,0.111757,0.0278167,0.0740371,-0.15908,-0.142578,0.263827,-0.262586,-0.0821122,0.12553,-0.167827,-0.248734,0.0834721,0.0238323,-0.212109,0.369912
0.556771,0.699554,0.779825,0.804672,0.529238,0.320583,0.575946,0.605642,0.421276,0.551231,0.597889,0.588309,0.476541,0.742903,0.526423,0.75424,0.813628,0.479041,0.634839,0.861941	0.470047,0.623653,0.721954,0.782814,0.387384,0.213384,0.44262,0.64655,0.604289,0.549989,0.640013,0.834645,0.527356,0.692194,0.594681,0.871151,0.872371,0.680257,0.818329,0.609444	0.117466,0.134642,0.132426,0.0590613,0.178436,0.11507,0.178942,-0.0672364,-0.245514,0.00178151,-0.0682341,-0.483989,-0.0678715,0.104389,-0.0993655,-0.340906,-0.202412,-0.298482,-0.381878,0.531913
-0.732347,-0.178822,-0.0415529,-0.309307,0.109092,-0.451892,-0.0488272,-0.720007,-0.493596,-0.398578,-0.197953,-0.603925,0.0312502,-0.347933,-0.388116,-0.0231041,-0.159417,-0.400036,-0.304009,-0.617662	-0.287896,0.224982,-0.0424899,0.214976,0.117575,-0.0738966,0.0716514,-0.449446,-0.0232939,0.122734,0.0134108,-0.13932,0.138816,0.0448527,0.183865,0.406204,0.383087,0.0703576,0.217769,-0.390008	-0.563195,-0.388187,0.000938598,-0.491596,-0.00859334,-0.391054,-0.120059,-0.400004,-0.475772,-0.496999,-0.210804,-0.507288,-0.108034,-0.38675,-0.533883,-0.425317,-0.51128,-0.457516,-0.489379,-0.299897
-0.786189,-0.0531248,-0.018712,-0.34364,0.16207,-0.232053,0.0615095,-0.714625,-0.483562,-0.406778,-0.230887,-0.644551,0.0658303,-0.315718,-0.424559,-0.00598143,0.0457413,-0.377407,-0.268607,-0.631554	-0.395,0.269372,-0.0865873,0.213147,0.253961,-0.0275787,0.0427172,-0.40605,-0.0166653,0.00418498,-0.0382892,-0.0753869,0.0647104,-0.0232594,0.128257,0.388892,0.536426,0.0826469,0.239188,-0.408852	-0.567389,-0.317947,0.0679855,-0.518788,-0.0958348,-0.205791,0.0188418,-0.43472,-0.47069,-0.410265,-0.194316,-0.598233,0.00112468,-0.294622,-0.524268,-0.393957,-0.503027,-0.446138,-0.47714,-0.300224
0.371744,0.49875,0.246396,0.551033,0.47165,0.168507,0.47226,0.33887,0.446098,0.345568,0.287202,0.480294,0.326668,0.556935,0.376587,0.608439,0.681848,0.202277,0.444791,0.411896	0.178957,0.340375,0.511151,0.466874,0.379789,0.176948,0.365002,0.429178,0.519076,0.228469,0.516294,0.576047,0.312445,0.588006,0.321496,0.602172,0.770244,0.417936,0.477998,0.445848	0.206527,0.190758,-0.302904,0.113309,0.111906,-0.00870093,0.129597,-0.105677,-0.0949687,0.127137,-0.268976,-0.132379,0.0158395,-0.0462018,0.0626803,0.0098904,-0.186171,-0.235574,-0.0421733,-0.0415905
-0.65959,-0.314377,-0.158696,-0.383331,0.0207844,-0.376129,0.0643186,-0.633436,-0.493859,-0.392901,-0.323842,-0.56629,0.000351236,-0.345362,-0.348754,0.0127581,-0.208892,-0.410358,-0.259207,-0.578914	-0.25005,-0.00478913,0.108465,0.0739813,0.064881,0.189057,0.212589,-0.296644,-0.118071,0.0375356,0.0207595,-0.162963,0.0420999,0.127956,0.142755,0.314854,0.363152,0.0354042,0.185223,-0.214816	-0.490426,-0.310055,-0.26264,-0.444701,-0.0441562,-0.527664,-0.150326,-0.414721,-0.399057,-0.424181,-0.3423,-0.444332,-0.0417493,-0.453287,-0.468199,-0.303314,-0.531709,-0.439378,-0.424071,-0.415808
-0.710103,-0.20956,-0.130966,-0.425243,0.0447341,-0.186573,0.163246,-0.64761,-0.508647,-0.37788,-0.300195,-0.602518,0.0570238,-0.305524,-0.377741,0.0367167,-0.021513,-0.397942,-0.266892,-0.596172	-0.329686,0.0301606,0.0586215,0.0437481,0.162774,0.13736,0.160166,-0.28991,-0.151337,-0.0191151,0.0549475,-0.0991179,0.00454708,0.0583206,0.114356,0.311217,0.499696,0.0355312,0.163198,-0.239462	-0.4967,-0.238215,-0.188143,-0.460426,-0.118905,-0.315839,0.00316314,-0.440381,-0.387108,-0.361375,-0.349379,-0.535373,0.0524904,-0.357475,-0.47172,-0.277673,-0.515666,-0.427429,-0.412138,-0.416115
-0.701425,-0.27946,-0.0777684,-0.349208,-0.0821154,-0.434963,-0.025759,-0.627039,-0.519126,-0.367933,-0.278051,-0.535447,0.0367336,-0.367857,-0.427384,0.0271463,-0.197558,-0.296279,-0.250667,-0.631475	-0.20439,0.160708,-0.0342519,0.174484,0.0251902,0.0484354,0.195108,-0.303187,-0.238743,0.20749,-0.124557,-0.197487,0.0921755,0.0585486,0.0733158,0.355594,0.293246,-0.0111937,0.166958,-0.309809	-0.580218,-0.421249,-0.0436327,-0.493615,-0.107084,-0.473425,-0.219762,-0.399872,-0.32005,-0.53461,-0.159001,-0.377923,-0.0556302,-0.417415,-0.485487,-0.33165,-0.463927,-0.286034,-0.40085,-0.399901
-0.755683,-0.173898,-0.0530884,-0.371011,-0.0619063,-0.236841,0.0819659,-0.608268,-0.526982,-0.371029,-0.235954,-0.590524,0.108817,-0.361235,-0.458259,0.0449019,0.0119827,-0.264484,-0.230865,-0.653021	-0.329054,0.192006,-0.0819011,0.187572,0.11698,0.0808255,0.164716,-0.224132,-0.260181,0.0915768,-0.0787136,-0.165159,0.066057,-0.0384623,0.0323435,0.340457,0.488059,0.00397436,0.170322,-0.343619	-0.567825,-0.354082,0.0289384,-0.52224,-0.1776,-0.3117,-0.0838827,-0.444773,-0.309195,-0.447404,-0.160216,-0.471334,0.0430698,-0.32732,-0.483437,-0.300143,-0.478877,-0.268176,-0.386009,-0.398914
0.541065,0.861083,0.892715,0.756605,0.814187,0.76477,0.933728,0.734853,0.858773,0.89784,0.80491,0.762442,0.927745,0.555377,0.938646,0.975384,0.846373,0.972481,0.875686,0.677037	0.640206,0.751038,0.786223,0.808694,0.912554,0.383491,0.761819,0.729619,0.802829,0.809112,0.790471,0.966238,0.809489,0.429289,0.952378,0.941259,0.820828,0.937943,0.878467,0.682312	-0.151683,0.311481,0.357203,-0.134201,-0.382736,0.539507,0.595524,0.0112842,0.180141,0.324361,0.0396949,-0.774008,0.474922,0.16556,-0.129482,0.416602,0.0836796,0.393059,-0.0120515,-0.00980363
0.756354,0.906106,0.609578,0.879456,0.536405,0.341741,0.778284,0.944068,0.798047,0.839379,0.927146,0.971672,0.965521,0.984244,0.893966,0.948788,0.962807,0.88689,0.963597,0.971521	0.647231,0.875644,0.565365,0.6604,0.554561,0.543614,0.89489,0.871565,0.784843,0.760983,0.977906,0.956069,0.946018,0.903239,0.94158,0.981754,0.973734,0.906529,0.955405,0.961307	0.213772,0.147461,0.0674643,0.522548,-0.0258434,-0.247932,-0.384177,0.409197,0.0353361,0.217014,-0.543835,0.219706,0.225206,0.72983,-0.300862,-0.481097,-0.174874,-0.100195,0.103208,0.154594
0.274946,0.406169,0.546777,0.576389,0.475463,0.235774,0.447763,0.576493,0.582426,0.449123,0.604314,0.56287,0.409228,0.653324,0.488861,0.643212,0.815729,0.552916,0.571627,0.687262	0.292654,0.493488,0.204251,0.413988,0.50265,0.302766,0.513166,0.440006,0.683213,0.489649,0.460827,0.730295,0.533796,0.491724,0.722817,0.795532,0.797787,0.541589,0.672866,0.486319	-0.019258,-0.109208,0.385588,0.213298,-0.0357245,-0.072141,-0.0849146,0.182875,-0.167398,-0.0519511,0.198868,-0.284282,-0.159384,0.238087,-0.361802,-0.311938,0.051377,0.0161686,-0.164517,0.30182
0.624496,0.67397,0.619468,0.782882,0.618431,0.106002,0.513895,0.659107,0.528322,0.573556,0.512173,0.599511,0.470023,0.811512,0.639599,0.751743,0.826635,0.487662,0.668829,0.864725	0.412194,0.559243,0.53956,0.538058,0.538452,0.184829,0.478875,0.684204,0.677603,0.530055,0.636432,0.820863,0.5599,0.66598,0.747221,0.900557,0.904027,0.696796,0.821948,0.668186	0.285895,0.184126,0.120025,0.423012,0.119907,-0.0804021,0.0464513,-0.045711,-0.232522,0.0625032,-0.184351,-0.435832,-0.121977,0.316684,-0.206141,-0.460708,-0.30626,-0.316774,-0.340069,0.465507
-0.810695,-0.295463,-0.058529,-0.343621,0.0239434,-0.517103,-0.0144306,-0.475756,-0.514877,-0.461919,-0.0805235,-0.582629,0.267063,-0.41932,-0.353973,-0.00965578,-0.146003,-0.32401,-0.443266,-0.731216	-0.373345,0.09472,-0.00326471,0.0298007,0.00985705,-0.0820094,0.186332,-0.327905,0.217314,0.0828343,-0.137624,-0.0987708,0.166909,-0.100168,0.571507,0.456262,0.397704,0.0593583,0.361252,-0.208118	-0.627178,-0.379561,-0.0552749,-0.369637,0.0140897,-0.454362,-0.200224,-0.17518,-0.65851,-0.524678,0.05774,-0.513403,0.104827,-0.333145,-0.769759,-0.463874,-0.513869,-0.376134,-0.693472,-0.616991
-0.857176,-0.143044,-0.0646132,-0.353924,0.0366662,-0.308491,0.109751,-0.438187,-0.512938,-0.450932,-0.113246,-0.640409,0.334411,-0.387166,-0.405714,0.00984111,0.0553322,-0.309496,-0.423199,-0.756159	-0.547667,0.159033,-0.0635641,0.0626681,0.0898522,-0.0317348,0.158682,-0.29129,0.2286,-0.0467775,-0.186059,-0.0360248,0.0946317,-0.163331,0.532231,0.426813,0.534604,0.0706432,0.383758,-0.245876	-0.583371,-0.295358,-0.0010534,-0.407553,-0.0533618,-0.279492,-0.0497982,-0.168389,-0.663712,-0.412863,0.0743805,-0.618657,0.247615,-0.238945,-0.771378,-0.418731,-0.493881,-0.372006,-0.694213,-0.626822
0.221341,0.407376,0.600302,0.583185,0.376602,0.234822,0.563984,0.535789,0.506168,0.435089,0.623768,0.565937,0.415643,0.637776,0.495379,0.65269,0.804634,0.549437,0.561531,0.677337	0.33365,0.520608,0.327656,0.652038,0.384238,0.11919,0.514882,0.461378,0.618467,0.557,0.426616,0.747359,0.559616,0.554141,0.675203,0.770222,0.776657,0.515974,0.672352,0.487612	-0.121265,-0.14371,0.339405,-0.1111,-0.00892834,0.118962,0.0691952,0.0988461,-0.163475,-0.160905,0.26864,-0.314399,-0.187611,0.12935,-0.2702,-0.236348,0.0745906,0.0467025,-0.178038,0.283288
0.587202,0.680113,0.797991,0.812444,0.469133,0.316373,0.622456,0.588096,0.474321,0.58243,0.537219,0.601366,0.466174,0.755688,0.607535,0.760936,0.818601,0.472715,0.666048,0.854364	0.484315,0.592335,0.767606,0.789774,0.376602,0.215559,0.459793,0.691817,0.63547,0.631691,0.603104,0.836469,0.575876,0.683451,0.668178,0.878675,0.882076,0.664248,0.831076,0.669495	0.143775,0.146996,0.0784227,0.0632603,0.112387,0.108192,0.227883,-0.174865,-0.230679,-0.0779334,-0.0974641,-0.473068,-0.14996,0.149396,-0.102082,-0.355295,-0.228385,-0.279202,-0.369632,0.43193
-0.816689,-0.282332,-0.00545989,-0.309162,0.127029,-0.452745,-0.0105025,-0.553818,-0.523196,-0.409739,-0.00617413,-0.587472,0.237413,-0.342245,-0.362472,0.00618063,-0.121541,-0.333426,-0.45851,-0.73075	-0.274127,0.140167,0.0798581,0.227011,0.0962604,-0.0759998,0.103739,-0.382245,0.157179,0.275365,-0.131686,-0.0972219,0.157752,0.0694813,0.466882,0.449405,0.411881,0.021061,0.351764,-0.189754	-0.699067,-0.406416,-0.0852808,-0.50101,0.0311492,-0.390171,-0.114117,-0.217648,-0.628676,-0.615643,0.125614,-0.519947,0.082761,-0.402163,-0.709315,-0.444459,-0.507992,-0.352015,-0.697738,-0.628089
-0.857374,-0.136201,-0.00416105,-0.352682,0.176522,-0.220459,0.11548,-0.525338,-0.520813,-0.393365,-0.0417157,-0.641203,0.306149,-0.301535,-0.414612,0.0284852,0.0703829,-0.318684,-0.433181,-0.755337	-0.40794,0.196734,0.0298681,0.22993,0.224532,-0.0282711,0.0696949,-0.346923,0.167327,0.12234,-0.179395,-0.0257186,0.0896763,-0.000524419,0.424556,0.424568,0.546658,0.0322208,0.374282,-0.226075	-0.691178,-0.324246,-0.0340249,-0.53891,-0.0499915,-0.193393,0.0461568,-0.218179,-0.632978,-0.492027,0.138717,-0.625804,0.222584,-0.301058,-0.713563,-0.400931,-0.495333,-0.347338,-0.694812,-0.638251
0.416189,0.463463,0.315615,0.563802,0.443586,0.162655,0.504492,0.304738,0.506387,0.385687,0.201769,0.506993,0.331865,0.563627,0.504637,0.628563,0.690464,0.186246,0.481637,0.48993	0.208513,0.27439,0.574068,0.472358,0.336471,0.183125,0.398677,0.468636,0.568122,0.301309,0.466368,0.565115,0.289011,0.579478,0.396033,0.639012,0.779234,0.406509,0.530995,0.501191	0.227411,0.21662,-0.315642,0.124637,0.125907,-0.0210994,0.132456,-0.191203,-0.0866685,0.0954731,-0.292084,-0.081461,0.0473996,-0.0235388,0.13573,-0.0174635,-0.192158,-0.238306,-0.0663189,-0.0149262
-0.727893,-0.434756,-0.122769,-0.383945,0.039932,-0.374178,0.0999821,-0.483477,-0.534235,-0.405705,-0.201539,-0.554506,0.212524,-0.344571,-0.348943,0.0412877,-0.17127,-0.343993,-0.425689,-0.691489	-0.207891,-0.133026,0.254314,0.0871928,0.00690228,0.203541,0.265729,-0.255278,0.0541958,0.168457,-0.107439,-0.158204,0.00976403,0.16332,0.374786,0.376785,0.390623,0.0118425,0.359611,-0.0378188	-0.61272,-0.320251,-0.365666,-0.455877,0.0330388,-0.536834,-0.170271,-0.26033,-0.571874,-0.537432,-0.0961829,-0.434411,0.203181,-0.480832,-0.640027,-0.340799,-0.526658,-0.354392,-0.681044,-0.671223
-0.77422,-0.307834,-0.116546,-0.434678,0.0641349,-0.17449,0.211708,-0.473086,-0.56323,-0.368899,-0.159203,-0.606051,0.310869,-0.287088,-0.400035,0.0704264,0.00524215,-0.339691,-0.452943,-0.718463	-0.304756,-0.0760958,0.202416,0.0591735,0.102176,0.147169,0.203959,-0.245096,0.0171315,0.0928561,-0.0766894,-0.0972727,-0.0229022,0.0857067,0.363751,0.366387,0.512175,0.011718,0.349448,-0.0716209	-0.614439,-0.237297,-0.311611,-0.481467,-0.0382926,-0.313606,0.00809935,-0.257894,-0.574815,-0.446462,-0.0835334,-0.54065,0.331412,-0.363842,-0.666763,-0.3038,-0.508297,-0.350016,-0.692743,-0.681933
-0.762203,-0.384852,-0.039401,-0.347736,-0.0658617,-0.436743,0.00837407,-0.464657,-0.562305,-0.381619,-0.116152,-0.521817,0.242329,-0.366618,-0.395483,0.0560011,-0.15776,-0.215903,-0.432444,-0.738968	-0.116852,0.0691592,0.0812693,0.189805,-0.0270441,0.0392729,0.24722,-0.314107,-0.0948605,0.29594,-0.290307,-0.151973,0.0759064,0.116241,0.364869,0.398672,0.323804,-0.0341049,0.326079,-0.128943	-0.708449,-0.442241,-0.120285,-0.504259,-0.0388869,-0.467989,-0.239341,-0.176278,-0.493783,-0.608803,0.180233,-0.401699,0.169542,-0.463122,-0.664469,-0.350496,-0.45816,-0.183147,-0.664782,-0.674273
-0.807353,-0.26166,-0.0373443,-0.378728,-0.0433917,-0.226282,0.127843,-0.406366,-0.582768,-0.36555,-0.0319943,-0.594158,0.35423,-0.347789,-0.443635,0.0790761,0.0411162,-0.19443,-0.424906,-0.77011	-0.273278,0.113321,0.0271962,0.206272,0.0613751,0.0729776,0.206894,-0.25171,-0.122423,0.162535,-0.247807,-0.112506,0.0523143,0.010404,0.338379,0.376567,0.503073,-0.0200878,0.329115,-0.183951	-0.685267,-0.364182,-0.064475,-0.542611,-0.104488,-0.294398,-0.0811982,-0.172278,-0.495711,-0.498469,0.217537,-0.516156,0.307616,-0.356902,-0.679943,-0.306622,-0.471714,-0.175026,-0.661513,-0.6829
0.414957,0.874589,0.877627,0.731547,0.814474,0.792248,0.957146,0.796395,0.84619,0.91427,0.837015,0.720909,0.936287,0.588453,0.923909,0.985736,0.85552,0.969806,0.809555,0.45865	0.549238,0.723825,0.8057,0.816263,0.907348,0.393551,0.768266,0.756391,0.829192,0.783815,0.819479,0.985057,0.813245,0.415108,0.991072,0.94006,0.838061,0.955719,0.865198,0.496669	-0.173919,0.410856,0.245571,-0.210283,-0.355855,0.579325,0.713676,0.100609,0.0569754,0.460351,0.0558334,-0.911285,0.51575,0.229375,-0.796345,0.622727,0.0616859,0.192621,-0.18574,-0.0492342
-0.166971,0.0906625,0.247681,0.256668,-0.14773,-0.0570191,0.247666,-0.151815,-0.301435,-0.040376,0.0916041,0.195049,0.102488,0.137235,0.0820989,-0.03543,-0.0303166,-0.125775,-0.123147,-0.199925	-0.717328,-0.75636,-0.251018,-0.355779,-0.258216,-0.285763,-0.624313,-0.756101,-0.618219,-0.596319,-0.885676,-0.821452,-0.867263,-0.622796,-0.746164,-0.920613,-0.732844,-0.854005,-0.907625,-0.96147	0.625244,0.792666,0.469509,0.5612,0.114868,0.232533,0.755208,0.682645,0.389338,0.569659,0.903942,0.876125,0.890592,0.700186,0.780453,0.915029,0.71849,0.815864,0.883193,0.942765
-0.0199014,0.154309,0.516479,0.372175,-0.288435,0.242403,0.172447,-0.295028,-0.244601,0.0611049,0.117848,0.166453,-0.0145575,-0.215121,-0.389898,-0.141442,0.0795755,-0.225201,-0.0902688,-0.184908	-0.560261,-0.669835,0.429121,0.00372163,-0.287796,-0.163414,-0.663294,-0.702242,-0.527876,-0.566111,-0.86663,-0.784319,-0.901844,-0.575652,-0.824078,-0.821692,-0.707334,-0.821665,-0.88294,-0.936548	0.546453,0.746939,0.112231,0.368965,-0.000696522,0.390354,0.749959,0.513628,0.325274,0.606245,0.893249,0.84098,0.89909,0.411488,0.639729,0.769707,0.744977,0.731893,0.86132,0.909068
-0.101898,0.154564,0.0771045,0.0220625,0.19701,0.25702,0.0292731,-0.219311,-0.122997,0.2193,0.580178,-0.204583,-0.32035,0.425751,-0.0728663,0.373264,0.379876,-0.0393857,-0.187544,0.0347388	-0.799814,-0.884517,-0.488165,-0.751675,-0.447643,-0.363398,-0.832901,-0.874928,-0.826534,-0.801021,-0.935995,-0.972408,-0.961402,-0.888729,-0.871611,-0.93645,-0.933255,-0.911497,-0.953015,-0.975159	0.759843,0.914109,0.544765,0.761116,0.592408,0.567421,0.841653,0.811289,0.783153,0.867868,0.982586,0.958509,0.926357,0.953643,0.852915,0.970487,0.969443,0.904586,0.93206,0.976808
0.087215,0.0918941,0.083666,-0.127011,0.319707,0.309363,-0.0397459,-0.215095,-0.127051,0.265324,0.619233,-0.156655,-0.265244,0.486915,-0.076369,0.448235,0.224789,-0.0386393,-0.148484,0.0452906	-0.781528,-0.858383,-0.510727,-0.796097,-0.333167,-0.384353,-0.853899,-0.871527,-0.83281,-0.805947,-0.941172,-0.972281,-0.959948,-0.884677,-0.875943,-0.935091,-0.913406,-0.911257,-0.946323,-0.974269	0.813307,0.880799,0.570035,0.744349,0.590027,0.619996,0.842755,0.807878,0.789271,0.882549,0.985848,0.962178,0.932013,0.958644,0.856895,0.974763,0.944307,0.904465,0.928275,0.976473
-0.31318,-0.45743,-0.289618,-0.306819,-0.375057,0.0551936,-0.0869481,-0.51542,-0.124956,-0.311184,-0.470413,-0.341639,-0.28644,-0.274984,-0.509397,-0.624614,-0.415771,-0.540063,-0.492412,-0.628783	-0.0912475,-0.250982,0.146327,-0.0425929,-0.272439,-0.0724976,-0.115874,-0.353866,-0.0334524,-0.316427,-0.371477,-0.170406,-0.283894,0.0430492,-0.321717,-0.206,-0.391675,-0.432515,-0.318461,-0.411288	-0.228461,-0.233224,-0.418221,-0.267725,-0.114297,0.127182,0.02922,-0.197593,-0.091888,0.00581619,-0.119885,-0.181817,-0.00277173,-0.314313,-0.224466,-0.480431,-0.0287829,-0.140326,-0.206302,-0.293361
0.0889713,-0.209864,-0.107427,-0.123457,0.0246413,0.311961,0.196199,-0.0609777,0.019645,0.153995,-0.20012,0.258181,-0.0924299,0.0607038,0.112882,0.141179,-0.063969,-0.0722281,0.117745,-0.153501	-0.338858,-0.538072,-0.341298,-0.503485,-0.431673,-0.1414,-0.287292,-0.604383,-0.637055,-0.419105,-0.655934,-0.647838,-0.489143,-0.519849,-0.391668,-0.501032,-0.716246,-0.581379,-0.462171,-0.640054	0.415309,0.369988,0.242772,0.405215,0.451512,0.434208,0.457692,0.564198,0.648583,0.538354,0.524688,0.776193,0.415498,0.562793,0.483188,0.599785,0.683597,0.531468,0.549986,0.539565
0.166523,-0.281029,-0.0875449,-0.233043,0.0478019,0.290992,0.155698,-0.110201,-0.0332568,0.246833,-0.0984692,0.283934,-0.0436475,0.0914327,0.141943,0.168738,-0.151254,-0.0864486,0.05096,-0.161428	-0.346859,-0.529063,-0.36174,-0.566012,-0.360183,-0.161002,-0.315701,-0.618709,-0.667812,-0.427079,-0.628418,-0.640608,-0.508763,-0.523809,-0.400518,-0.494678,-0.689009,-0.587863,-0.473406,-0.648469	0.485348,0.291353,0.283163,0.383563,0.401079,0.431766,0.449314,0.545716,0.648968,0.609645,0.564905,0.782257,0.475679,0.587122,0.513281,0.612307,0.600318,0.528261,0.512014,0.543986
-0.126614,-0.280626,0.0264406,-0.113748,-0.175244,0.178195,0.0446017,0.0940384,-0.0233628,0.184154,-0.0413748,0.514647,-0.0277498,0.0505616,-0.080743,0.307747,0.00233077,0.195011,0.193757,-0.326938	-0.621331,-0.711919,-0.5083,-0.658048,-0.611735,-0.0901676,-0.380306,-0.646945,-0.648772,-0.425718,-0.684763,-0.700139,-0.459616,-0.707358,-0.633478,-0.707484,-0.753267,-0.518592,-0.596709,-0.832346	0.536959,0.53897,0.52765,0.588338,0.488902,0.264119,0.417821,0.698489,0.635035,0.565535,0.662149,0.893012,0.437445,0.731748,0.582531,0.83371,0.754274,0.648064,0.708546,0.694361
-0.0619503,-0.363457,0.0356763,-0.175819,-0.1733,0.193231,0.0408697,0.127204,-0.0578368,0.225609,0.122199,0.517755,0.0513157,0.0300018,-0.0559034,0.324002,-0.069857,0.201009,0.151398,-0.353791	-0.633396,-0.71729,-0.530446,-0.678828,-0.568809,-0.0719985,-0.382805,-0.623486,-0.669641,-0.450339,-0.639856,-0.695801,-0.459636,-0.737006,-0.636746,-0.706594,-0.699838,-0.511157,-0.591511,-0.841979	0.594784,0.478608,0.555607,0.57118,0.438759,0.26159,0.417148,0.695528,0.636454,0.613605,0.706791,0.892154,0.499178,0.750415,0.602281,0.838607,0.662363,0.645811,0.681848,0.69531
0.934295,0.792831,0.907732,0.843559,0.760408,0.739241,0.911016,0.879848,0.893915,0.948793,0.894962,0.847181,0.902677,0.783673,0.997504,0.94428,0.671277,0.971842,0.881257,0.831377	0.824783,0.895381,0.833803,0.878383,0.870999,0.771904,0.89722,0.932084,0.900098,0.852782,0.851483,0.891724,0.814564,0.691701,0.959092,0.937352,0.913667,0.978778,0.916379,0.818099	0.477364,-0.35348,0.304074,-0.134439,-0.327496,-0.0760709,0.0755456,-0.290346,-0.0316438,0.502979,0.182721,-0.182145,0.332866,0.200843,0.887067,0.0603086,-0.626855,-0.142169,-0.182513,0.0415137
-0.288873,-0.484002,-0.699365,-0.591819,-0.0896136,-0.137705,-0.151658,-0.432765,6.0433e-05,-0.347559,-0.488935,-0.369215,-0.290606,-0.198756,-0.400079,-0.606262,-0.430086,-0.491585,-0.473263,-0.612516	-0.0115104,-0.279607,-0.183179,-0.309644,-0.085633,-0.0379213,-0.201968,-0.294829,0.116828,-0.316528,-0.390272,-0.210078,-0.299987,-0.021073,-0.293862,-0.192488,-0.385489,-0.393329,-0.291911,-0.388346	-0.278288,-0.236385,-0.59203,-0.345487,-0.00401138,-0.100307,0.0519002,-0.158109,-0.116768,-0.0348667,-0.12193,-0.172519,0.0102771,-0.17843,-0.120369,-0.468439,-0.05346,-0.121808,-0.210422,-0.294135
0.127045,-0.233709,-0.173044,-0.158417,-0.127334,0.075223,0.19272,0.0475816,0.082603,0.0682477,-0.280806,0.29366,-0.0541483,-0.0239745,0.12245,0.093358,-0.119685,-0.0592389,0.146227,-0.156906	-0.299241,-0.546904,-0.453289,-0.608811,-0.403002,-0.115424,-0.335719,-0.617765,-0.543518,-0.425646,-0.680964,-0.649784,-0.495368,-0.559492,-0.376584,-0.504314,-0.719689,-0.563389,-0.447249,-0.639425	0.410674,0.359092,0.304098,0.498469,0.29058,0.189006,0.496327,0.646348,0.599218,0.479952,0.494767,0.792267,0.453381,0.542798,0.477036,0.570798,0.656558,0.521556,0.557046,0.536328
0.131662,-0.295021,-0.160816,-0.205989,-0.182127,0.0377375,0.172578,-0.0127597,0.0405384,0.138416,-0.179915,0.311478,-0.00792018,-0.00747967,0.149663,0.112353,-0.182959,-0.0731201,0.0751928,-0.165843	-0.327199,-0.536357,-0.473121,-0.656289,-0.322724,-0.137061,-0.358222,-0.63651,-0.572397,-0.436861,-0.652082,-0.644876,-0.516934,-0.562695,-0.384491,-0.499814,-0.682645,-0.569563,-0.460165,-0.648201	0.43991,0.286702,0.338023,0.520692,0.149378,0.173899,0.499895,0.628858,0.599036,0.542474,0.534924,0.796388,0.511106,0.557562,0.505089,0.579619,0.571002,0.518017,0.517453,0.540457
-0.0662063,-0.319247,-0.0900811,-0.175412,-0.319165,-0.0165736,0.0347544,0.251192,0.0403374,0.0957904,-0.146261,0.566701,0.0142238,-0.0712541,-0.0425746,0.220534,-0.0732362,0.197889,0.23625,-0.331741	-0.59835,-0.727368,-0.764305,-0.786045,-0.550492,-0.288905,-0.409702,-0.625484,-0.572315,-0.46762,-0.710437,-0.700275,-0.454916,-0.69858,-0.550159,-0.712001,-0.760044,-0.490471,-0.586056,-0.832384	0.554094,0.531553,0.724076,0.708294,0.280633,0.273642,0.438217,0.757639,0.598828,0.539255,0.629597,0.907026,0.466124,0.660188,0.519759,0.80598,0.72729,0.62746,0.7223,0.691625
-0.110306,-0.390786,-0.0875498,-0.132955,-0.395662,-0.0153536,0.053267,0.287633,0.0121848,0.118425,0.0188422,0.559951,0.0897144,-0.112724,-0.0212486,0.223492,-0.115223,0.203218,0.188037,-0.360159	-0.63979,-0.731739,-0.777398,-0.785636,-0.51151,-0.276122,-0.405605,-0.601911,-0.591841,-0.49408,-0.663858,-0.698497,-0.457162,-0.720223,-0.554567,-0.713651,-0.701699,-0.482748,-0.584185,-0.842392	0.569689,0.477494,0.740229,0.728809,0.145243,0.261879,0.449168,0.758266,0.599701,0.578648,0.674266,0.904627,0.525331,0.661178,0.539678,0.808233,0.638064,0.624682,0.695791,0.692262
0.908664,0.79127,0.894323,0.848761,0.715511,0.728587,0.913165,0.885337,0.898669,0.935074,0.891855,0.845816,0.905732,0.726966,0.999691,0.941777,0.674549,0.971523,0.887174,0.830835	0.858546,0.88872,0.822848,0.833262,0.924257,0.766554,0.880585,0.938086,0.905305,0.848507,0.845513,0.894182,0.823367,0.651755,0.960815,0.939759,0.914764,0.978564,0.92579,0.818167	0.227942,-0.328355,0.270628,0.0529428,-0.616344,-0.0859947,0.166324,-0.311244,-0.0355914,0.41904,0.18844,-0.198476,0.323953,0.142933,0.984661,0.0175528,-0.62728,-0.142802,-0.21614,0.0395582
-0.173032,0.0145985,0.127764,0.0350767,-0.159208,-0.0828482,-0.136331,0.133167,-0.0379752,0.0129171,0.14977,0.107889,0.0514979,-0.0270938,-0.138702,0.0285827,0.0548474,0.191016,0.0206826,-0.0463457	-0.438082,-0.374795,-0.289855,-0.425082,-0.434051,-0.159366,-0.334564,-0.456003,-0.605741,-0.241498,-0.393564,-0.607196,-0.252628,-0.557887,-0.375943,-0.434657,-0.604685,-0.2107,-0.358391,-0.51957	0.28679,0.387275,0.402706,0.453398,0.295246,0.0775417,0.207707,0.555441,0.581134,0.253623,0.51309,0.67112,0.30022,0.538939,0.250292,0.457555,0.638361,0.386173,0.376284,0.4849
-0.202538,0.0370432,0.1171,0.0894131,-0.17198,-0.0458568,-0.101205,0.210613,-0.0263515,-0.0274907,0.16664,0.0933789,0.0746172,-0.0737299,-0.147159,0.014572,0.0735032,0.206021,0.0539122,-0.0532972	-0.478643,-0.331115,-0.324066,-0.429412,-0.364978,-0.136203,-0.327845,-0.418111,-0.616484,-0.304834,-0.366153,-0.605394,-0.274911,-0.591062,-0.397041,-0.440662,-0.515385,-0.201014,-0.333824,-0.530017	0.305745,0.363697,0.425037,0.499642,0.205924,0.0909136,0.234418,0.57784,0.599878,0.279687,0.502153,0.661384,0.342502,0.540904,0.265389,0.452329,0.567394,0.390848,0.380881,0.490578
0.889685,0.829443,0.901507,0.887291,0.77134,0.740273,0.904986,0.887454,0.905201,0.923666,0.880665,0.839178,0.875451,0.715763,0.976049,0.936101,0.703823,0.967892,0.913912,0.838975	0.83971,0.865108,0.849823,0.856518,0.90799,0.728466,0.852428,0.91118,0.874126,0.877713,0.907573,0.89334,0.828758,0.657255,0.953176,0.946572,0.899882,0.967702,0.896821,0.822414	0.197587,-0.126276,0.220987,0.128211,-0.456059,0.0256265,0.229947,-0.123983,0.148869,0.242772,-0.134049,-0.216363,0.170127,0.110483,0.328381,-0.0919165,-0.534743,0.00300245,0.0947496,0.053421
0.919456,0.821958,0.896922,0.865596,0.799999,0.770966,0.883125,0.86457,0.905076,0.942699,0.851177,0.830293,0.87124,0.762905,0.988308,0.942856,0.691282,0.956519,0.885376,0.845006	0.848668,0.875557,0.829762,0.868837,0.907376,0.813734,0.867364,0.934265,0.885288,0.864692,0.895161,0.875936,0.841209,0.659518,0.961072,0.941122,0.904924,0.968182,0.900806,0.823972	0.32222,-0.1912,0.262583,-0.0130748,-0.391743,-0.114772,0.0673527,-0.362498,0.0995618,0.421986,-0.184757,-0.167363,0.11243,0.208086,0.542922,0.0153889,-0.570559,-0.157789,-0.076216,0.0692515
