0.27008,0.242065,0.318108,0.239311,0.116962,0.243794,0.225621,0.193141,0.187611,0.142369,0.306809,0.301924,0.20923,0.0774536,0.137087,0.127629,0.0534426,0.118473,0.122871,0.0527591	-0.0220538,-0.0433775,-0.000319886,-0.0720724,-0.281919,-0.109802,0.19089,0.0560749,0.00211436,-0.000296409,0.141052,0.183495,-0.021025,-0.130972,-0.137282,-0.221161,-0.407548,-0.0704807,-0.116781,-0.192732	0.290404,0.282477,0.318396,0.306103,0.386148,0.344378,0.0362941,0.138567,0.18557,0.14266,0.173255,0.125375,0.229247,0.206332,0.2693,0.339215,0.451164,0.187389,0.236262,0.24302
0.347737,0.254579,0.358275,0.287867,0.0901286,0.259072,0.300309,0.199697,0.15474,0.125658,0.288508,0.30348,0.224859,0.0696296,0.105493,0.114794,0.0478964,0.0774358,0.130548,0.0823773	0.086562,-0.0237306,0.0447028,-0.058828,-0.307133,-0.115121,0.314993,0.0734527,0.040336,-0.0637781,0.12206,0.19961,-0.0306779,-0.163361,-0.159823,-0.285635,-0.426009,-0.15683,-0.123642,-0.117274	0.26928,0.276638,0.318676,0.340922,0.386561,0.363356,-0.0162181,0.128123,0.115123,0.187929,0.172524,0.110568,0.253786,0.230371,0.260916,0.387716,0.464429,0.231455,0.250152,0.197741
-0.0411353,-0.0698096,-0.0277901,-0.0287994,-0.0792134,-0.0601865,0.018232,-0.0312609,0.0183834,-0.0155162,0.0146779,-0.0746576,-0.0956269,-0.125114,-0.0724958,-0.0266064,-0.0599759,-0.239463,-0.251598,-0.13738	-0.499061,-0.466404,-0.466383,-0.551536,-0.565588,-0.55765,-0.342891,-0.446667,-0.545889,-0.442038,-0.406206,-0.519405,-0.51153,-0.446884,-0.479657,-0.563202,-0.609545,-0.601292,-0.575854,-0.516754	0.467524,0.409942,0.444352,0.531174,0.509187,0.51474,0.358879,0.421289,0.558666,0.429468,0.418389,0.462689,0.437294,0.340826,0.42183,0.544759,0.570423,0.422691,0.379196,0.408365
-0.0440904,-0.0641887,-0.011624,-0.0393303,-0.0632852,-0.0575152,0.0242251,-0.0228928,0.00515895,-0.0237448,-0.00171228,-0.074765,-0.090566,-0.116338,-0.0843786,-0.0183799,-0.0657245,-0.215046,-0.254307,-0.137571	-0.500568,-0.458172,-0.446774,-0.563143,-0.549089,-0.549639,-0.341471,-0.444223,-0.553759,-0.436694,-0.421858,-0.519216,-0.515173,-0.453462,-0.478886,-0.561702,-0.620173,-0.602163,-0.579314,-0.519292	0.46678,0.405921,0.437421,0.535678,0.503293,0.508189,0.362695,0.425658,0.557326,0.417277,0.420449,0.462401,0.445388,0.3559,0.41112,0.54899,0.578009,0.444703,0.381161,0.411089
-0.0438073,-0.0556318,-0.0306411,-0.0348421,-0.063813,-0.045009,0.0110553,-0.0148509,6.29226e-06,-0.00302097,-0.00287591,-0.0585727,-0.0935689,-0.116513,-0.101832,-0.0172255,-0.0565292,-0.156763,-0.226294,-0.159777	-0.496042,-0.457203,-0.488022,-0.55061,-0.561126,-0.5459,-0.344671,-0.43064,-0.53555,-0.43803,-0.422558,-0.493074,-0.493006,-0.457919,-0.477491,-0.547023,-0.619614,-0.585105,-0.558326,-0.525867	0.46228,0.412052,0.464325,0.525856,0.515782,0.513508,0.354376,0.418465,0.535554,0.435585,0.420193,0.447423,0.418755,0.360648,0.394858,0.534837,0.583524,0.471599,0.38005,0.39967
-0.0407777,-0.0696002,-0.0376885,-0.0363826,-0.0695328,-0.0539939,0.01879,-0.0179753,0.0108859,-0.0156503,0.0132752,-0.065498,-0.101236,-0.116813,-0.0996633,-0.0245368,-0.0608624,-0.0819386,-0.170425,-0.138265	-0.4976,-0.466103,-0.484921,-0.569423,-0.568733,-0.550343,-0.342048,-0.439181,-0.532724,-0.445117,-0.408171,-0.505626,-0.499704,-0.442124,-0.471953,-0.547584,-0.624848,-0.496202,-0.531283,-0.52303	0.466284,0.409796,0.455558,0.544318,0.519754,0.51155,0.358533,0.424558,0.540475,0.432479,0.419175,0.455203,0.4197,0.343027,0.390665,0.530171,0.586282,0.43182,0.396783,0.414759
0.142002,0.088957,0.143111,0.110509,0.106401,0.125208,0.0392899,0.06098,0.0479324,-0.00347946,0.110216,0.0762959,0.125603,0.0767359,0.0868965,-0.0162121,0.0988086,0.109486,0.244047,0.14092	-0.162149,-0.156409,-0.12732,-0.209288,-0.262783,-0.195542,-0.101057,-0.16475,-0.178208,-0.225288,-0.022746,-0.0316277,-0.148189,-0.223313,-0.212394,-0.44034,-0.353761,-0.205153,0.0673597,-0.130185	0.297306,0.241999,0.265592,0.312568,0.359142,0.313085,0.139792,0.223485,0.224225,0.221983,0.13263,0.107664,0.268789,0.294994,0.293867,0.427177,0.437285,0.307727,0.179641,0.266221
0.145581,0.0852254,0.122153,0.114669,0.11489,0.114973,0.0449701,0.0728734,0.0414445,0.00544844,0.10506,0.0716556,0.119585,0.0683474,0.0858884,-0.0209886,0.11528,0.109131,0.236866,0.165841	-0.155315,-0.145886,-0.141129,-0.217971,-0.256903,-0.184903,-0.101105,-0.14495,-0.197901,-0.21149,-0.0163972,-0.0428287,-0.155134,-0.224374,-0.236404,-0.471081,-0.333541,-0.206049,0.0375027,-0.0716876	0.294243,0.228273,0.25882,0.324529,0.361133,0.293634,0.145414,0.215547,0.237398,0.216689,0.121249,0.114134,0.269715,0.2883,0.315879,0.454588,0.432203,0.308248,0.201151,0.234738
0.564284,0.691607,0.74183,0.708323,0.66171,0.636308,0.587275,0.599632,0.551832,0.59514,0.561069,0.597679,0.583223,0.611179,0.539404,0.67654,0.62563,0.49707,0.680985,0.482383	0.630719,0.699378,0.75633,0.666385,0.641194,0.616,0.646397,0.613984,0.648891,0.52976,0.559166,0.614838,0.548348,0.57238,0.54557,0.577251,0.590418,0.417773,0.660928,0.563096	-0.103145,-0.0150519,-0.0330369,0.0794316,0.035636,0.0333997,-0.0952974,-0.0227148,-0.1512,0.0954835,0.00277399,-0.0271278,0.051272,0.0596751,-0.00873667,0.162912,0.055837,0.10008,0.0364726,-0.110814
-0.0286647,0.0108256,-0.0570252,-0.00735143,-0.0536727,0.0394223,0.0390898,-0.0415212,-0.0220372,0.0125843,0.0124466,-0.0565289,-0.0532082,-0.155101,0.00254549,-0.0273594,-0.021728,-0.109076,-0.203626,-0.175349	-0.328827,-0.222223,-0.298303,-0.37641,-0.289282,-0.296167,-0.306099,-0.371554,-0.483362,-0.330926,-0.307236,-0.453546,-0.355004,-0.333487,-0.240207,-0.34682,-0.249093,-0.438741,-0.437003,-0.413507	0.303018,0.232489,0.245454,0.370083,0.239325,0.331716,0.341107,0.335204,0.466292,0.342086,0.318464,0.407464,0.307606,0.188116,0.242604,0.322521,0.228602,0.346235,0.256173,0.256777
-0.0274981,0.00748121,-0.0474454,-0.0132136,-0.0460753,0.0526091,0.0337702,-0.036695,-0.0244199,-0.0153018,0.00223779,-0.0420142,-0.0576985,-0.133893,-0.00348456,-0.0148036,-0.0113333,-0.0965409,-0.203255,-0.169786	-0.327809,-0.218041,-0.278874,-0.389535,-0.269952,-0.27721,-0.311868,-0.372701,-0.488734,-0.33967,-0.321757,-0.444645,-0.366726,-0.330175,-0.233418,-0.341069,-0.256497,-0.449275,-0.43823,-0.411947	0.303042,0.225155,0.234532,0.378268,0.226697,0.325078,0.342036,0.340665,0.469923,0.326063,0.323761,0.410295,0.315708,0.205361,0.230121,0.327921,0.245878,0.368727,0.257952,0.260372
-0.0425454,0.0102959,-0.0475392,-0.00245741,-0.0569662,0.0104338,0.0499732,-0.0239764,-0.00345837,-0.000966196,0.0146708,-0.0293797,-0.0583903,-0.127767,-0.00113439,0.00272979,-0.0137021,-0.0973596,-0.202191,-0.196573	-0.334067,-0.221992,-0.317044,-0.366626,-0.29595,-0.307844,-0.295691,-0.352123,-0.450744,-0.343572,-0.312886,-0.416973,-0.335184,-0.33294,-0.2182,-0.307455,-0.264587,-0.467415,-0.429532,-0.424027	0.295725,0.231758,0.273629,0.364497,0.243082,0.317259,0.340631,0.330941,0.447984,0.34272,0.32606,0.3924,0.282319,0.214289,0.21712,0.309924,0.251798,0.387698,0.248963,0.248137
-0.0379275,-0.00935838,-0.069313,0.000365146,-0.0676521,0.0307645,0.0555256,-0.0348017,-0.0174479,-0.00414708,0.0179993,-0.0352214,-0.0679727,-0.146206,-0.0129093,0.00503454,-0.0107459,0.0086695,-0.0810651,-0.162629	-0.334468,-0.239722,-0.323202,-0.388285,-0.311148,-0.296426,-0.293774,-0.368674,-0.461367,-0.346014,-0.305888,-0.431086,-0.345001,-0.327496,-0.222834,-0.300816,-0.270876,-0.330794,-0.339966,-0.409335	0.300351,0.230881,0.259707,0.388595,0.248732,0.324234,0.343693,0.338212,0.447522,0.342359,0.322114,0.401968,0.283681,0.190407,0.21053,0.305388,0.26089,0.338493,0.266239,0.264301
0.100424,0.171018,0.139959,0.111299,0.0108817,-0.000696522,0.103535,0.165209,0.0384119,0.100435,0.170268,0.08807,0.145957,0.17682,0.0191472,0.0142746,0.00429455,0.16428,0.126944,0.217205	0.0600866,0.190848,0.164149,0.0686322,0.0576084,0.00182899,-0.0157062,0.0498415,-0.0319568,-0.0123191,0.185618,0.0845058,0.0813295,0.057645,-0.0167557,-0.145372,0.0624224,0.0119462,0.227853,0.200472	0.0405819,-0.0204989,-0.0247579,0.0429948,-0.0467561,-0.00252551,0.119048,0.116326,0.0702825,0.112615,-0.0158506,0.00359091,0.0654038,0.120403,0.0358914,0.159316,-0.0581435,0.152633,-0.103914,0.0174947
0.100503,0.15165,0.108185,0.107544,0.000678409,-0.0273187,0.116551,0.213324,0.0687335,0.0979341,0.147745,0.0699804,0.145161,0.135442,0.0600798,-0.0254634,0.00956634,0.162688,0.129647,0.202079	0.0657865,0.189622,0.133658,0.0480843,0.0437081,-0.00285046,-0.0100756,0.106126,-0.0218224,-0.00784918,0.174538,0.0587193,0.0754143,0.0271088,-0.00580167,-0.218735,0.0762386,0.0111714,0.205687,0.240003	0.0349472,-0.039096,-0.0258472,0.0597687,-0.043031,-0.0244702,0.126478,0.109682,0.0904203,0.105702,-0.0275024,0.0113076,0.0705189,0.108732,0.0658585,0.194354,-0.0667209,0.151792,-0.0781239,-0.039857
-0.0456743,0.0113816,-0.0525586,0.0185927,-0.0528398,0.0643765,0.0948388,-0.0661528,-0.0790187,-0.0462075,0.0136949,-0.0907584,-0.0864251,-0.238289,0.0645434,-0.0453932,-0.00188431,-0.0269874,-0.171262,-0.180005	-0.376395,-0.226663,-0.301544,-0.336452,-0.276527,-0.271188,-0.298604,-0.39877,-0.552713,-0.339553,-0.308071,-0.483116,-0.362896,-0.38421,-0.197351,-0.309191,-0.210577,-0.339747,-0.40583,-0.450614	0.336506,0.237432,0.252995,0.352838,0.227004,0.329806,0.382608,0.341629,0.495328,0.298021,0.320415,0.41035,0.285423,0.160627,0.2586,0.267553,0.208776,0.315654,0.252089,0.294496
-0.0401654,0.0108852,-0.0392649,0.0125302,-0.0584696,0.0867418,0.0905331,-0.0565085,-0.0749423,-0.0695964,0.0332299,-0.0762258,-0.0710378,-0.214408,0.0497644,-0.0491738,0.0168689,-0.0190993,-0.167586,-0.167427	-0.371891,-0.219752,-0.279847,-0.350702,-0.266199,-0.245139,-0.302266,-0.397753,-0.554333,-0.346221,-0.300065,-0.474729,-0.359832,-0.37726,-0.198171,-0.31581,-0.21186,-0.353966,-0.404346,-0.44428	0.336756,0.230087,0.243255,0.361643,0.211014,0.324971,0.382336,0.34909,0.500169,0.283455,0.330005,0.413465,0.29637,0.177184,0.245515,0.270842,0.227915,0.337146,0.25397,0.299102
-0.0565067,0.0191047,-0.0461026,-0.00639096,-0.0628185,0.0347844,0.0836983,-0.0690281,-0.0365968,-0.0512706,0.00959577,-0.0516231,-0.071472,-0.183188,0.0373608,-0.0270237,-0.00425394,-0.0708585,-0.196923,-0.199021	-0.379347,-0.219434,-0.322872,-0.346633,-0.28719,-0.283558,-0.302895,-0.391901,-0.511541,-0.346654,-0.318331,-0.440536,-0.327273,-0.359035,-0.193398,-0.27775,-0.236996,-0.412993,-0.417627,-0.457232	0.329912,0.237543,0.280952,0.340997,0.228494,0.315233,0.377035,0.33185,0.484006,0.300728,0.326928,0.397964,0.261928,0.188227,0.229104,0.252622,0.232977,0.352448,0.240481,0.284061
-0.0560085,-0.00302311,-0.0662956,0.0100409,-0.0671297,0.0671695,0.118255,-0.0791152,-0.0779158,-0.0519346,0.0243653,-0.055488,-0.0957292,-0.222569,0.0136935,-0.0282467,-0.0141342,0.0260715,-0.0502486,-0.176228	-0.382889,-0.239063,-0.327667,-0.360653,-0.296617,-0.263289,-0.281044,-0.407989,-0.535904,-0.347391,-0.305238,-0.45302,-0.348766,-0.371968,-0.207547,-0.272641,-0.254107,-0.270555,-0.306629,-0.452566	0.334044,0.23621,0.267175,0.369357,0.234149,0.324716,0.386456,0.339844,0.477945,0.300885,0.32717,0.407782,0.261777,0.162884,0.220613,0.246291,0.240837,0.294549,0.260392,0.300287
0.230455,0.218197,0.13594,0.121009,-0.000219294,-0.0725627,0.0954462,0.227735,0.0492423,0.0527184,0.209272,0.097512,0.0880996,0.173236,-0.0474527,0.0123128,-0.0174974,0.116183,0.206477,0.333572	0.131503,0.231904,0.148385,0.110269,0.0617802,-0.0561841,-0.0638912,0.0950096,-0.0885622,-0.00870654,0.226635,0.0803159,0.053511,0.0840005,-0.086081,-0.0834681,0.0675872,0.0341783,0.329107,0.243494	0.102045,-0.0144376,-0.012702,0.0108852,-0.0619986,-0.0164456,0.158372,0.13566,0.137206,0.0613967,-0.0182278,0.0173319,0.0347524,0.0905535,0.0387868,0.0956826,-0.084984,0.0823313,-0.13157,0.098041
0.231541,0.186514,0.0994996,0.173039,-0.0110192,-0.104278,0.0777311,0.297643,0.105077,0.0657484,0.169707,0.0608519,0.0869834,0.124955,-0.017498,-0.031109,-0.00980275,0.0916019,0.201762,0.350544	0.137917,0.218592,0.113481,0.143625,0.0473018,-0.0669132,-0.0858499,0.172087,-0.0547013,0.0102511,0.198546,0.0366136,0.0472187,0.0462746,-0.0842259,-0.165201,0.0841778,0.0119846,0.297622,0.31586	0.0967124,-0.0334408,-0.0141415,0.0301631,-0.0582906,-0.0376276,0.162497,0.132334,0.158865,0.0555348,-0.0298441,0.0242924,0.0399287,0.0791379,0.0668264,0.134785,-0.0939031,0.0797049,-0.101983,0.0390021
0.755576,0.744944,0.667265,0.763626,0.691412,0.722498,0.662895,0.721862,0.760022,0.61764,0.675821,0.701175,0.754905,0.665951,0.522102,0.747414,0.776452,0.771618,0.864018,0.83172	0.756495,0.753189,0.687558,0.749166,0.708101,0.737912,0.658137,0.720133,0.757063,0.636979,0.662758,0.697346,0.741785,0.644686,0.539622,0.743001,0.753794,0.743437,0.862265,0.83054	-0.00214389,-0.0187842,-0.0374955,0.0337911,-0.032698,-0.033016,0.0084412,0.00359972,0.0069682,-0.0318828,0.0236606,0.007492,0.0298161,0.0372641,-0.024392,0.00992314,0.054635,0.0660961,0.00687828,0.00381554
0.377827,0.366153,0.294417,0.342237,0.331306,0.40848,0.282934,0.384925,0.367698,0.304371,0.284817,0.402276,0.374509,0.36302,0.283232,0.328592,0.422266,0.536689,0.603388,0.589873	0.385345,0.363729,0.254142,0.356071,0.325862,0.42715,0.293145,0.396618,0.412659,0.305068,0.275103,0.437913,0.424237,0.329804,0.316742,0.360805,0.39161,0.490538,0.618345,0.594284	-0.0087982,0.00279686,0.0435322,-0.015754,0.00610291,-0.0226168,-0.0111343,-0.0137995,-0.0530031,-0.000767724,0.0105403,-0.0432572,-0.059121,0.0377343,-0.0368117,-0.0365453,0.0367302,0.0626433,-0.0238584,-0.00679283
0.513355,0.513094,0.41712,0.473309,0.444596,0.457933,0.400976,0.457997,0.437775,0.424402,0.396857,0.492306,0.423961,0.441912,0.303968,0.460792,0.478832,0.334881,0.465382,0.608874	0.517301,0.507436,0.392197,0.448593,0.430003,0.469049,0.407936,0.460806,0.477241,0.425877,0.390412,0.504113,0.468095,0.442451,0.345678,0.501859,0.434646,0.424956,0.496091,0.598637	-0.00537324,0.00764929,0.0297982,0.0313782,0.0180416,-0.014157,-0.00832086,-0.00355997,-0.0498892,-0.0018007,0.00762711,-0.0157051,-0.0550621,-0.000669637,-0.0466075,-0.0534212,0.0557982,-0.10502,-0.0399275,0.0161079
-0.327958,-0.29462,-0.359608,-0.385575,-0.317642,-0.380331,-0.2576,-0.347159,-0.447881,-0.30008,-0.384213,-0.428031,-0.375517,-0.293794,-0.243891,-0.245246,-0.287323,-0.424745,-0.541255,-0.446961	-0.0661164,-0.0689885,-0.117387,-0.0549212,-0.0444962,-0.0821829,-0.0106522,-0.10523,-0.0456633,-0.0639188,-0.0802806,-0.018929,-0.135266,-0.200078,-0.0328547,-0.0486476,-0.0116481,-0.18264,-0.291652,-0.238565	-0.267645,-0.230313,-0.252896,-0.337808,-0.277062,-0.307768,-0.247627,-0.251102,-0.410615,-0.24078,-0.313606,-0.412443,-0.253108,-0.0995687,-0.212741,-0.198972,-0.276601,-0.262466,-0.29639,-0.233269
-0.330407,-0.314146,-0.352033,-0.353407,-0.322057,-0.367269,-0.29108,-0.359552,-0.449006,-0.351877,-0.371657,-0.426306,-0.35047,-0.297639,-0.226825,-0.225346,-0.291861,-0.424449,-0.525007,-0.456958	-0.0651506,-0.0790699,-0.108429,-0.0261358,-0.0541647,-0.0427295,-0.0596534,-0.112822,-0.0745118,-0.11847,-0.0558591,-0.0239023,-0.108214,-0.198448,-0.0402431,-0.0694499,-0.0123195,-0.180097,-0.280797,-0.212988	-0.271091,-0.241064,-0.253272,-0.330322,-0.272648,-0.329714,-0.235516,-0.257161,-0.387457,-0.243561,-0.322493,-0.406547,-0.251806,-0.105418,-0.188301,-0.158375,-0.280551,-0.264577,-0.286436,-0.270275
0.383764,0.352177,0.311725,0.337011,0.350125,0.423609,0.301954,0.381953,0.385792,0.344757,0.297966,0.397735,0.354623,0.30505,0.35516,0.333777,0.42226,0.563158,0.587698,0.588778	0.390413,0.342042,0.25303,0.364513,0.328805,0.426598,0.316776,0.395279,0.433328,0.326559,0.301038,0.437178,0.417153,0.292436,0.37264,0.370465,0.415451,0.546524,0.604583,0.594461	-0.00782042,0.0115235,0.0637207,-0.0313533,0.0240939,-0.00364767,-0.0163897,-0.015696,-0.057078,0.020507,-0.00337424,-0.0477443,-0.0733857,0.0138487,-0.0201462,-0.0418654,0.00825746,0.0240286,-0.0261913,-0.00874226
0.494905,0.512698,0.450192,0.476188,0.444303,0.461934,0.397526,0.500638,0.46877,0.472966,0.389517,0.480139,0.404378,0.391392,0.355252,0.446781,0.480019,0.338427,0.480334,0.612095	0.497957,0.499049,0.405548,0.465506,0.413534,0.457434,0.409129,0.505169,0.510883,0.454985,0.396107,0.495698,0.46151,0.412551,0.380728,0.492414,0.459515,0.457959,0.512964,0.603112	-0.0040506,0.018342,0.0546152,0.0137243,0.0376951,0.00570469,-0.013857,-0.00606581,-0.0553734,0.0229114,-0.00779223,-0.0204195,-0.070241,-0.0252335,-0.0294603,-0.0585035,0.0263062,-0.141456,-0.0432986,0.014239
-0.323017,-0.291658,-0.346412,-0.392572,-0.311502,-0.372747,-0.263125,-0.338043,-0.448052,-0.320746,-0.387232,-0.436568,-0.381248,-0.30526,-0.237714,-0.233466,-0.303342,-0.425276,-0.54202,-0.446894	-0.062036,-0.0715766,-0.114937,-0.0538295,-0.0540319,-0.0867697,-0.0147075,-0.089784,-0.0416773,-0.102444,-0.0785129,-0.03091,-0.132615,-0.197593,-0.037952,-0.0313169,-0.00992176,-0.157224,-0.290444,-0.23553	-0.266317,-0.224774,-0.241074,-0.346055,-0.261878,-0.295536,-0.249382,-0.25603,-0.414108,-0.225718,-0.318399,-0.411207,-0.261874,-0.114578,-0.201581,-0.203638,-0.294306,-0.287259,-0.29858,-0.236228
-0.325657,-0.31115,-0.33728,-0.361787,-0.31594,-0.369904,-0.302037,-0.351393,-0.446117,-0.328454,-0.378484,-0.44149,-0.355691,-0.318719,-0.214925,-0.218361,-0.304218,-0.4248,-0.523749,-0.450397	-0.0617469,-0.0812348,-0.10504,-0.0272065,-0.0626544,-0.0612618,-0.0706576,-0.0976587,-0.0645865,-0.10461,-0.0593841,-0.0460962,-0.104562,-0.206926,-0.0393561,-0.0586407,-0.00617675,-0.154122,-0.276345,-0.200748	-0.269326,-0.235877,-0.24077,-0.337906,-0.258401,-0.315799,-0.236425,-0.262752,-0.39285,-0.231809,-0.326437,-0.403608,-0.26083,-0.119687,-0.177066,-0.161792,-0.298603,-0.289641,-0.289271,-0.274465
0.33256,0.326297,0.260148,0.348315,0.329222,0.423699,0.318159,0.335653,0.408295,0.33184,0.247128,0.4389,0.462822,0.339806,0.366187,0.33861,0.427407,0.325931,0.402471,0.578641	0.328939,0.323301,0.276747,0.31062,0.320514,0.416204,0.314613,0.326811,0.402963,0.332588,0.250475,0.415194,0.457038,0.373792,0.374198,0.346473,0.413655,0.461856,0.418104,0.564472	0.00406534,0.0033493,-0.0178867,0.0422679,0.0097355,0.00909954,0.00394086,0.00993234,0.00638202,-0.000840881,-0.00356751,0.0289896,0.00733677,-0.0389314,-0.00928337,-0.00890723,0.0167049,-0.160013,-0.0187969,0.021041
-0.330059,-0.283995,-0.352583,-0.366307,-0.335138,-0.353064,-0.214632,-0.312438,-0.406147,-0.302158,-0.362306,-0.430087,-0.362405,-0.314655,-0.221684,-0.20386,-0.303736,-0.406119,-0.538261,-0.452936	-0.0776619,-0.0542211,-0.0752041,-0.038672,-0.0648673,-0.059408,0.0361425,-0.0709028,-0.014198,-0.062933,-0.0452294,-0.0530765,-0.151068,-0.199493,-0.0349946,-0.0285171,-0.00747232,-0.114165,-0.29525,-0.25176	-0.259037,-0.233367,-0.284934,-0.332343,-0.276276,-0.299947,-0.248844,-0.247007,-0.394223,-0.243862,-0.322359,-0.385818,-0.223577,-0.122875,-0.188149,-0.176368,-0.296937,-0.306148,-0.288928,-0.227069
-0.33096,-0.297748,-0.354139,-0.354993,-0.329186,-0.353749,-0.221068,-0.322973,-0.402635,-0.313684,-0.351827,-0.435047,-0.34893,-0.310694,-0.197973,-0.212639,-0.313017,-0.404999,-0.520973,-0.470537	-0.0743615,-0.0567308,-0.0772362,-0.0418457,-0.0612229,-0.037493,0.021781,-0.0745358,-0.0336271,-0.0666643,-0.0245038,-0.0681833,-0.140099,-0.188807,-0.0359081,-0.0849445,-0.014472,-0.110647,-0.283423,-0.241161	-0.263073,-0.245158,-0.28469,-0.317869,-0.273475,-0.320507,-0.241686,-0.254566,-0.374073,-0.252296,-0.33017,-0.378079,-0.219564,-0.129483,-0.163225,-0.130044,-0.299904,-0.308161,-0.278702,-0.258736
-0.322715,-0.3087,-0.359743,-0.399698,-0.355987,-0.356277,-0.227413,-0.333657,-0.4216,-0.320656,-0.359466,-0.431165,-0.355792,-0.30494,-0.21249,-0.211896,-0.301115,-0.288334,-0.467441,-0.452248	-0.0633867,-0.0830428,-0.0978577,-0.0512517,-0.0831592,-0.0593124,0.02383,-0.0884685,-0.0347068,-0.0863423,-0.0464044,-0.0367872,-0.139787,-0.212334,-0.0313623,-0.0440939,0.00696904,-0.0588632,-0.185304,-0.238534	-0.264743,-0.231594,-0.271441,-0.355733,-0.281151,-0.303376,-0.249889,-0.252646,-0.392638,-0.240985,-0.318373,-0.400734,-0.227311,-0.0990176,-0.182343,-0.169385,-0.307439,-0.233432,-0.308893,-0.239557
-0.324729,-0.32403,-0.362313,-0.377164,-0.353466,-0.35705,-0.241934,-0.34253,-0.419127,-0.330792,-0.34616,-0.433719,-0.34058,-0.304013,-0.1885,-0.206389,-0.306579,-0.287257,-0.442876,-0.449106	-0.0620611,-0.0879547,-0.101871,-0.0371515,-0.0831147,-0.0372858,-0.000453203,-0.0899379,-0.0548981,-0.0890952,-0.0211544,-0.048804,-0.126241,-0.205457,-0.0319018,-0.082971,0.0055495,-0.0548781,-0.166182,-0.196565	-0.26807,-0.243001,-0.270422,-0.344845,-0.278534,-0.324079,-0.241507,-0.260621,-0.372807,-0.249036,-0.327403,-0.393238,-0.223969,-0.105123,-0.157546,-0.125568,-0.311598,-0.2361,-0.298676,-0.276993
0.812648,0.81175,0.805442,0.770985,0.838517,0.781721,0.802948,0.761239,0.714107,0.590325,0.759617,0.866216,0.848521,0.861854,0.83304,0.830766,0.790055,0.881164,0.862968,0.583214	0.820544,0.833875,0.807966,0.747196,0.834734,0.810565,0.794494,0.775541,0.687376,0.598803,0.773525,0.855605,0.841172,0.87175,0.794977,0.767858,0.800879,0.883242,0.831336,0.647331	-0.0236987,-0.0684765,-0.007228,0.0561153,0.0126085,-0.0787314,0.023349,-0.0349142,0.0525028,-0.0131133,-0.0337216,0.0409915,0.0256734,-0.039791,0.112697,0.173735,-0.0294727,-0.00937218,0.111941,-0.103004
0.36299,0.597727,0.598218,0.593257,0.639984,0.526225,0.374949,0.493582,0.490226,0.545215,0.399684,0.429641,0.464618,0.587913,0.503812,0.647125,0.612204,0.474998,0.646183,0.439412	0.55292,0.630528,0.685903,0.613326,0.592466,0.517172,0.585311,0.519868,0.550603,0.450379,0.367189,0.456414,0.448035,0.536746,0.473416,0.523839,0.57112,0.344374,0.633336,0.562047	-0.237622,-0.0526393,-0.1487,-0.0315484,0.0765388,0.0124388,-0.269508,-0.0353584,-0.0826986,0.125703,0.038085,-0.0333033,0.0209423,0.074757,0.0399166,0.186511,0.0631707,0.15617,0.021747,-0.162856
0.00631667,0.0806103,-0.0426065,0.0184676,0.00506804,0.103032,0.0261876,-0.0149733,-0.0449058,0.0290254,-0.000895056,0.0169527,0.0335858,-0.0487119,0.067529,-0.00774421,0.0168738,0.123676,0.0142491,-0.0605886	-0.479022,-0.371389,-0.490643,-0.492406,-0.345685,-0.4249,-0.467135,-0.482476,-0.583782,-0.416192,-0.508315,-0.60592,-0.459712,-0.363215,-0.318941,-0.409616,-0.271699,-0.4767,-0.471034,-0.424042	0.483874,0.438861,0.457603,0.50627,0.35014,0.505789,0.48736,0.470905,0.553383,0.439904,0.507651,0.61654,0.485797,0.320168,0.378322,0.403151,0.287256,0.566951,0.482048,0.373037
0.0107872,0.070682,-0.0473508,0.0216493,0.000208692,0.116483,0.0125415,-0.0178088,-0.0335616,0.00664213,0.00477131,0.035879,0.02369,-0.0344808,0.0714571,-0.000971761,0.0314457,0.111152,0.0166709,-0.0541699	-0.478397,-0.367943,-0.479779,-0.501929,-0.330617,-0.409247,-0.47264,-0.484204,-0.583757,-0.425489,-0.514937,-0.596507,-0.471856,-0.362517,-0.311639,-0.404736,-0.278246,-0.487856,-0.47172,-0.422728	0.486672,0.427507,0.442481,0.51795,0.330803,0.501808,0.482323,0.470452,0.56119,0.430913,0.518435,0.619135,0.490068,0.332188,0.374751,0.403923,0.307006,0.568197,0.48458,0.377195
-0.00785969,0.0654789,-0.0279352,0.0299196,-0.0108318,0.0540617,0.0479349,-0.0119956,-0.00400205,0.00190369,0.0218538,0.0323624,0.0260552,-0.026449,0.0905339,0.0168452,0.0231316,0.0483025,-0.0122462,-0.0636656	-0.482999,-0.371008,-0.502952,-0.484314,-0.356263,-0.439134,-0.456348,-0.468803,-0.550067,-0.43154,-0.507824,-0.57733,-0.447137,-0.361304,-0.295372,-0.37475,-0.287016,-0.510707,-0.468803,-0.429799	0.47695,0.426135,0.481786,0.506888,0.34677,0.481758,0.493487,0.459391,0.54727,0.433088,0.523864,0.59851,0.467743,0.338086,0.375855,0.389138,0.308102,0.545552,0.459194,0.376434
-0.00524402,0.0558573,-0.0479243,0.0347678,-0.0177456,0.0867837,0.0457332,-0.0209063,-0.031525,0.0108533,0.00771539,0.0332669,0.0225786,-0.045901,0.0762638,0.0252408,0.0292093,0.094542,0.0717693,-0.0470024	-0.48505,-0.38503,-0.508437,-0.503192,-0.369975,-0.426269,-0.456909,-0.483174,-0.56214,-0.431308,-0.506358,-0.58612,-0.45447,-0.357434,-0.300877,-0.367949,-0.29245,-0.400786,-0.392695,-0.419079	0.48103,0.431605,0.472014,0.52871,0.354558,0.494751,0.492354,0.466985,0.540188,0.440101,0.512073,0.60754,0.472203,0.316729,0.368681,0.389572,0.318935,0.477245,0.451733,0.379553
-0.0166833,0.118396,0.0289484,0.0275845,-0.0687403,-0.113994,0.078783,0.128267,-0.00504371,0.114437,0.092137,0.0231254,0.043589,0.115214,-0.0543163,0.0283231,-0.0585584,0.0749234,-0.0759231,0.103666	-0.169228,-0.0103263,-0.116817,-0.126048,-0.0330162,-0.199599,-0.222929,-0.120838,-0.193717,-0.128364,-0.105284,-0.210675,-0.102742,-0.00597895,-0.130743,-0.226848,0.0267513,-0.0920672,0.145206,0.178546	0.152977,0.128565,0.145274,0.1531,-0.0358054,0.087599,0.296505,0.245303,0.188857,0.239286,0.195524,0.232667,0.145679,0.121109,0.0769733,0.253542,-0.0851763,0.165847,-0.218718,-0.0762931
-0.0201212,0.0992815,0.0109648,0.0191628,-0.0856821,-0.135481,0.0870034,0.171663,0.0367401,0.103447,0.0688648,0.00530307,0.048245,0.0795993,-0.00954899,-0.0101099,-0.0645392,0.0736256,-0.0668161,0.0665525	-0.165159,-0.0145063,-0.144946,-0.144184,-0.0466569,-0.207068,-0.216361,-0.0650125,-0.177819,-0.125725,-0.117054,-0.233756,-0.106416,-0.0379041,-0.11722,-0.293765,0.0413731,-0.0937614,0.119365,0.22753	0.145522,0.113624,0.155663,0.162896,-0.0391819,0.073653,0.297759,0.234063,0.213167,0.22623,0.184432,0.238763,0.153871,0.11715,0.107792,0.2845,-0.10563,0.166239,-0.184708,-0.163453
-0.0134647,0.0827887,-0.0383688,0.0493132,0.00511899,0.133218,0.103884,-0.042565,-0.110746,-0.0350525,0.000483863,-0.0265102,-0.00559814,-0.138541,0.134474,-0.0277427,0.0358232,0.194697,0.0511187,-0.0612599	-0.564253,-0.386025,-0.517969,-0.480241,-0.319575,-0.407882,-0.512383,-0.511779,-0.634912,-0.411988,-0.497462,-0.634285,-0.478203,-0.408528,-0.259465,-0.366676,-0.230047,-0.363563,-0.444489,-0.4748	0.555005,0.454295,0.489325,0.517303,0.324164,0.513213,0.585122,0.479663,0.56381,0.382459,0.497826,0.61817,0.473873,0.286185,0.380657,0.342416,0.263697,0.521356,0.484596,0.425929
-0.00285149,0.0761501,-0.0384763,0.0522203,-0.013959,0.158028,0.0895346,-0.0398034,-0.0909458,-0.0525334,0.0429323,-0.00704789,0.00734168,-0.121853,0.129641,-0.037839,0.0588663,0.17711,0.0569116,-0.047009	-0.560949,-0.38045,-0.506082,-0.491167,-0.311601,-0.386364,-0.515034,-0.511578,-0.631231,-0.418795,-0.481931,-0.626324,-0.476776,-0.405134,-0.259674,-0.373623,-0.23106,-0.377789,-0.442579,-0.468683	0.558992,0.443745,0.476892,0.529799,0.298942,0.513067,0.577919,0.48158,0.57319,0.374501,0.514224,0.622022,0.482429,0.297991,0.376636,0.3406,0.286036,0.520099,0.487218,0.431174
-0.0245319,0.0771242,-0.0270293,0.0250659,-0.0179334,0.0835764,0.0981406,-0.0636154,-0.0417678,-0.052298,0.0150968,0.00497086,0.00987261,-0.0854921,0.132144,-0.0153574,0.0319453,0.0671273,-0.00852859,-0.0623177	-0.565851,-0.378824,-0.532397,-0.491551,-0.333841,-0.423724,-0.515322,-0.510268,-0.592253,-0.422818,-0.499796,-0.599855,-0.450972,-0.382055,-0.252802,-0.339492,-0.256355,-0.439359,-0.460655,-0.476331	0.548939,0.443005,0.512747,0.510329,0.317811,0.48995,0.58393,0.461637,0.564448,0.378899,0.511037,0.603028,0.458802,0.306577,0.372502,0.325834,0.285959,0.491977,0.45391,0.426679
-0.0273031,0.0645135,-0.0457227,0.0466915,-0.0182572,0.131008,0.134859,-0.0712744,-0.100563,-0.041067,0.0151798,0.0085948,-0.0107412,-0.127456,0.10554,-0.011167,0.0248733,0.105705,0.104816,-0.0573251	-0.570088,-0.394671,-0.536547,-0.502694,-0.341485,-0.402914,-0.496937,-0.522909,-0.617192,-0.420808,-0.49415,-0.607855,-0.469204,-0.395886,-0.267398,-0.333877,-0.272479,-0.318107,-0.364176,-0.475416	0.551367,0.447783,0.503169,0.536786,0.325255,0.507152,0.592115,0.469119,0.550816,0.386419,0.505538,0.613246,0.460785,0.282695,0.362703,0.323918,0.29535,0.410025,0.451748,0.429804
0.148564,0.176371,0.0236933,0.0435967,-0.0778602,-0.198325,0.0740645,0.202594,0.00403562,0.0601907,0.140559,0.0344991,-0.0201612,0.112689,-0.124011,0.0254321,-0.0800115,0.0259704,0.0158868,0.231887	-0.160718,0.018674,-0.174018,-0.124002,-0.00773974,-0.273104,-0.339283,-0.0819954,-0.222313,-0.10932,-0.0399285,-0.218544,-0.146403,0.0282006,-0.176443,-0.158999,0.0355278,-0.0330708,0.260409,0.202175	0.302069,0.158218,0.196899,0.166697,-0.0701627,0.0790607,0.403215,0.279939,0.226145,0.168403,0.179481,0.25115,0.126615,0.0847573,0.0536042,0.183689,-0.115212,0.0589905,-0.245538,0.0311734
0.145208,0.142437,-0.000486993,0.102081,-0.0957194,-0.224833,0.0417261,0.271592,0.0742269,0.0662662,0.0950264,-0.00727541,-0.0158161,0.0695257,-0.0922355,-0.0164913,-0.0833417,-0.000307183,0.0178186,0.228754	-0.157621,0.0017532,-0.204798,-0.0850358,-0.0226209,-0.286082,-0.359786,-0.00331113,-0.182406,-0.0923489,-0.0708823,-0.258644,-0.14971,-0.0119348,-0.173375,-0.234445,0.0530941,-0.0580862,0.223646,0.290577	0.296053,0.140719,0.204331,0.185507,-0.0732571,0.0654599,0.395574,0.274656,0.253205,0.15765,0.164799,0.251842,0.134212,0.0813929,0.0824585,0.2188,-0.135835,0.05778,-0.206651,-0.0662248
0.764485,0.755437,0.664568,0.772687,0.698569,0.730901,0.65873,0.725418,0.764152,0.627766,0.682319,0.714709,0.766938,0.6888,0.555581,0.747196,0.786727,0.802056,0.885323,0.849499	0.763098,0.767687,0.698124,0.751144,0.725391,0.747574,0.659526,0.730798,0.752095,0.640333,0.65591,0.710514,0.758923,0.677784,0.563034,0.748699,0.761319,0.793452,0.88311,0.849102	0.00333056,-0.0291627,-0.0625992,0.0513424,-0.0543749,-0.036757,-0.00140759,-0.0114513,0.0283504,-0.0210148,0.0478032,0.00852308,0.019176,0.0206621,-0.0108462,-0.0034105,0.063355,0.0236619,0.0101435,0.00142477
0.394518,0.389876,0.308839,0.355631,0.356841,0.421919,0.280319,0.390528,0.36977,0.304481,0.288723,0.421351,0.412716,0.415353,0.339608,0.333565,0.441631,0.572168,0.646669,0.640947	0.399738,0.398263,0.266963,0.365385,0.362237,0.451361,0.284127,0.415575,0.401947,0.314848,0.265176,0.467675,0.463247,0.391305,0.348442,0.372048,0.413539,0.588912,0.680028,0.627631	-0.00619785,-0.00992892,0.0456389,-0.0112102,-0.00619659,-0.0363683,-0.00413767,-0.0298992,-0.0377948,-0.0114659,0.0254996,-0.0576928,-0.0624748,0.028715,-0.0100201,-0.0439345,0.0343689,-0.0252538,-0.0595427,0.0222785
0.525066,0.538417,0.434034,0.485768,0.46922,0.474307,0.396383,0.464372,0.433534,0.430975,0.390764,0.511332,0.463213,0.48683,0.357678,0.468833,0.497876,0.349384,0.502993,0.645815	0.529258,0.532396,0.401805,0.456623,0.462235,0.489527,0.403768,0.478304,0.467823,0.432527,0.383266,0.528811,0.501969,0.494914,0.37581,0.511073,0.453729,0.554864,0.599163,0.636112	-0.00580567,0.00844082,0.0390368,0.037452,0.00891934,-0.019823,-0.00879312,-0.0179104,-0.0430128,-0.0019074,0.00881905,-0.0239559,-0.0504965,-0.0106488,-0.0209482,-0.0555505,0.0570298,-0.254894,-0.137657,0.0164675
-0.401033,-0.341892,-0.44031,-0.437026,-0.367738,-0.440757,-0.289066,-0.379298,-0.476564,-0.294802,-0.457735,-0.458763,-0.428883,-0.324931,-0.291086,-0.230923,-0.329328,-0.453885,-0.621525,-0.505767	-0.0365803,-0.0142778,-0.103077,-0.0342258,0.0176452,-0.0386458,-0.0278849,-0.0814017,-0.0628757,-0.051256,-0.101011,0.0537364,-0.0603583,-0.104227,0.027626,-0.0292251,0.0301165,0.0217258,-0.084119,-0.144098	-0.369879,-0.329221,-0.353266,-0.408917,-0.382898,-0.409079,-0.263304,-0.307387,-0.426467,-0.247283,-0.374017,-0.500169,-0.378318,-0.22844,-0.316169,-0.203069,-0.355914,-0.470966,-0.567053,-0.390099
-0.406745,-0.358992,-0.421343,-0.409072,-0.376774,-0.422644,-0.326375,-0.399756,-0.47516,-0.351035,-0.442174,-0.453513,-0.401804,-0.322589,-0.274259,-0.208591,-0.341616,-0.453039,-0.602615,-0.531133	-0.0358428,-0.0244611,-0.0924677,-0.00396346,0.00681578,0.00518827,-0.0784416,-0.0903474,-0.0919225,-0.105391,-0.074379,0.0475368,-0.0318162,-0.101382,0.0186051,-0.0499456,0.0294297,0.0258839,-0.0718752,-0.110824	-0.376389,-0.337494,-0.342208,-0.405766,-0.382607,-0.426896,-0.254447,-0.321002,-0.400741,-0.255081,-0.380303,-0.490476,-0.374779,-0.228686,-0.291378,-0.160316,-0.367353,-0.473372,-0.554769,-0.446596
0.400058,0.377107,0.328106,0.348796,0.377255,0.437612,0.300739,0.387962,0.385878,0.342931,0.299063,0.416686,0.395341,0.364169,0.40675,0.339837,0.44024,0.59861,0.632408,0.640402	0.406588,0.373704,0.255778,0.378943,0.356425,0.449897,0.303809,0.4076,0.429797,0.341147,0.301221,0.467203,0.453903,0.351098,0.408474,0.37702,0.439253,0.624401,0.668325,0.627462	-0.00779868,0.00396167,0.0789544,-0.0347382,0.0240659,-0.0152963,-0.00337782,-0.0233278,-0.0526511,0.00202088,-0.0023716,-0.062729,-0.0713683,0.0149877,-0.00206761,-0.0426476,0.00122369,-0.0411856,-0.0622114,0.0216323
0.507104,0.538942,0.469412,0.486251,0.470914,0.479254,0.394044,0.507521,0.462193,0.476907,0.380073,0.499514,0.446125,0.443275,0.404267,0.456926,0.498003,0.354444,0.516215,0.650174	0.51265,0.520907,0.404666,0.478137,0.437238,0.477422,0.400617,0.516086,0.508144,0.465841,0.398765,0.521124,0.493003,0.462295,0.415351,0.497861,0.480692,0.568247,0.61496,0.640884	-0.00749473,0.0250752,0.0799285,0.0105716,0.0424079,0.00237499,-0.00780561,-0.0116057,-0.0600556,0.0142259,-0.022031,-0.0292146,-0.0600955,-0.0239224,-0.0133201,-0.0529893,0.0227597,-0.267727,-0.144671,0.0159262
-0.396057,-0.34007,-0.43217,-0.441604,-0.365977,-0.433236,-0.295024,-0.372084,-0.47254,-0.315003,-0.455503,-0.463845,-0.435248,-0.338241,-0.284259,-0.22058,-0.344312,-0.455803,-0.621637,-0.507273	-0.0299434,-0.021682,-0.115148,-0.0242748,-0.00638527,-0.0461817,-0.0374716,-0.072741,-0.0471689,-0.0831713,-0.0828742,0.0409233,-0.062102,-0.109671,0.0330218,-0.0180577,0.0366946,0.0266838,-0.079597,-0.140894	-0.370508,-0.320753,-0.333624,-0.421852,-0.360434,-0.394957,-0.260431,-0.307671,-0.435068,-0.238068,-0.387247,-0.495365,-0.383513,-0.237375,-0.31433,-0.203332,-0.376253,-0.476689,-0.570256,-0.39458
-0.401833,-0.35709,-0.411716,-0.415243,-0.374745,-0.424829,-0.337851,-0.39384,-0.467758,-0.328872,-0.442979,-0.464978,-0.40771,-0.34483,-0.262428,-0.202882,-0.352735,-0.454975,-0.60084,-0.526475	-0.029944,-0.0313932,-0.103493,0.0035122,-0.0159511,-0.0174315,-0.0950844,-0.0818834,-0.0703108,-0.0857549,-0.061884,0.0242988,-0.0324084,-0.118316,0.0299993,-0.0451524,0.0406436,0.0314644,-0.0627495,-0.0963543	-0.376419,-0.32939,-0.321941,-0.418145,-0.360952,-0.410437,-0.250824,-0.322353,-0.410964,-0.250172,-0.391837,-0.483811,-0.380327,-0.236149,-0.290143,-0.159187,-0.387819,-0.479574,-0.559173,-0.453106
0.349057,0.361885,0.278648,0.361859,0.360525,0.444815,0.309332,0.345926,0.401001,0.34176,0.23746,0.462954,0.502164,0.393613,0.411592,0.349875,0.448937,0.349044,0.453932,0.612135	0.347923,0.347861,0.289887,0.323908,0.348266,0.430722,0.312698,0.334697,0.403264,0.332712,0.25336,0.434362,0.4903,0.425716,0.420909,0.352558,0.43252,0.535555,0.515863,0.615564	0.0012908,0.0160437,-0.0122269,0.0429892,0.0140188,0.017433,-0.00372657,0.0126992,-0.00269892,0.0102082,-0.0169173,0.0357887,0.015739,-0.0385658,-0.0112694,-0.00306021,0.020374,-0.229392,-0.0808685,-0.00550279
-0.402812,-0.333623,-0.431598,-0.418813,-0.386738,-0.415978,-0.244561,-0.347611,-0.433872,-0.299346,-0.432194,-0.463423,-0.420877,-0.342707,-0.266357,-0.191254,-0.345017,-0.443921,-0.62351,-0.507205	-0.0471866,-0.0103217,-0.0544431,-0.0120583,-0.0176888,-0.0270654,0.027009,-0.0601795,-0.0147462,-0.0603628,-0.0460824,0.00141845,-0.0803953,-0.109149,0.0519058,-0.0162606,0.0320063,0.0155793,-0.12173,-0.138842	-0.362515,-0.324419,-0.38623,-0.408819,-0.371591,-0.393342,-0.269788,-0.293573,-0.421825,-0.243381,-0.393957,-0.464536,-0.352406,-0.242633,-0.313923,-0.17554,-0.372905,-0.456344,-0.542993,-0.396269
-0.407221,-0.345265,-0.421042,-0.411106,-0.384078,-0.411145,-0.254831,-0.365892,-0.426824,-0.316252,-0.417587,-0.465432,-0.404114,-0.333796,-0.243631,-0.197026,-0.362073,-0.442117,-0.603623,-0.538293	-0.0439446,-0.0125061,-0.0560001,-0.0162309,-0.0141732,-0.00253945,0.0123101,-0.0644938,-0.0347237,-0.064255,-0.0235274,-0.014936,-0.0688549,-0.0969936,0.0488683,-0.0719982,0.024725,0.0199744,-0.107798,-0.124052	-0.369896,-0.334202,-0.373857,-0.397528,-0.371929,-0.409033,-0.266306,-0.308683,-0.397999,-0.257224,-0.397969,-0.453649,-0.344855,-0.244726,-0.289057,-0.126827,-0.383366,-0.458046,-0.530334,-0.443881
-0.397144,-0.354982,-0.437333,-0.451114,-0.408228,-0.4168,-0.258469,-0.367169,-0.451064,-0.316128,-0.434394,-0.461557,-0.413255,-0.334098,-0.258317,-0.198647,-0.341754,-0.351113,-0.571797,-0.509799	-0.0342905,-0.0288716,-0.0727482,-0.0242393,-0.0327834,-0.0191373,0.00725126,-0.0753331,-0.0454203,-0.0736703,-0.0634085,0.0258308,-0.0618617,-0.122781,0.0537857,-0.0265756,0.0504889,0.00958611,-0.0410753,-0.143642	-0.367863,-0.329487,-0.376565,-0.431594,-0.380537,-0.40086,-0.265223,-0.300138,-0.414128,-0.248239,-0.381494,-0.481645,-0.360612,-0.220356,-0.307826,-0.172984,-0.385589,-0.35949,-0.543487,-0.395089
-0.402164,-0.367779,-0.427999,-0.43276,-0.408532,-0.412078,-0.276919,-0.384154,-0.445026,-0.331795,-0.416548,-0.460647,-0.395107,-0.327847,-0.235353,-0.190427,-0.355061,-0.349302,-0.54488,-0.522696	-0.0331295,-0.0334543,-0.0764126,-0.00980237,-0.0329169,0.00565814,-0.0176954,-0.077628,-0.0657463,-0.0765086,-0.0355853,0.0125231,-0.0476312,-0.114709,0.0513402,-0.0652301,0.0493541,0.0145132,-0.018841,-0.0919952	-0.374018,-0.338489,-0.363474,-0.424759,-0.380735,-0.416765,-0.2605,-0.315948,-0.390711,-0.261936,-0.386695,-0.470456,-0.354141,-0.221467,-0.283271,-0.126772,-0.39745,-0.36198,-0.531496,-0.452457
0.786297,0.798553,0.793664,0.743294,0.816828,0.764331,0.793722,0.742055,0.705085,0.587555,0.741708,0.859853,0.831439,0.85747,0.821936,0.82989,0.764065,0.872906,0.834524,0.513457	0.799262,0.817473,0.771165,0.723269,0.823111,0.784572,0.792426,0.771039,0.670672,0.60535,0.751228,0.842121,0.817488,0.858065,0.779958,0.764221,0.792885,0.873818,0.78219,0.617574	-0.0348946,-0.0544927,0.0579959,0.0433054,-0.0191764,-0.0505601,0.00349486,-0.0677425,0.0652837,-0.0276188,-0.0215006,0.0642681,0.0435556,-0.00225119,0.116954,0.179532,-0.0731132,-0.00384472,0.150713,-0.152463
-0.032535,0.00130766,0.0143804,0.068086,0.000400812,0.0535578,0.112876,-0.0450406,-0.116717,-0.11426,0.00207359,-0.0715684,-0.0650894,-0.167368,0.112894,-0.0447288,0.040512,0.120209,0.0813909,0.00601115	-0.751702,-0.77214,-0.827308,-0.79031,-0.750769,-0.728271,-0.706965,-0.758233,-0.833343,-0.746145,-0.702864,-0.809097,-0.737654,-0.763603,-0.623194,-0.765394,-0.685545,-0.609847,-0.778948,-0.708932	0.737197,0.772668,0.831792,0.814565,0.750943,0.752478,0.759253,0.73841,0.793839,0.690777,0.703911,0.782861,0.706485,0.683601,0.687705,0.746212,0.706437,0.680192,0.809046,0.711909
-0.0238759,0.00882283,0.0262558,0.0670059,-0.0296385,0.0746218,0.114737,-0.0352211,-0.102482,-0.104805,0.0581416,-0.0718208,-0.0270002,-0.161465,0.0962732,-0.0802681,0.0589779,0.112896,0.0899426,0.018157	-0.749869,-0.76616,-0.819994,-0.795266,-0.746262,-0.719923,-0.705343,-0.756301,-0.83225,-0.741691,-0.688763,-0.806829,-0.730926,-0.762276,-0.624462,-0.772777,-0.684554,-0.620371,-0.779266,-0.708602	0.739228,0.76978,0.828415,0.818648,0.732832,0.754037,0.758681,0.740814,0.797814,0.690566,0.718146,0.780219,0.718098,0.685138,0.679863,0.738305,0.714677,0.685272,0.812277,0.717528
-0.0246868,0.0227099,0.00501046,-0.0106452,-0.015812,0.0534508,0.0670285,-0.086117,-0.0692725,-0.0964938,-0.00975226,-0.0452769,-0.0267606,-0.114599,0.07106,-0.0695586,0.0196328,0.0334135,0.00780406,0.00877509	-0.751072,-0.762305,-0.831044,-0.804227,-0.757118,-0.735539,-0.717805,-0.763855,-0.81486,-0.743319,-0.707197,-0.787093,-0.719692,-0.753578,-0.629146,-0.764249,-0.705476,-0.666716,-0.790433,-0.710176	0.740108,0.771656,0.832588,0.800434,0.750288,0.759144,0.748806,0.72546,0.790191,0.696804,0.702288,0.76923,0.706539,0.699377,0.670241,0.733693,0.715203,0.684872,0.793343,0.714499
-0.0337756,0.0166631,0.0101994,0.0258737,-0.00264814,0.0803267,0.12706,-0.0840442,-0.124587,-0.0924937,0.0112784,-0.0414054,-0.0551155,-0.15727,0.0489998,-0.0776512,-0.00755948,0.0289246,0.0745761,-0.0115807	-0.754906,-0.770404,-0.833389,-0.806672,-0.756731,-0.726166,-0.700113,-0.770204,-0.82848,-0.744565,-0.701692,-0.792236,-0.731623,-0.763332,-0.636697,-0.763416,-0.716103,-0.609115,-0.752013,-0.71207	0.739998,0.777092,0.836478,0.815524,0.755597,0.762042,0.759601,0.73365,0.78491,0.7003,0.707373,0.776295,0.704933,0.688745,0.664952,0.728979,0.7124,0.626993,0.782694,0.706313
0.25579,0.124977,-0.0159694,0.0351555,-0.0250521,-0.152572,-0.0247573,0.124514,0.0169198,-0.0859193,0.0745457,0.0176832,-0.107393,-0.00482392,-0.119547,-0.00331211,-0.0483583,-0.06394,0.21884,0.197483	-0.457238,-0.573009,-0.700153,-0.643873,-0.634061,-0.668045,-0.63297,-0.532557,-0.612945,-0.591356,-0.399654,-0.561625,-0.572259,-0.563739,-0.60593,-0.675594,-0.601116,-0.472475,-0.484587,-0.292666	0.638367,0.651342,0.69192,0.663999,0.618839,0.573975,0.617895,0.61621,0.6234,0.532493,0.460481,0.573612,0.495305,0.560439,0.524366,0.673789,0.569306,0.421262,0.635983,0.463368
0.256222,0.0941012,-0.0287739,0.187194,-0.0270465,-0.161477,-0.0929251,0.173151,0.0659027,-0.0577019,0.0410912,-0.0205458,-0.107547,-0.0195294,-0.13729,-0.0144823,-0.0432775,-0.101048,0.2001,0.242632	-0.455644,-0.591534,-0.713512,-0.600595,-0.63999,-0.673276,-0.660505,-0.481183,-0.581098,-0.582254,-0.423459,-0.588812,-0.572308,-0.581344,-0.606036,-0.698644,-0.593764,-0.496203,-0.504251,-0.218925	0.637447,0.649482,0.699091,0.708171,0.62374,0.574228,0.604695,0.60401,0.623137,0.542789,0.456605,0.575226,0.495243,0.568267,0.511286,0.691154,0.565005,0.416013,0.639795,0.438277
0.763917,0.74581,0.683366,0.77137,0.703451,0.710198,0.661523,0.735371,0.772017,0.626779,0.677657,0.705923,0.767588,0.698039,0.530539,0.75407,0.781345,0.790482,0.878181,0.848113	0.765992,0.75068,0.712857,0.751777,0.72617,0.738309,0.651443,0.738628,0.767464,0.621069,0.655384,0.71362,0.751198,0.700533,0.542082,0.761607,0.768304,0.773815,0.877407,0.852633	-0.00500074,-0.0110657,-0.0575033,0.0466387,-0.0464448,-0.059099,0.017713,-0.00712996,0.0111732,0.00934841,0.0400683,-0.0155113,0.0387115,-0.00488057,-0.0162025,-0.017704,0.0326261,0.0429209,0.00337083,-0.0163249
0.403478,0.36064,0.325364,0.343527,0.363784,0.415087,0.254807,0.396259,0.368018,0.305944,0.274237,0.40923,0.406262,0.424986,0.284949,0.322132,0.428775,0.569729,0.643387,0.658561	0.398173,0.35781,0.293937,0.361541,0.355578,0.407235,0.274789,0.423598,0.427398,0.294978,0.266437,0.466105,0.451045,0.421197,0.314962,0.382159,0.406125,0.538183,0.659129,0.642562	0.00632076,0.00324985,0.0347501,-0.0205685,0.00942552,0.00944933,-0.0214861,-0.0328542,-0.0704623,0.0120539,0.00841576,-0.0702806,-0.0548297,0.00461541,-0.0329717,-0.0684544,0.0274254,0.0454963,-0.0273335,0.027735
0.533778,0.525826,0.458418,0.474593,0.478357,0.454346,0.374253,0.477533,0.444166,0.429633,0.384854,0.499493,0.460342,0.507866,0.315706,0.455726,0.481577,0.318468,0.471073,0.659081	0.529176,0.499347,0.422296,0.456424,0.451742,0.457676,0.396674,0.486989,0.486856,0.416246,0.383479,0.527879,0.490318,0.518517,0.342344,0.528404,0.448253,0.503713,0.60693,0.659601	0.00641346,0.0359077,0.0447928,0.0231923,0.0339518,-0.00420455,-0.0263303,-0.0123219,-0.0544691,0.0163025,0.00161316,-0.0385512,-0.0387151,-0.0144583,-0.0298648,-0.0957317,0.0424986,-0.220639,-0.190252,-0.000920706
-0.399248,-0.434767,-0.453549,-0.459873,-0.313191,-0.388552,-0.338318,-0.440324,-0.473706,-0.371846,-0.503605,-0.470452,-0.459455,-0.399272,-0.258835,-0.24889,-0.286914,-0.507383,-0.598216,-0.547174	-0.0426265,-0.0934638,-0.0678978,-0.0526825,0.0113687,-0.12088,-0.0502279,-0.0716082,-0.0270505,-0.0799021,-0.105481,0.0402036,-0.0928311,-0.0658916,-0.0357173,-0.0228234,0.0113418,-0.0940558,-0.0983714,-0.0891908	-0.362796,-0.35576,-0.397905,-0.417301,-0.323408,-0.280863,-0.293071,-0.38072,-0.452453,-0.300884,-0.420459,-0.501177,-0.382957,-0.342388,-0.2252,-0.227358,-0.297288,-0.434041,-0.531099,-0.481481
-0.402419,-0.44258,-0.424468,-0.431209,-0.310042,-0.357347,-0.379711,-0.483717,-0.490278,-0.418563,-0.474605,-0.45432,-0.437916,-0.373893,-0.273795,-0.197365,-0.296118,-0.505355,-0.584821,-0.543735	-0.0417227,-0.105265,-0.0569377,-0.0213446,0.00137891,-0.0809594,-0.103101,-0.0834004,-0.0591446,-0.136643,-0.0757876,0.0334134,-0.0638898,-0.0614297,-0.0441666,-0.0423729,0.0106431,-0.0901646,-0.0872906,-0.0436948	-0.366856,-0.353798,-0.376633,-0.413672,-0.311287,-0.284622,-0.28788,-0.417145,-0.444009,-0.299022,-0.413697,-0.480441,-0.384792,-0.319809,-0.232439,-0.156299,-0.305798,-0.435012,-0.524295,-0.512209
0.410105,0.34472,0.343784,0.336567,0.383504,0.433649,0.273199,0.392826,0.387292,0.342607,0.285749,0.407619,0.384913,0.37719,0.356141,0.328722,0.432584,0.593483,0.630556,0.660015	0.402828,0.337397,0.285105,0.373,0.353407,0.397421,0.302767,0.416787,0.451047,0.337047,0.299601,0.456823,0.445897,0.370965,0.375995,0.381536,0.423584,0.579826,0.647227,0.639002	0.00871786,0.00828694,0.0650561,-0.0416629,0.0348154,0.043772,-0.0322344,-0.0286526,-0.0772501,0.00628571,-0.0151482,-0.0604617,-0.0736193,0.0072382,-0.0229245,-0.0603876,0.0110194,0.0208211,-0.0281665,0.0363385
0.516803,0.522019,0.491171,0.475258,0.480516,0.460743,0.368255,0.518788,0.475066,0.472281,0.374318,0.491174,0.43934,0.468703,0.367229,0.44372,0.485438,0.322381,0.486426,0.664466	0.510165,0.491108,0.426473,0.476265,0.431761,0.435615,0.400268,0.524964,0.522017,0.464504,0.394953,0.511765,0.485783,0.476833,0.383316,0.508915,0.465643,0.524189,0.623952,0.660044	0.00901468,0.041567,0.0818415,-0.00130126,0.0615184,0.031438,-0.0375464,-0.00848814,-0.0624346,0.00996349,-0.0242148,-0.0275051,-0.0590443,-0.01047,-0.0187223,-0.0842112,0.0255755,-0.242847,-0.197454,0.00787609
-0.395742,-0.429573,-0.446846,-0.465813,-0.307651,-0.385353,-0.341351,-0.432594,-0.47243,-0.393211,-0.504512,-0.480868,-0.463432,-0.41472,-0.250005,-0.240368,-0.302728,-0.507239,-0.597968,-0.549782	-0.0397985,-0.0919959,-0.0769018,-0.0454003,-0.00602542,-0.138531,-0.0490776,-0.0598579,-0.0205714,-0.096403,-0.0924474,0.0119431,-0.0853574,-0.0861838,-0.0344139,-0.0175029,0.00217322,-0.0773733,-0.0964677,-0.0923673	-0.361639,-0.351467,-0.383109,-0.429495,-0.302185,-0.260741,-0.297253,-0.382645,-0.456293,-0.308503,-0.432224,-0.489997,-0.393646,-0.340714,-0.217462,-0.223806,-0.304701,-0.447426,-0.5322,-0.481886
-0.399476,-0.437203,-0.415901,-0.438335,-0.303603,-0.364751,-0.388451,-0.477847,-0.487013,-0.396252,-0.478086,-0.47191,-0.441249,-0.396763,-0.260186,-0.193031,-0.308687,-0.505919,-0.582651,-0.540571	-0.0397493,-0.103156,-0.0648179,-0.0163701,-0.0145594,-0.112545,-0.109472,-0.0714498,-0.0462902,-0.0973926,-0.0684554,-0.00446477,-0.0552366,-0.0931955,-0.0368351,-0.0434369,0.00588488,-0.0731308,-0.080853,-0.0360031	-0.365531,-0.349824,-0.360809,-0.425015,-0.290327,-0.263003,-0.291369,-0.420763,-0.450888,-0.310856,-0.423491,-0.468432,-0.395656,-0.315224,-0.225513,-0.150859,-0.314002,-0.449416,-0.526606,-0.514583
0.352959,0.334503,0.307881,0.349343,0.370294,0.41051,0.288684,0.357402,0.420513,0.334884,0.233694,0.454042,0.499242,0.424821,0.378465,0.336277,0.434388,0.309949,0.412784,0.623597	0.353785,0.312377,0.304603,0.313801,0.352326,0.421625,0.290285,0.339521,0.404321,0.332881,0.24003,0.42571,0.484221,0.439349,0.374685,0.346345,0.423411,0.524467,0.531231,0.639676	-0.000943783,0.0247072,0.00361705,0.0399179,0.0206629,-0.0134424,-0.00174795,0.0203505,0.0195098,0.00225421,-0.00671312,0.0351203,0.0198107,-0.0178619,0.00440365,-0.0113945,0.013451,-0.256159,-0.151715,-0.0267497
-0.397082,-0.4228,-0.448455,-0.442938,-0.332817,-0.354207,-0.297165,-0.412632,-0.438269,-0.375174,-0.482568,-0.478926,-0.45511,-0.426345,-0.236645,-0.212517,-0.309298,-0.486212,-0.588772,-0.547341	-0.0408664,-0.0753258,-0.0309242,-0.0400721,-0.00612233,-0.0693613,-0.0101628,-0.0524244,-0.0117639,-0.0668896,-0.0680574,-0.0255054,-0.107881,-0.0961548,-0.0341905,-0.0308031,0.00706185,-0.0285546,-0.102797,-0.0795529	-0.362091,-0.358904,-0.423403,-0.410145,-0.327362,-0.29202,-0.287872,-0.368172,-0.428715,-0.31622,-0.428586,-0.459028,-0.365158,-0.344305,-0.204106,-0.182911,-0.315671,-0.464101,-0.517283,-0.489084
-0.399251,-0.424179,-0.426968,-0.434381,-0.319233,-0.336615,-0.312507,-0.454855,-0.45336,-0.384551,-0.454423,-0.470573,-0.443386,-0.393805,-0.24717,-0.18691,-0.32327,-0.484501,-0.57424,-0.555786	-0.0373792,-0.0780851,-0.0325016,-0.0442775,-0.00292543,-0.0470113,-0.0255108,-0.058653,-0.0332589,-0.0705919,-0.0431134,-0.0409569,-0.0964692,-0.0802545,-0.0362357,-0.0829874,-0.000162105,-0.0241398,-0.090966,-0.0559946	-0.367355,-0.35795,-0.400017,-0.397753,-0.316603,-0.294261,-0.289303,-0.407062,-0.426532,-0.32272,-0.419529,-0.438059,-0.362418,-0.323783,-0.212841,-0.10556,-0.323125,-0.465809,-0.50991,-0.515845
-0.392255,-0.440541,-0.451982,-0.472375,-0.350186,-0.362824,-0.309774,-0.431534,-0.450902,-0.391356,-0.484107,-0.476971,-0.444996,-0.415206,-0.226701,-0.221494,-0.309937,-0.408171,-0.55144,-0.555767	-0.0301672,-0.0858835,-0.0316652,-0.0565293,-0.0132012,-0.0894076,-0.02885,-0.0610267,-0.0199566,-0.0885769,-0.0741507,-0.00158449,-0.0848274,-0.0917938,-0.0187428,-0.0485709,0.018943,-0.0776446,-0.120124,-0.104029	-0.366423,-0.368604,-0.426419,-0.427254,-0.33855,-0.282583,-0.283457,-0.380529,-0.434858,-0.313652,-0.425221,-0.475746,-0.374297,-0.336227,-0.208846,-0.174804,-0.326961,-0.341345,-0.461913,-0.479458
-0.394807,-0.443648,-0.432147,-0.453557,-0.340113,-0.345192,-0.333365,-0.472849,-0.466851,-0.398106,-0.452079,-0.465841,-0.431586,-0.384835,-0.236866,-0.182103,-0.319574,-0.405772,-0.528928,-0.542329	-0.0288222,-0.0911109,-0.0358856,-0.0417551,-0.0133994,-0.0669815,-0.0549448,-0.0653545,-0.0428527,-0.0906759,-0.0435263,-0.0143485,-0.0704319,-0.0805073,-0.020151,-0.0837792,0.0175302,-0.0730444,-0.0979971,-0.0407815	-0.370197,-0.367388,-0.402503,-0.419751,-0.328209,-0.284796,-0.283615,-0.420488,-0.432654,-0.318944,-0.416753,-0.45453,-0.372476,-0.314057,-0.217754,-0.0998475,-0.335226,-0.34289,-0.454488,-0.512891
0.79134,0.790421,0.815922,0.738391,0.846838,0.793346,0.778383,0.678978,0.67216,0.555332,0.744386,0.869059,0.818227,0.861249,0.802973,0.85677,0.787422,0.86604,0.843168,0.492085	0.79977,0.78421,0.769549,0.707389,0.828342,0.787445,0.786952,0.76531,0.684848,0.561522,0.726824,0.829812,0.810351,0.812992,0.817875,0.747443,0.805882,0.864838,0.810589,0.54427	-0.0229624,0.0163376,0.124622,0.0649027,0.0619567,0.0157243,-0.0221155,-0.179719,-0.0235114,-0.00899443,0.0382655,0.14075,0.023376,0.160955,-0.0434128,0.304011,-0.0505176,0.00478798,0.102925,-0.0712736
0.766877,0.747079,0.678982,0.765676,0.711388,0.70455,0.646412,0.742159,0.77683,0.638175,0.659177,0.717282,0.765372,0.72085,0.512609,0.767213,0.776831,0.780518,0.874283,0.843602	0.772771,0.755073,0.712408,0.745234,0.720545,0.741967,0.637726,0.750132,0.777322,0.636193,0.663751,0.724633,0.767537,0.726381,0.51526,0.759492,0.7719,0.759031,0.875644,0.852756	-0.0144671,-0.0183394,-0.0647428,0.0476089,-0.0187865,-0.0784006,0.0147777,-0.0179847,-0.00124196,0.00333537,-0.00813038,-0.0153061,-0.00524748,-0.0116101,-0.00360243,0.0185011,0.0123157,0.0527197,-0.00580374,-0.0326245
0.40944,0.355923,0.324574,0.350813,0.366582,0.407757,0.237754,0.418403,0.377741,0.33164,0.276915,0.419802,0.409705,0.447197,0.266358,0.338825,0.428538,0.572503,0.648475,0.656052	0.407403,0.361411,0.290455,0.34282,0.351769,0.399059,0.237353,0.426583,0.452534,0.328757,0.263732,0.485915,0.473573,0.469643,0.274654,0.388342,0.395296,0.494174,0.642712,0.641274	0.00244469,-0.00629746,0.0376713,0.00908488,0.0170059,0.0103886,0.00042447,-0.00995657,-0.0902145,0.00323591,0.0142215,-0.0830554,-0.0792435,-0.0284128,-0.00895047,-0.0570192,0.0400221,0.109233,0.0098807,0.0255109
0.539759,0.524729,0.456811,0.47392,0.474411,0.440264,0.341333,0.499262,0.468941,0.447742,0.383306,0.507093,0.472044,0.537051,0.307077,0.472419,0.488789,0.316484,0.460481,0.664983	0.534812,0.504102,0.419397,0.440931,0.446868,0.454467,0.370178,0.491212,0.508534,0.445094,0.386254,0.546102,0.507066,0.554095,0.300019,0.530277,0.432932,0.45082,0.595421,0.65786	0.00695442,0.0280455,0.0462813,0.0417045,0.0349527,-0.0177552,-0.0330169,0.010666,-0.051991,0.00330763,-0.00346033,-0.0539491,-0.0460422,-0.024264,0.00777433,-0.0771956,0.07085,-0.156693,-0.185914,0.0126618
-0.47477,-0.471997,-0.448365,-0.476291,-0.303185,-0.349908,-0.337303,-0.478504,-0.468434,-0.324985,-0.538783,-0.47253,-0.415443,-0.39086,-0.213386,-0.244695,-0.273611,-0.494144,-0.657347,-0.610704	-0.0295936,-0.0988382,-0.0720752,-0.0828035,0.0110007,-0.1424,-0.100209,-0.0514179,0.023946,-0.0217825,-0.11396,0.0772617,-0.0544742,0.0261541,-0.0926448,-0.0038547,-0.00950033,-0.172377,-0.15587,-0.103934	-0.451521,-0.391419,-0.388856,-0.409644,-0.313141,-0.21839,-0.245389,-0.437859,-0.486918,-0.305365,-0.452613,-0.530427,-0.369327,-0.412794,-0.123176,-0.241067,-0.264799,-0.351727,-0.558724,-0.541117
-0.478905,-0.471364,-0.415061,-0.489936,-0.300379,-0.314849,-0.353588,-0.534882,-0.497367,-0.379879,-0.498915,-0.44517,-0.393962,-0.359038,-0.219283,-0.189549,-0.285836,-0.479568,-0.638941,-0.624861	-0.0286762,-0.110208,-0.0606111,-0.0544961,0.00117954,-0.103547,-0.146287,-0.0644397,-0.00986624,-0.0752658,-0.081164,0.0677022,-0.0268962,0.0280595,-0.0999377,-0.0242539,-0.0103066,-0.166668,-0.141138,-0.0553288	-0.456498,-0.380945,-0.363597,-0.447385,-0.301451,-0.218423,-0.218609,-0.487237,-0.489905,-0.313579,-0.435382,-0.497867,-0.370997,-0.383236,-0.122019,-0.166058,-0.276343,-0.340082,-0.547143,-0.589927
0.416515,0.339912,0.34451,0.343571,0.383194,0.428799,0.256754,0.416604,0.397324,0.367359,0.293782,0.417636,0.391551,0.402488,0.338182,0.342209,0.435721,0.595518,0.636332,0.659521	0.408879,0.337908,0.279396,0.354713,0.35968,0.382496,0.264356,0.417112,0.471258,0.36642,0.276064,0.476265,0.452446,0.419278,0.344219,0.399258,0.407422,0.540189,0.629109,0.634641	0.00920387,0.00226358,0.0720482,-0.0126876,0.0272734,0.0553878,-0.00815583,-0.000614402,-0.090967,0.00108602,0.0192812,-0.0731863,-0.0740056,-0.0201994,-0.00683316,-0.0660772,0.0344068,0.081569,0.0120452,0.04279
0.523655,0.520178,0.490697,0.475052,0.473491,0.448966,0.335152,0.540733,0.498811,0.489287,0.377298,0.497977,0.455312,0.501983,0.358955,0.456845,0.495153,0.319991,0.47709,0.671567	0.512958,0.49213,0.420921,0.46192,0.437247,0.425248,0.371954,0.524833,0.537478,0.488643,0.375698,0.5294,0.487895,0.513486,0.349178,0.522474,0.444248,0.475808,0.611535,0.654401	0.0146254,0.0376995,0.0879387,0.0168234,0.0457071,0.0293153,-0.042044,0.0221994,-0.0528318,0.000845493,0.00186398,-0.0426718,-0.0418872,-0.0154978,0.011178,-0.0862064,0.0652595,-0.183802,-0.189829,0.0306237
-0.470567,-0.466455,-0.443717,-0.48223,-0.293596,-0.345812,-0.340938,-0.472813,-0.468876,-0.346579,-0.544266,-0.482529,-0.424433,-0.404093,-0.204539,-0.234554,-0.290936,-0.493936,-0.657378,-0.615073	-0.0309602,-0.10033,-0.0856784,-0.0749699,0.0079167,-0.166814,-0.100472,-0.0444644,0.0239886,-0.0395604,-0.134702,0.0483784,-0.0675603,0.00226542,-0.0837621,0.0167268,-0.0278417,-0.152147,-0.157854,-0.115732	-0.446106,-0.384101,-0.372188,-0.422536,-0.300813,-0.189956,-0.248995,-0.437548,-0.487382,-0.311287,-0.441966,-0.518797,-0.367408,-0.405986,-0.122883,-0.250299,-0.265243,-0.369562,-0.557361,-0.53761
-0.47511,-0.465416,-0.40875,-0.496419,-0.289609,-0.321773,-0.362735,-0.53081,-0.494965,-0.360983,-0.507945,-0.463298,-0.402244,-0.379012,-0.205825,-0.183837,-0.300241,-0.48048,-0.637278,-0.622963	-0.0310055,-0.110921,-0.0728842,-0.0484899,-0.000594747,-0.142087,-0.153504,-0.0571633,-0.00280218,-0.0410765,-0.107322,0.0299793,-0.0388098,-0.00758931,-0.0856346,-0.011105,-0.0244809,-0.146739,-0.138367,-0.0552544	-0.450744,-0.373791,-0.346179,-0.458977,-0.289064,-0.188295,-0.221568,-0.488468,-0.492847,-0.324722,-0.423721,-0.48652,-0.369198,-0.372494,-0.122347,-0.173086,-0.277802,-0.359056,-0.547158,-0.587946
0.362445,0.332402,0.30508,0.341649,0.367412,0.395116,0.24521,0.376895,0.448731,0.359569,0.229203,0.464133,0.516121,0.467717,0.36746,0.355399,0.441647,0.301155,0.395695,0.628047	0.359707,0.307767,0.303273,0.31788,0.355068,0.417849,0.273462,0.361029,0.413733,0.359882,0.245047,0.437396,0.487083,0.462328,0.351762,0.361841,0.418102,0.512328,0.535692,0.63557	0.00314858,0.0274419,0.00199077,0.0266648,0.0141967,-0.0272275,-0.030283,0.0183642,0.0429773,-0.000359076,-0.0167871,0.0335467,0.0387892,0.00687619,0.0180285,-0.00739217,0.0288772,-0.249699,-0.177655,-0.0125218
-0.47532,-0.462759,-0.443852,-0.450243,-0.319517,-0.313076,-0.290399,-0.444017,-0.438255,-0.330705,-0.513828,-0.482691,-0.416607,-0.42156,-0.186946,-0.208225,-0.295869,-0.467302,-0.640533,-0.60635	-0.0323626,-0.0899883,-0.0324765,-0.035929,0.00130547,-0.090739,-0.0397076,-0.0081973,0.0187579,-0.0164177,-0.0659139,-0.00266637,-0.0899773,-0.0357105,-0.0695697,-0.00260862,-0.00298949,-0.0505809,-0.118206,-0.093604	-0.449878,-0.388968,-0.417392,-0.421126,-0.320688,-0.228838,-0.253615,-0.437411,-0.453286,-0.316003,-0.463616,-0.480643,-0.33935,-0.391747,-0.118923,-0.205729,-0.293139,-0.426809,-0.565114,-0.543599
-0.478622,-0.455628,-0.418621,-0.48371,-0.306087,-0.292737,-0.28176,-0.498929,-0.46705,-0.351322,-0.474663,-0.461547,-0.405168,-0.382913,-0.187649,-0.178571,-0.312897,-0.453142,-0.621075,-0.630679	-0.0285522,-0.0920819,-0.0337549,-0.0430035,0.00430788,-0.0693292,-0.0531328,-0.012746,-0.00332535,-0.0192427,-0.039143,-0.0187125,-0.0793039,-0.0204907,-0.0709278,-0.056707,-0.0102594,-0.0457497,-0.103568,-0.0702413	-0.456306,-0.379466,-0.390382,-0.450068,-0.309986,-0.228036,-0.232102,-0.489295,-0.464446,-0.33434,-0.443765,-0.446692,-0.336682,-0.365289,-0.118296,-0.123111,-0.303613,-0.416017,-0.553083,-0.586415
-0.469371,-0.478051,-0.447109,-0.483665,-0.336523,-0.32446,-0.308497,-0.463563,-0.44663,-0.346601,-0.524792,-0.482391,-0.403442,-0.403786,-0.175232,-0.21686,-0.294963,-0.383074,-0.614869,-0.615542	-0.0155899,-0.0977809,-0.0349932,-0.0681192,-0.0115658,-0.121855,-0.0846992,-0.0184875,0.0351786,-0.0395744,-0.0876977,0.0196503,-0.0525599,-0.00763387,-0.0435543,-0.0168262,0.022793,-0.0945662,-0.173945,-0.107792	-0.457126,-0.398917,-0.418666,-0.429704,-0.326227,-0.210945,-0.229803,-0.448923,-0.474356,-0.311297,-0.458182,-0.497327,-0.358484,-0.397377,-0.13269,-0.200767,-0.315634,-0.299352,-0.493731,-0.543834
-0.472216,-0.472226,-0.423541,-0.505987,-0.326826,-0.304721,-0.30757,-0.518971,-0.476333,-0.364463,-0.481574,-0.4592,-0.389965,-0.367599,-0.175594,-0.173898,-0.306857,-0.364653,-0.587084,-0.617734	-0.0140833,-0.102104,-0.0387819,-0.0567629,-0.0118192,-0.100933,-0.1069,-0.0211863,0.0117408,-0.0414945,-0.0535593,0.00571884,-0.0389137,0.00164028,-0.0445555,-0.0540219,0.0214571,-0.0888215,-0.147206,-0.037995	-0.461199,-0.388872,-0.391184,-0.462508,-0.316228,-0.210254,-0.207493,-0.503318,-0.48536,-0.327928,-0.439347,-0.463702,-0.35646,-0.369017,-0.132072,-0.121013,-0.326166,-0.285064,-0.481489,-0.593673
0.761255,0.792976,0.820262,0.681563,0.847565,0.817107,0.799412,0.633921,0.651981,0.558662,0.749133,0.881404,0.829913,0.861948,0.829077,0.865035,0.795232,0.88134,0.838057,0.373564	0.76993,0.765214,0.7677,0.740333,0.828093,0.806441,0.766686,0.759381,0.695356,0.583767,0.702111,0.814616,0.821426,0.803969,0.829019,0.749055,0.816818,0.852207,0.787305,0.491428	-0.0209608,0.0706052,0.14195,-0.118626,0.0653134,0.0312737,0.0845403,-0.241916,-0.0793485,-0.0372551,0.0991957,0.236844,0.0266651,0.188844,0.000185492,0.329451,-0.0615979,0.117039,0.149185,-0.144367
0.0203193,-0.0447598,0.0355959,-0.00966394,0.0461817,0.0354264,0.0454515,-0.00468749,0.0656721,0.0719578,0.0324358,-0.00974554,-0.0492967,-0.122895,0.114194,0.015063,0.0198796,0.10096,-0.0937681,-0.00942625	-0.572575,-0.607441,-0.531616,-0.605402,-0.512033,-0.494446,-0.482541,-0.514713,-0.545278,-0.406311,-0.499694,-0.455708,-0.581827,-0.527516,-0.217863,-0.586531,-0.592009,-0.404488,-0.656797,-0.557378	0.586075,0.578407,0.556677,0.599244,0.54532,0.52075,0.516661,0.511259,0.589828,0.464683,0.523643,0.447952,0.548255,0.432671,0.323997,0.596325,0.604771,0.485617,0.599979,0.550846
-0.0667488,-0.00301146,0.0715848,0.0182692,-4.71427e-06,0.00718428,-0.00309747,0.124961,0.112122,0.0903247,-0.0110413,-0.0252022,-0.0501739,-0.10378,0.0818132,-0.0449749,0.0237603,0.0234096,0.0663928,0.0166233	-0.51238,-0.470865,-0.413183,-0.529897,-0.458025,-0.469541,-0.418573,-0.389178,-0.470734,-0.278688,-0.433356,-0.387204,-0.54691,-0.422411,-0.213772,-0.503553,-0.56058,-0.542448,-0.668605,-0.529791	0.461412,0.468518,0.470841,0.54291,0.458022,0.475123,0.416015,0.490295,0.553636,0.359952,0.424345,0.365569,0.510751,0.33324,0.290505,0.469204,0.576659,0.558762,0.703758,0.541644
0.0109472,0.0121721,0.0422467,-0.0330386,0.013166,0.0222379,-0.0160311,0.0301993,0.00116658,-0.0292743,-0.0225511,-0.0271597,-0.0224101,-0.028348,0.017883,0.0302913,-0.0514945,-0.0151355,0.00133076,0.0120714	-0.770084,-0.760289,-0.700264,-0.782084,-0.707802,-0.743936,-0.670203,-0.73825,-0.768372,-0.652628,-0.693553,-0.711589,-0.780906,-0.722905,-0.543354,-0.753999,-0.780158,-0.797622,-0.890786,-0.857566	0.774502,0.765378,0.721176,0.768913,0.714311,0.753705,0.661277,0.75169,0.768849,0.635495,0.681663,0.697917,0.772006,0.709088,0.555836,0.766778,0.759161,0.792048,0.89106,0.860727
0.00886408,0.0133759,0.042482,-0.0381052,0.0153721,-0.00346105,-0.0289796,0.0302631,0.0143963,0.053968,-0.0305618,-0.0437728,-0.0204341,-0.0499989,0.0262972,0.0147778,-0.0417882,-0.0141985,0.0127156,0.0351162	-0.766571,-0.760839,-0.694737,-0.778557,-0.712787,-0.743959,-0.686778,-0.738711,-0.771629,-0.650581,-0.691125,-0.716706,-0.776734,-0.727738,-0.541427,-0.76221,-0.776739,-0.797127,-0.888535,-0.853123	0.770202,0.766415,0.716084,0.76309,0.720267,0.742409,0.671156,0.752159,0.77739,0.680651,0.674817,0.694728,0.768498,0.703331,0.559754,0.768333,0.759606,0.791891,0.891182,0.862403
-0.272188,-0.267357,-0.188701,-0.184017,-0.155303,-0.0607863,-0.11608,-0.183812,-0.0593244,-0.126321,-0.187406,-0.0946214,0.0392895,-0.138561,0.0747806,-0.183309,-0.0711506,-0.00112593,-0.13294,-0.0370429	-0.0858573,-0.0692062,-0.0206793,-0.0462667,-0.0152148,0.0117917,0.0409716,-0.0954262,0.0498325,0.0359602,-0.0446149,0.023143,0.120481,0.0146708,0.113339,0.0176186,0.00469209,-0.14495,-0.327631,-0.0147747	-0.190789,-0.201886,-0.16868,-0.138933,-0.14042,-0.0725259,-0.156308,-0.0899635,-0.108835,-0.161548,-0.143995,-0.117507,-0.0815776,-0.152921,-0.0388877,-0.20028,-0.0758174,0.143848,0.203557,-0.0222804
-0.00528876,0.0140508,-0.00170654,0.0325316,-0.0270534,0.047235,0.0618098,0.0515646,0.0837467,0.00296933,0.0215259,0.00820183,0.0421506,-0.0345846,0.0353183,0.0602046,-0.0320946,0.0188364,0.0220836,-0.0167004	-0.423389,-0.39178,-0.331029,-0.364419,-0.368428,-0.42752,-0.254181,-0.410861,-0.367307,-0.332361,-0.301905,-0.428395,-0.456985,-0.468624,-0.30992,-0.346555,-0.424644,-0.564213,-0.672316,-0.667557	0.419039,0.403609,0.329509,0.3923,0.344811,0.465358,0.311103,0.452832,0.437593,0.335,0.321342,0.435069,0.489703,0.441189,0.341501,0.398447,0.397974,0.576918,0.68424,0.658195
-0.0024421,0.0223448,-0.0118103,-0.000192765,-0.0138482,0.0282121,0.0994728,0.0558286,0.0945224,0.0552663,0.0182411,-0.00231684,0.0214952,-0.0232596,0.0420975,0.0165476,-0.0384948,0.0191808,0.0227872,-0.0425506	-0.419187,-0.38976,-0.33267,-0.373119,-0.365713,-0.421984,-0.256998,-0.409633,-0.3736,-0.331941,-0.289457,-0.436357,-0.45897,-0.461607,-0.309,-0.392253,-0.425764,-0.562243,-0.6703,-0.675791	0.417172,0.408547,0.322126,0.372953,0.353656,0.444899,0.347585,0.455055,0.452155,0.380232,0.306082,0.434479,0.475772,0.443105,0.346589,0.406165,0.393722,0.575221,0.682661,0.651989
0.00884953,-0.0275081,-0.00686113,-0.0271653,-0.0619919,0.040397,0.0505069,0.0246536,0.0609505,-0.0224008,0.0265579,-0.0044634,0.0504407,-0.0148998,0.0494433,0.0608784,-0.034109,0.244267,0.180729,-0.0160441	-0.544474,-0.551671,-0.462467,-0.499544,-0.489216,-0.477402,-0.382576,-0.489604,-0.447166,-0.461054,-0.410323,-0.507581,-0.492812,-0.546443,-0.328346,-0.48875,-0.469397,-0.347982,-0.513643,-0.676371	0.550671,0.53224,0.457056,0.478877,0.440586,0.508002,0.424874,0.508125,0.494635,0.443231,0.432172,0.50426,0.530077,0.535907,0.371754,0.533747,0.442371,0.545851,0.635389,0.667571
0.00922478,-0.0200974,-0.0214136,-0.0449476,-0.051457,0.0205208,0.0810708,0.0326972,0.0706317,0.0381726,0.0280488,-0.0125723,0.0329404,-0.00766024,0.0570954,0.0344411,-0.0345204,0.244173,0.189324,0.00441239	-0.542632,-0.551451,-0.46434,-0.499642,-0.489786,-0.473702,-0.388324,-0.488228,-0.451138,-0.458726,-0.397863,-0.513389,-0.493884,-0.542157,-0.327404,-0.51419,-0.467358,-0.345724,-0.506791,-0.668754	0.549108,0.537308,0.447375,0.46514,0.449662,0.489465,0.455069,0.51274,0.505657,0.488347,0.421211,0.50407,0.518391,0.536726,0.377443,0.539084,0.439935,0.543977,0.635172,0.671186
0.86856,0.87965,0.877814,0.842596,0.894517,0.846591,0.86843,0.848133,0.846181,0.745817,0.848362,0.922691,0.884974,0.899074,0.861523,0.876327,0.856208,0.917428,0.913496,0.74655	0.869533,0.870664,0.884887,0.868668,0.88526,0.879995,0.820397,0.841748,0.822112,0.699208,0.868722,0.9186,0.908044,0.901572,0.853525,0.854149,0.85552,0.920242,0.919959,0.78207	-0.003976,0.0383858,-0.031687,-0.0972606,0.0444757,-0.130997,0.167046,0.0223178,0.0790848,0.0974039,-0.0774113,0.0268436,-0.117458,-0.0131882,0.0302194,0.0881893,0.00257218,-0.0180683,-0.0404869,-0.0853555
-0.244488,-0.260825,-0.227335,-0.19178,-0.156683,-0.0652659,-0.115939,-0.24934,-0.116469,-0.190949,-0.18414,-0.0787499,0.0638305,-0.0697765,0.0143518,-0.163662,-0.0832968,-0.0160956,-0.15897,-0.0455765	-0.0948692,-0.0436065,-0.043552,-0.0416039,-0.0431162,-0.00971625,0.0109444,-0.097716,0.014166,-0.0168423,-0.0658167,0.0293679,0.143495,0.0953334,0.0262378,0.00898785,-0.00563249,-0.203359,-0.304789,-0.00999024	-0.153171,-0.219718,-0.185621,-0.151384,-0.114339,-0.0555849,-0.126722,-0.155411,-0.13042,-0.174669,-0.119775,-0.107868,-0.0804009,-0.164019,-0.0118905,-0.172396,-0.0777007,0.187878,0.153244,-0.0356024
-0.0105154,0.00802582,-0.0238358,0.0473043,-0.0344091,0.0350648,0.0717115,0.0349281,0.0851219,0.0232693,0.0352127,0.0248163,0.0532511,-0.0164511,0.0238203,0.04533,-0.00568511,0.0288142,0.0210405,-0.0227618	-0.430353,-0.377644,-0.347252,-0.358796,-0.384257,-0.441275,-0.270599,-0.410701,-0.38891,-0.368041,-0.314464,-0.421784,-0.440122,-0.421298,-0.380946,-0.353027,-0.426556,-0.591075,-0.659955,-0.667573	0.421746,0.384505,0.326115,0.399323,0.354535,0.469081,0.335795,0.439327,0.458842,0.387987,0.345847,0.441974,0.482075,0.407673,0.401126,0.392083,0.421894,0.609508,0.671669,0.654761
-0.00672254,0.0155939,-0.0342816,0.0169853,-0.0222552,0.0305688,0.118135,0.0393253,0.0896563,0.0223986,0.0363877,0.0246396,0.0319445,0.00727929,0.024218,0.00911541,-0.017381,0.0286712,0.0172081,-0.0602479	-0.426104,-0.376089,-0.348491,-0.36697,-0.381628,-0.433893,-0.272953,-0.410451,-0.396544,-0.372727,-0.301416,-0.427976,-0.442082,-0.410808,-0.380268,-0.397111,-0.428884,-0.590203,-0.658882,-0.67757	0.420587,0.389399,0.318008,0.381576,0.362452,0.458382,0.378871,0.442632,0.469508,0.391854,0.334139,0.447893,0.467425,0.416841,0.400795,0.404762,0.414594,0.608576,0.66851,0.643595
0.00251168,-0.0343608,-0.0337606,-0.0102343,-0.0688577,0.0267932,0.0601811,0.00714795,0.0622398,-0.000944145,0.0410935,0.0136369,0.0615157,0.00455324,0.0375462,0.0419978,-0.00671558,0.251934,0.183407,-0.0223907	-0.526656,-0.550928,-0.492205,-0.50191,-0.485963,-0.479093,-0.375852,-0.531018,-0.478227,-0.505173,-0.403093,-0.492902,-0.474663,-0.503835,-0.37772,-0.476218,-0.471706,-0.353192,-0.525777,-0.680606	0.528469,0.526534,0.466191,0.494214,0.431546,0.499475,0.426388,0.536131,0.524845,0.504469,0.436949,0.503157,0.520967,0.507224,0.409459,0.508055,0.466468,0.555681,0.646811,0.668401
0.00393303,-0.0278013,-0.0489557,-0.0255221,-0.0596745,0.0224007,0.0993015,0.0154203,0.0650668,-0.000696034,0.0477852,0.0168321,0.0434302,0.0257083,0.0385102,0.0249647,-0.0124722,0.252133,0.188111,-0.014023	-0.523665,-0.55143,-0.494127,-0.501798,-0.486215,-0.472872,-0.381414,-0.529131,-0.482969,-0.510339,-0.390117,-0.496249,-0.475733,-0.495395,-0.376943,-0.499835,-0.470764,-0.351615,-0.51989,-0.675089	0.526514,0.531781,0.456207,0.482454,0.439286,0.490082,0.463173,0.540145,0.531339,0.509824,0.429888,0.508831,0.508654,0.51455,0.409509,0.518331,0.460999,0.554582,0.644929,0.667384
0.867619,0.877732,0.874528,0.844347,0.894189,0.852811,0.871386,0.846692,0.8461,0.728581,0.852806,0.928954,0.884933,0.905142,0.856068,0.876023,0.856685,0.918848,0.911472,0.746692	0.867833,0.869245,0.882162,0.86801,0.885851,0.875414,0.81708,0.840332,0.826976,0.727674,0.868787,0.916759,0.908619,0.896948,0.853854,0.847121,0.860113,0.922041,0.920971,0.790205	-0.000866495,0.0358023,-0.0334074,-0.0885926,0.0401099,-0.0891858,0.188558,0.0220422,0.0636834,0.00192998,-0.0616827,0.0821953,-0.120889,0.0435538,0.00823176,0.112066,-0.0130246,-0.0209,-0.0591601,-0.106139
0.0117781,-0.0347038,-0.00406043,-0.0543986,-0.0275085,-0.00919192,-0.0178139,-0.0272517,-0.0269452,-0.0238973,0.00210766,-0.0123295,0.00652989,0.0222092,0.0139199,-0.00907305,-0.000767315,0.221215,0.146976,0.000918952	-0.365841,-0.376879,-0.321275,-0.379164,-0.375856,-0.44728,-0.307117,-0.383216,-0.42662,-0.379374,-0.270964,-0.448146,-0.524506,-0.462231,-0.392308,-0.371577,-0.421271,-0.344587,-0.457413,-0.644444	0.375999,0.34671,0.317629,0.331605,0.351987,0.439897,0.290895,0.359721,0.404323,0.358729,0.272916,0.438238,0.529223,0.479518,0.404022,0.36373,0.42064,0.525727,0.566316,0.644981
0.00939256,-0.0367748,-0.00634836,-0.0377746,-0.0311491,-0.00899104,-0.0289415,-0.0247285,-0.0281896,-0.0229643,0.00638977,-0.0091317,0.0106705,0.0170654,0.0145071,0.0126266,0.005384,0.221075,0.154184,0.0431446	-0.364002,-0.378551,-0.321982,-0.370465,-0.377396,-0.439369,-0.324356,-0.382873,-0.434834,-0.384592,-0.254551,-0.45142,-0.519908,-0.460535,-0.392266,-0.392733,-0.418142,-0.342593,-0.450081,-0.629057	0.372122,0.346601,0.31628,0.337413,0.350366,0.432084,0.298214,0.361567,0.41169,0.36485,0.260517,0.444119,0.527651,0.473876,0.404472,0.403359,0.422574,0.523982,0.565053,0.65444
0.867197,0.870674,0.884651,0.851629,0.892074,0.857291,0.845586,0.840088,0.837337,0.72478,0.842649,0.925575,0.888533,0.899433,0.854079,0.871986,0.860567,0.91633,0.912773,0.754016	0.870568,0.868814,0.882469,0.847762,0.894929,0.876971,0.830808,0.837218,0.82075,0.722826,0.860317,0.913084,0.896891,0.910956,0.8523,0.811859,0.854078,0.91946,0.919798,0.773281	-0.0137547,0.00763678,0.00994785,0.0139094,-0.0141599,-0.0792947,0.0496788,0.00967555,0.0530358,0.0041045,-0.0642323,0.0806547,-0.041158,-0.0637822,0.00653939,0.205864,0.0244844,-0.019881,-0.0437907,-0.0462069
0.866923,0.876112,0.884928,0.851508,0.897642,0.85305,0.852931,0.84119,0.841191,0.731156,0.841149,0.923727,0.887295,0.901978,0.851748,0.869679,0.859769,0.907265,0.900404,0.741104	0.868198,0.872365,0.880615,0.863224,0.897307,0.87266,0.828315,0.840442,0.823808,0.730435,0.863057,0.913838,0.89846,0.909626,0.850483,0.827638,0.858457,0.911124,0.915148,0.789427	-0.00515514,0.0158986,0.0195374,-0.0442158,0.00172179,-0.0767283,0.0838706,0.00255472,0.0566187,0.00154814,-0.0799419,0.0634487,-0.0550511,-0.0425993,0.00459072,0.150028,0.00500988,-0.0222574,-0.0837687,-0.116454
