0.0298592,0.147697,0.353975,0.42626,0.14647,0.152624,0.151777,0.295961,0.196606,0.151108,0.103815,-0.00914046,0.113741,0.038186,0.0873729,0.158266,0.251839,0.126011,0.0676455,-0.012876	-0.26437,-0.246232,0.121089,0.0939863,-0.15771,-0.159442,-0.18024,-0.117608,-0.0612769,-0.177899,-0.269779,-0.384233,-0.374851,-0.43084,-0.272119,-0.295552,-0.309115,-0.296111,-0.463598,-0.395436	0.291924,0.380105,0.243316,0.346141,0.297311,0.304652,0.323176,0.399658,0.254813,0.320394,0.363416,0.376415,0.468613,0.461434,0.351144,0.433539,0.520439,0.406938,0.51509,0.384518
-0.146813,0.156719,0.511279,0.454686,0.152911,0.161767,0.138278,0.312591,0.219037,0.179874,0.098638,0.0347679,0.116928,0.0488148,0.0286725,0.12556,0.258973,0.112589,0.0528529,0.0191492	-0.315552,-0.246352,0.283478,0.212023,-0.121193,-0.135961,-0.164637,-0.0736082,-0.0688385,-0.126898,-0.257912,-0.39406,-0.364753,-0.407934,-0.330265,-0.330779,-0.308765,-0.320466,-0.475284,-0.357258	0.176935,0.388087,0.266414,0.268552,0.269117,0.29132,0.296172,0.377513,0.2836,0.299925,0.347704,0.423032,0.461978,0.447831,0.355571,0.438142,0.525702,0.417974,0.515195,0.37385
-0.157057,0.122063,-0.473163,0.0906296,-0.00327128,-0.0465054,-0.0660126,0.00419509,0.0357646,-0.0899467,-0.0698026,-0.0446027,0.000307012,-0.0846859,-0.0249673,-0.0502074,-0.0638554,-0.0473423,-0.0895662,-0.131277	-0.368871,-0.258742,-0.586321,-0.429882,-0.469954,-0.500875,-0.56253,-0.535737,-0.409674,-0.634648,-0.697336,-0.609543,-0.629578,-0.646923,-0.555628,-0.599275,-0.712408,-0.622119,-0.649541,-0.622523	0.22484,0.369147,0.156604,0.500993,0.467401,0.465206,0.515666,0.538721,0.439006,0.577677,0.659642,0.580729,0.629764,0.594824,0.538125,0.566101,0.679462,0.592219,0.594564,0.534965
-0.186142,0.140023,-0.471015,0.0700477,-0.00247048,-0.0597672,-0.0796323,-0.000115999,0.0320049,-0.0938842,-0.0713169,-0.0611537,0.00385029,-0.0666356,-0.0238658,-0.042908,-0.0763135,-0.0291145,-0.100976,-0.130872	-0.371677,-0.233841,-0.583875,-0.455448,-0.477595,-0.502982,-0.570212,-0.524511,-0.421234,-0.639795,-0.697237,-0.628231,-0.631705,-0.635667,-0.562029,-0.592465,-0.714409,-0.614604,-0.651606,-0.620976	0.199325,0.362011,0.155671,0.509249,0.475686,0.456952,0.513915,0.524427,0.44721,0.580798,0.658672,0.589734,0.634013,0.594201,0.54548,0.563891,0.67489,0.596157,0.589411,0.533457
-0.184704,0.149413,-0.465442,0.0528736,0.0258733,-0.0461021,-0.0753724,-0.009301,0.0345353,-0.0765925,-0.0594827,-0.0505442,0.0110298,-0.0633552,-0.0282636,-0.0413138,-0.0297748,-0.0369226,-0.0772428,-0.127031	-0.413188,-0.229937,-0.581198,-0.427749,-0.432437,-0.504106,-0.568501,-0.540491,-0.412831,-0.608725,-0.685925,-0.611445,-0.631327,-0.620847,-0.551351,-0.597704,-0.68881,-0.628683,-0.635963,-0.597968	0.247362,0.36675,0.158681,0.469993,0.453239,0.468901,0.515205,0.533874,0.441078,0.558156,0.653088,0.578788,0.637915,0.580318,0.531368,0.570477,0.672835,0.605824,0.587584,0.509651
-0.225959,0.147028,-0.427583,0.0599251,-0.00319252,-0.0475957,-0.0645112,-0.0327177,0.0306134,-0.0842492,-0.0526712,-0.0510793,0.0270267,-0.062693,-0.0386043,-0.0470431,-0.043736,-0.029453,-0.0966991,-0.133452	-0.404554,-0.227941,-0.554676,-0.453194,-0.451458,-0.501479,-0.542222,-0.555424,-0.41598,-0.619202,-0.681401,-0.613199,-0.616089,-0.624273,-0.566411,-0.59881,-0.700266,-0.622958,-0.646503,-0.611275	0.196563,0.36281,0.166608,0.499553,0.448913,0.464981,0.495027,0.532381,0.440978,0.564396,0.652135,0.580295,0.632583,0.584454,0.539606,0.567761,0.677273,0.604598,0.586468,0.520264
0.385492,0.233868,0.573963,0.462264,0.370103,0.124609,0.186143,0.248065,0.140207,0.156109,0.164993,0.0276236,0.115482,0.0851813,-0.00790861,0.161607,0.115765,0.113556,0.0718846,-0.0136553	-0.0399438,-0.119664,0.430022,0.199506,0.0898145,-0.24703,-0.17848,-0.197562,-0.0461264,-0.200942,-0.249033,-0.395816,-0.379182,-0.447471,-0.374081,-0.326984,-0.388082,-0.3572,-0.413124,-0.372388	0.418985,0.343907,0.19111,0.289452,0.289926,0.360541,0.352899,0.424807,0.185136,0.346191,0.397685,0.41886,0.473912,0.513095,0.367259,0.464068,0.482184,0.452405,0.47102,0.360566
0.390959,0.219119,0.252293,0.485444,0.336912,0.143217,0.188834,0.24443,0.117847,0.1774,0.155858,0.0511043,0.102572,0.0632364,-0.0381835,0.173763,0.119022,0.112465,0.0814702,-0.0155319	-0.0386723,-0.109101,0.0808046,0.168027,0.0546442,-0.227428,-0.192421,-0.185685,-0.0559034,-0.163143,-0.263352,-0.370232,-0.396746,-0.457781,-0.405417,-0.350044,-0.399097,-0.360566,-0.407076,-0.363446	0.423233,0.320556,0.175058,0.345607,0.287562,0.358953,0.367888,0.411441,0.172613,0.330965,0.402682,0.413512,0.479793,0.506359,0.373008,0.493774,0.494624,0.454597,0.472864,0.349889
0.359656,0.539214,0.451284,0.520801,0.639915,0.642647,0.608374,0.719045,0.587009,0.569083,0.861338,0.516315,0.719757,0.645917,0.416089,0.621477,0.68571,0.822701,0.834271,0.760433	0.43409,0.526586,0.487701,0.628679,0.685949,0.665803,0.644241,0.772219,0.55239,0.618172,0.88623,0.4505,0.733735,0.684416,0.383054,0.585384,0.675607,0.783811,0.818702,0.783881	-0.0882049,0.0176357,-0.0466936,-0.160394,-0.0820508,-0.040475,-0.0589865,-0.119561,0.0512309,-0.0757314,-0.105184,0.0857635,-0.0296209,-0.0690039,0.0392982,0.0567325,0.0188237,0.1095,0.0491163,-0.058053
-0.0966013,-0.268255,-0.260238,-0.0444256,0.0895828,-0.0422187,0.086606,-0.0578634,0.0151917,0.0491771,0.0279194,-0.00308972,0.0301924,0.010355,-0.0128175,-0.0775958,0.0337868,-0.0530226,-0.0417116,0.168653	-0.104666,-0.275079,-0.299081,-0.335138,-0.186854,-0.298013,-0.253481,-0.346056,-0.245999,-0.389722,-0.472206,-0.332399,-0.30925,-0.266406,-0.319325,-0.341605,-0.390104,-0.383086,-0.234825,-0.108737	0.00814744,0.00736775,0.0421207,0.295106,0.271885,0.259053,0.332781,0.294082,0.260218,0.430645,0.493618,0.329647,0.336303,0.276,0.307767,0.271198,0.418376,0.336907,0.195023,0.272395
-0.00435418,-0.277606,-0.260155,-0.0426242,0.0846533,-0.0624255,0.0836489,-0.0487225,0.0416971,0.0346038,0.0494472,0.00782914,0.0235565,0.0422891,-0.00899758,-0.0503515,0.0313675,-0.0571794,-0.0669815,0.16709	0.0119075,-0.273944,-0.297893,-0.348383,-0.201723,-0.310795,-0.257668,-0.321617,-0.240413,-0.407362,-0.459589,-0.345722,-0.318101,-0.233772,-0.325056,-0.318132,-0.383954,-0.383761,-0.249063,-0.107113	-0.0162608,-0.00396344,0.0409087,0.310368,0.281568,0.253284,0.334115,0.277239,0.27931,0.435822,0.497725,0.352596,0.339116,0.273359,0.316986,0.27214,0.410379,0.333908,0.185171,0.269381
0.0243725,-0.270518,-0.252028,-0.0159512,0.0809749,-0.0484818,0.0487606,-0.0166359,0.0283734,0.0207184,0.059946,0.0157594,0.050867,0.0285727,0.00220346,-0.0280439,0.0217825,-0.0433932,-0.0185208,0.190816	-0.0192898,-0.268635,-0.2927,-0.285774,-0.16389,-0.310579,-0.280773,-0.313977,-0.238686,-0.374923,-0.44274,-0.314658,-0.310138,-0.221292,-0.295013,-0.308102,-0.368434,-0.393233,-0.200195,-0.0453415	0.0436418,-0.0020299,0.0439115,0.271058,0.241658,0.266104,0.325083,0.298903,0.265263,0.392591,0.489689,0.328787,0.355398,0.248295,0.297024,0.282499,0.38711,0.355913,0.18235,0.234132
0.0308659,-0.268975,-0.233267,0.0502578,0.0628223,-0.0478041,0.0507327,-0.0248801,0.00761161,0.0336914,0.0417681,0.0255971,0.049453,0.00905746,-0.027101,-0.0462325,0.0201606,-0.0365447,-0.0305923,0.182127	0.0524723,-0.264875,-0.279367,-0.271831,-0.182882,-0.304369,-0.246896,-0.326905,-0.254852,-0.379524,-0.450093,-0.311604,-0.290603,-0.242551,-0.331015,-0.32019,-0.385145,-0.383905,-0.215967,-0.0699204	-0.0216415,-0.00441446,0.0493134,0.317748,0.242913,0.260354,0.293947,0.304501,0.261955,0.407999,0.482785,0.334533,0.335238,0.251057,0.306665,0.278074,0.402183,0.352303,0.186608,0.248878
-0.0631914,0.127245,0.271165,0.252963,0.138514,0.221498,0.157903,0.163766,0.110616,0.259434,0.215711,0.298386,0.210115,0.187216,0.0690768,0.0168527,0.157283,0.099917,0.150179,0.230205	-0.0605937,0.213483,0.384372,0.334941,0.213708,0.128788,0.128099,0.105727,0.193467,0.234803,0.195676,0.233348,0.204978,0.126409,0.0117777,-0.0147106,0.170143,0.0269482,0.247575,0.283276	-0.00260768,-0.0886461,-0.126379,-0.0895666,-0.0774881,0.0954331,0.0304198,0.0590622,-0.084663,0.0262281,0.0209186,0.0699056,0.00536742,0.0622813,0.0573458,0.0315554,-0.0132134,0.0731659,-0.101157,-0.0567732
-0.0967946,0.14236,0.243244,0.28734,0.166569,0.20566,0.160069,0.110123,0.0819754,0.26333,0.218692,0.258911,0.180842,0.200305,0.0508619,0.00172071,0.158996,0.110338,0.159831,0.208378	-0.0980536,0.263326,0.294512,0.323733,0.232593,0.121556,0.109137,0.0733074,0.171118,0.271776,0.184515,0.210376,0.161845,0.135511,-0.0259052,-0.0717484,0.15489,0.0304699,0.257529,0.275329	0.00127107,-0.125677,-0.0552245,-0.040126,-0.0686846,0.0862607,0.0518376,0.0371154,-0.0904112,-0.0090974,0.0356145,0.0513318,0.01957,0.066602,0.0766661,0.0734601,0.0042105,0.080137,-0.101893,-0.0710264
0.34845,-0.192083,-0.360868,0.121177,0.163407,-0.00102294,0.069981,-0.0604895,0.0036889,0.0248318,0.0499252,0.0108768,0.0414148,-0.0100918,-0.0335671,-0.0627395,0.0217838,-0.0601059,-0.0545439,0.155386	0.269287,-0.191637,-0.41237,-0.272177,-0.164385,-0.2779,-0.289812,-0.379174,-0.234524,-0.431073,-0.469226,-0.289884,-0.312187,-0.301337,-0.316392,-0.31189,-0.391183,-0.371356,-0.238414,-0.131555	0.0873607,-0.000463288,0.0605058,0.380795,0.319217,0.276956,0.352641,0.326166,0.238007,0.451076,0.507268,0.299816,0.349089,0.292134,0.285861,0.254124,0.409477,0.318357,0.186293,0.281193
0.460082,-0.20225,-0.34841,0.122569,0.13935,-0.0251353,0.0758411,-0.0428354,0.00888888,0.0159183,0.071117,0.0514686,0.029727,0.0431076,-0.0349638,-0.0492964,0.00739856,-0.0688553,-0.078673,0.155313	0.407647,-0.190534,-0.399645,-0.289519,-0.19397,-0.293376,-0.285052,-0.349002,-0.244771,-0.4438,-0.456422,-0.28087,-0.324098,-0.253706,-0.326296,-0.296894,-0.392651,-0.375031,-0.251158,-0.129204	0.0645391,-0.0121849,0.0595222,0.397966,0.324547,0.270233,0.353256,0.310813,0.253109,0.456493,0.510953,0.327603,0.350448,0.293603,0.294694,0.251275,0.398891,0.314291,0.175962,0.27892
0.496768,-0.217802,-0.332855,0.169355,0.139532,-0.0217482,0.0528843,-0.00988194,0.0108744,0.00698767,0.076352,0.053245,0.0654638,0.0138083,-0.0694417,-0.0244832,0.0231793,-0.0498837,-0.0280344,0.1861	0.375816,-0.208098,-0.387604,-0.205307,-0.151848,-0.302769,-0.300779,-0.339388,-0.230522,-0.409219,-0.443445,-0.24872,-0.310287,-0.253458,-0.329678,-0.282731,-0.361239,-0.380988,-0.200891,-0.06318	0.148716,-0.0101646,0.0628581,0.362073,0.285334,0.282884,0.348126,0.330615,0.240793,0.41502,0.502775,0.298018,0.368271,0.266334,0.266333,0.260048,0.381226,0.337519,0.173835,0.246383
0.473157,-0.212473,-0.301806,0.136908,0.116104,-0.0241287,0.0456154,-0.0170456,-0.0172525,0.0144314,0.0625031,0.0540329,0.0732705,-0.006614,-0.0877562,-0.0393551,0.00971381,-0.0472358,-0.0350199,0.179251	0.424574,-0.200437,-0.363106,-0.265263,-0.17398,-0.298523,-0.272732,-0.352165,-0.253251,-0.417267,-0.448998,-0.252485,-0.284254,-0.275381,-0.357672,-0.293411,-0.385408,-0.374408,-0.212023,-0.0870606	0.0607964,-0.0125714,0.0688439,0.388077,0.28434,0.276385,0.314435,0.337143,0.237034,0.429114,0.497538,0.302392,0.35023,0.269257,0.278662,0.257024,0.393648,0.333063,0.178327,0.26222
-0.345257,0.153567,0.426065,0.349011,0.167008,0.280449,0.18836,0.221671,0.0909583,0.258468,0.230194,0.231812,0.239886,0.236036,0.0518932,0.00718437,0.172756,0.0799215,0.135378,0.262952	-0.393946,0.252098,0.513883,0.330482,0.203015,0.166408,0.128314,0.119715,0.201618,0.189834,0.189629,0.227604,0.222664,0.141869,0.0212769,0.00360855,0.194065,0.0352258,0.243887,0.295697	0.056354,-0.102499,-0.112435,0.0209453,-0.0372708,0.119623,0.0615333,0.104736,-0.112727,0.0721753,0.0424162,0.00444155,0.018194,0.0974293,0.0306502,0.00357591,-0.022048,0.0448219,-0.112214,-0.035506
-0.349644,0.210644,0.519029,0.393095,0.19498,0.273441,0.19488,0.152213,0.071371,0.261766,0.229328,0.229524,0.219137,0.233954,0.0296749,-0.0123116,0.180592,0.0925129,0.15145,0.240435	-0.399881,0.346796,0.540328,0.323494,0.221438,0.167789,0.113401,0.0737362,0.188363,0.224944,0.175271,0.239732,0.187986,0.137183,-0.0206177,-0.0590056,0.184811,0.0409025,0.260919,0.287421	0.0584026,-0.146882,-0.0296001,0.0797412,-0.0276518,0.110733,0.0833203,0.0793675,-0.118586,0.0391254,0.0563202,-0.0108025,0.0324889,0.0999797,0.0502618,0.0467279,-0.00436489,0.0518065,-0.113972,-0.0504733
0.634472,0.799182,0.877065,0.711916,0.708882,0.699832,0.759135,0.641764,0.705009,0.741047,0.665904,0.671942,0.684271,0.674284,0.772898,0.783177,0.659627,0.728369,0.727708,0.77845	0.662969,0.816475,0.879065,0.692745,0.695586,0.69931,0.757172,0.66787,0.683192,0.730538,0.663793,0.630535,0.675792,0.683031,0.75961,0.787876,0.671036,0.738505,0.738439,0.782025	-0.0491861,-0.0497651,-0.00873577,0.0378245,0.0262296,0.0010226,0.00461726,-0.0456892,0.0420907,0.0229136,0.00378241,0.0718467,0.0157728,-0.0162137,0.0321822,-0.0122697,-0.0204692,-0.0219344,-0.0231961,-0.00913935
0.609197,0.700363,0.828111,0.574925,0.415278,0.422929,0.414178,0.386147,0.421848,0.39788,0.376049,0.389166,0.41413,0.396577,0.461969,0.44214,0.377481,0.384501,0.356284,0.464371	0.568514,0.714905,0.825492,0.618882,0.457034,0.403963,0.420973,0.385334,0.420645,0.458571,0.387084,0.397331,0.383394,0.437804,0.486117,0.441405,0.426104,0.356246,0.377112,0.512822	0.0622395,-0.0291227,0.00827802,-0.0682356,-0.0515384,0.0228742,-0.00823008,0.000954628,0.00146283,-0.0742358,-0.0129152,-0.00965902,0.0365377,-0.0498887,-0.031142,0.000913202,-0.0579425,0.0327397,-0.0240611,-0.0635951
0.56281,0.671592,0.791094,0.459161,0.534291,0.505778,0.472588,0.433753,0.508601,0.482439,0.414134,0.428551,0.48195,0.411907,0.489894,0.529466,0.447848,0.489509,0.418431,0.59472	0.597106,0.69008,0.781218,0.461333,0.566324,0.495934,0.528109,0.422666,0.506406,0.525768,0.427204,0.426356,0.487751,0.446523,0.490733,0.530002,0.472191,0.466845,0.431332,0.626725	-0.0516546,-0.0344571,0.0258536,-0.002756,-0.0459305,0.0131394,-0.0739872,0.0135762,0.00295676,-0.0580541,-0.0158794,0.00268577,-0.00758356,-0.0424185,-0.00110437,-0.0007452,-0.0308711,0.0293767,-0.0157419,-0.0510215
-0.655212,-0.277942,-0.511815,-0.271378,-0.33765,-0.260326,-0.387464,-0.367414,-0.389952,-0.485435,-0.46219,-0.319869,-0.327988,-0.322699,-0.373777,-0.363196,-0.437008,-0.329865,-0.283738,-0.177678	-0.650596,-0.212895,-0.436378,0.125249,-0.040568,-0.0774235,-0.118629,-0.137143,-0.10458,-0.111884,0.0110884,-0.049708,-0.0030912,-0.115937,-0.143385,-0.129874,-0.0289819,-0.0520639,-0.0205845,0.126618	-0.00804447,-0.0691373,-0.0971306,-0.383588,-0.301208,-0.186665,-0.281788,-0.242491,-0.297505,-0.395005,-0.470865,-0.274526,-0.325226,-0.214798,-0.243439,-0.244872,-0.413261,-0.282656,-0.2647,-0.297601
-0.65553,-0.268391,-0.19439,-0.256104,-0.310485,-0.272736,-0.383154,-0.37604,-0.347206,-0.502811,-0.44817,-0.311118,-0.315559,-0.337892,-0.387579,-0.342536,-0.443017,-0.317083,-0.284384,-0.172518	-0.652199,-0.177782,-0.116266,0.110393,-0.0146893,-0.0871216,-0.13169,-0.132763,-0.042837,-0.110388,0.0213887,-0.0284516,4.57694e-05,-0.139432,-0.180049,-0.140225,-0.04276,-0.0432542,-0.0195508,0.146485	-0.00581912,-0.0951498,-0.0799308,-0.35642,-0.297151,-0.190132,-0.264827,-0.25606,-0.308964,-0.415484,-0.465101,-0.285191,-0.3156,-0.208272,-0.223099,-0.212519,-0.407985,-0.277636,-0.266314,-0.311141
0.686602,0.715226,0.817892,0.513692,0.390867,0.433277,0.431792,0.390901,0.42505,0.393642,0.393326,0.352498,0.435439,0.399282,0.45748,0.453626,0.367402,0.379019,0.363092,0.440716	0.617989,0.712189,0.813217,0.57738,0.445949,0.415023,0.440573,0.364914,0.445348,0.465006,0.406601,0.401777,0.413157,0.431796,0.494846,0.447996,0.404859,0.34096,0.373684,0.485506	0.119184,0.00618968,0.0139589,-0.0905431,-0.06671,0.0222559,-0.0108446,0.0303102,-0.0250372,-0.087353,-0.015802,-0.0574089,0.0271702,-0.0392875,-0.0482999,0.00706577,-0.0440022,0.0437069,-0.012255,-0.0569822
0.648213,0.691695,0.78447,0.442111,0.517748,0.5051,0.478428,0.46475,0.508024,0.496997,0.445697,0.394844,0.470727,0.46152,0.48443,0.520332,0.46268,0.500061,0.455759,0.599415	0.65313,0.692372,0.772507,0.463993,0.563452,0.495842,0.536281,0.428392,0.527516,0.550795,0.460905,0.434015,0.485179,0.487231,0.498564,0.515927,0.475693,0.467244,0.458286,0.627824	-0.00852741,-0.00129902,0.0303642,-0.0275295,-0.0645299,0.0123519,-0.0778185,0.0453961,-0.0266282,-0.0740755,-0.0191393,-0.0472725,-0.0187287,-0.0331707,-0.0186348,0.00602256,-0.0166857,0.0428231,-0.00319322,-0.0455508
-0.652174,-0.268007,-0.50857,-0.303211,-0.343952,-0.260541,-0.405337,-0.347552,-0.394719,-0.485532,-0.466834,-0.347739,-0.334601,-0.301896,-0.358699,-0.364684,-0.444885,-0.341202,-0.2799,-0.189255	-0.658447,-0.213796,-0.433668,0.100793,-0.0386153,-0.0795994,-0.142899,-0.134743,-0.0947339,-0.100849,0.00351976,-0.056049,-0.00167171,-0.097849,-0.112936,-0.136458,-0.047288,-0.0675946,-0.0228179,0.106529	0.0109955,-0.0575062,-0.0960954,-0.392023,-0.309446,-0.184774,-0.278574,-0.223264,-0.311638,-0.404489,-0.469582,-0.297488,-0.333116,-0.210258,-0.256139,-0.240179,-0.406141,-0.280066,-0.258735,-0.289938
-0.651875,-0.2531,-0.183934,-0.267916,-0.314172,-0.263496,-0.405909,-0.36162,-0.357657,-0.500129,-0.465299,-0.330134,-0.319182,-0.30959,-0.372058,-0.355863,-0.452961,-0.334929,-0.275448,-0.180866	-0.659381,-0.173128,-0.106614,0.114281,-0.0088434,-0.0771288,-0.16164,-0.137632,-0.0413677,-0.0941824,-0.0089716,-0.0226171,0.0070446,-0.111965,-0.150309,-0.162524,-0.0660264,-0.0664415,-0.0155039,0.130566	0.0131647,-0.083637,-0.0788672,-0.370842,-0.306179,-0.190234,-0.261421,-0.23572,-0.321039,-0.426013,-0.45824,-0.30983,-0.325495,-0.204722,-0.234884,-0.205207,-0.398863,-0.274599,-0.261059,-0.304247
0.556111,0.620031,0.758175,0.43246,0.471924,0.404234,0.385417,0.401483,0.429477,0.394812,0.347327,0.355974,0.328591,0.406212,0.465765,0.420514,0.382887,0.361146,0.346936,0.473524	0.631038,0.623775,0.750944,0.392093,0.462695,0.413251,0.433853,0.391413,0.428506,0.376568,0.349389,0.345725,0.36491,0.399627,0.442456,0.421796,0.358118,0.36703,0.338833,0.45709	-0.115437,-0.00610609,0.0167898,0.0486101,0.0118068,-0.0108252,-0.0581613,0.0119468,0.00119007,0.02143,-0.00234664,0.0116868,-0.0412676,0.00786102,0.0293596,-0.00155841,0.0287045,-0.00678326,0.00918239,0.0209739
-0.593742,-0.257118,-0.506517,-0.248968,-0.275375,-0.258966,-0.387277,-0.304469,-0.370937,-0.443014,-0.44764,-0.309618,-0.328452,-0.256182,-0.326821,-0.357176,-0.406781,-0.348327,-0.235936,-0.125575	-0.569965,-0.200123,-0.429104,0.113692,0.010244,-0.0627298,-0.124353,-0.0590238,-0.0739141,-0.0927643,0.0252435,-0.0401251,0.0199749,-0.0698647,-0.099315,-0.122129,-0.0188105,-0.0523026,0.0213988,0.14005	-0.0359388,-0.0600875,-0.098911,-0.352677,-0.284816,-0.199477,-0.276227,-0.249937,-0.305396,-0.36526,-0.4676,-0.272884,-0.346156,-0.189713,-0.235139,-0.245768,-0.390962,-0.301517,-0.256042,-0.261035
-0.599323,-0.232595,-0.183252,-0.257911,-0.246859,-0.278893,-0.382217,-0.309271,-0.33897,-0.460224,-0.433181,-0.306766,-0.324586,-0.24735,-0.329926,-0.346037,-0.413697,-0.336456,-0.239587,-0.129925	-0.577437,-0.148781,-0.102642,0.0652897,0.0362713,-0.0814903,-0.136778,-0.0472712,-0.0265756,-0.0903151,0.0335834,-0.0269065,0.0125987,-0.0635225,-0.124033,-0.144728,-0.0379116,-0.0444879,0.0169038,0.148072	-0.0334685,-0.0868192,-0.0821551,-0.317849,-0.280618,-0.201993,-0.258978,-0.265887,-0.315234,-0.385951,-0.460072,-0.282189,-0.335811,-0.186762,-0.214677,-0.211923,-0.381773,-0.296405,-0.255456,-0.27275
-0.606337,-0.238818,-0.483794,-0.277939,-0.313038,-0.272264,-0.365748,-0.314754,-0.381461,-0.474463,-0.446764,-0.302993,-0.304972,-0.279068,-0.350652,-0.370143,-0.438615,-0.357766,-0.268619,-0.159772	-0.6157,-0.183465,-0.3989,0.11563,-0.033806,-0.0869422,-0.132594,-0.0633181,-0.0879839,-0.124208,0.0178016,-0.0241715,0.0259786,-0.0920385,-0.112596,-0.138871,-0.0461836,-0.0686685,-0.0122934,0.11443	0.014941,-0.0578893,-0.105195,-0.381314,-0.282218,-0.189815,-0.245037,-0.256549,-0.303669,-0.372189,-0.4609,-0.280879,-0.328349,-0.19196,-0.247842,-0.243804,-0.400545,-0.296379,-0.257175,-0.26928
-0.613055,-0.227441,-0.203798,-0.227126,-0.282739,-0.287145,-0.356254,-0.322901,-0.351505,-0.49203,-0.433606,-0.294648,-0.29785,-0.274225,-0.343334,-0.366232,-0.446694,-0.344916,-0.269578,-0.159726	-0.623634,-0.145953,-0.119343,0.154801,-0.00423306,-0.0999449,-0.139114,-0.0554125,-0.0443628,-0.122272,0.0227236,-0.00314507,0.0225978,-0.0906937,-0.123527,-0.170454,-0.0669032,-0.0592219,-0.013201,0.127492	0.0171263,-0.0842859,-0.0865603,-0.368955,-0.27884,-0.192731,-0.228463,-0.272362,-0.312007,-0.393427,-0.451877,-0.291773,-0.318305,-0.188213,-0.229542,-0.208814,-0.39149,-0.291652,-0.257292,-0.281486
0.812457,0.66962,0.593515,0.824011,0.791017,0.830917,0.842832,0.819501,0.792797,0.775776,0.826311,0.827055,0.855663,0.763741,0.798218,0.786725,0.820691,0.867931,0.861393,0.877831	0.806604,0.706998,0.532885,0.770617,0.779486,0.839891,0.816475,0.843756,0.803335,0.815383,0.808608,0.844123,0.837958,0.758961,0.770501,0.724985,0.79897,0.859014,0.861043,0.894201	0.016981,-0.0709824,0.0886752,0.146284,0.0300747,-0.0297021,0.0845183,-0.078613,-0.0290205,-0.107791,0.0533483,-0.0565402,0.0625659,0.0113692,0.0719982,0.143703,0.0630909,0.0350457,0.00135493,-0.0761237
0.453067,0.457218,0.0478585,0.245813,0.57147,0.587575,0.561416,0.617569,0.475661,0.47789,0.848472,0.491812,0.691288,0.628172,0.41518,0.598516,0.618719,0.808601,0.836367,0.748791	0.380757,0.453726,0.304536,0.433868,0.629073,0.624713,0.587492,0.704604,0.462842,0.561634,0.870365,0.464435,0.709971,0.677036,0.326023,0.528769,0.615293,0.753087,0.807975,0.798033	0.0873841,0.0044063,-0.260474,-0.210506,-0.0899343,-0.0586755,-0.0389104,-0.154083,0.0164382,-0.114467,-0.0837126,0.0354818,-0.0366911,-0.0850247,0.103114,0.102039,0.00553232,0.141961,0.087565,-0.122359
0.0250958,-0.371487,0.237898,-0.152691,0.0976112,-0.00598426,0.149283,-0.074395,-0.0162647,0.12809,0.0865234,0.0283076,0.0313431,0.0679095,0.00642834,-0.0468975,0.0853071,-0.0213577,0.00931447,0.249985	-0.113219,-0.387373,-0.441123,-0.580067,-0.275653,-0.389207,-0.330118,-0.511034,-0.377287,-0.44383,-0.51186,-0.319232,-0.35951,-0.277553,-0.36026,-0.412681,-0.484951,-0.436038,-0.260287,-0.0989966	0.137922,0.0185558,0.61453,0.468907,0.363484,0.384117,0.456886,0.453896,0.363251,0.541155,0.573007,0.344427,0.386498,0.339071,0.365841,0.373003,0.547603,0.418578,0.268949,0.340554
0.137662,-0.394551,0.236571,-0.130984,0.0921949,-0.0164417,0.157445,-0.0590324,0.0168023,0.117246,0.110157,0.0509173,0.0220037,0.0882815,0.00946758,-0.0224685,0.0910096,-0.0395917,-0.010388,0.247618	-0.00523036,-0.391273,-0.441225,-0.589268,-0.290683,-0.396353,-0.332134,-0.488371,-0.370055,-0.460501,-0.497015,-0.332297,-0.368724,-0.248374,-0.366266,-0.390968,-0.477959,-0.440513,-0.27331,-0.0972709	0.14279,-0.00387582,0.613734,0.496615,0.372885,0.382403,0.46525,0.442083,0.384467,0.548152,0.575655,0.376838,0.387583,0.329432,0.374435,0.371765,0.545251,0.408038,0.26367,0.336778
0.164369,-0.394924,0.239163,-0.0756907,0.0646657,-0.0133464,0.11641,-0.0114547,-0.000390625,0.0866732,0.11102,0.0501226,0.0454879,0.0721054,0.0246408,0.000514161,0.0462979,-0.018775,0.0262214,0.267247	-0.0326349,-0.388607,-0.438928,-0.530115,-0.2616,-0.397819,-0.356297,-0.476367,-0.370853,-0.435072,-0.480351,-0.298744,-0.360752,-0.236263,-0.338984,-0.38183,-0.471602,-0.445488,-0.227888,-0.0374813	0.195952,-0.00746227,0.613671,0.47342,0.320839,0.386524,0.453882,0.467463,0.370516,0.502786,0.56143,0.34372,0.399681,0.303203,0.360613,0.382269,0.506833,0.430312,0.2526,0.301706
0.204471,-0.390216,0.216009,0.00359674,0.0701203,-0.0113313,0.109239,0.000679863,-0.0200602,0.10756,0.0864243,0.0600914,0.0327803,0.0518411,0.00208878,-0.0148335,0.0546447,-0.0171653,0.0252818,0.263445	0.0302644,-0.382761,-0.437852,-0.524795,-0.274953,-0.391023,-0.327314,-0.483691,-0.385919,-0.437433,-0.489173,-0.296185,-0.343989,-0.257364,-0.371532,-0.391684,-0.48384,-0.438343,-0.241991,-0.0612224	0.175291,-0.00876404,0.597362,0.527397,0.338546,0.381382,0.421483,0.484211,0.368713,0.520504,0.55225,0.350046,0.372568,0.305134,0.373331,0.379053,0.524614,0.424371,0.265648,0.319514
-0.374543,-0.058406,-0.305662,-0.159614,-0.167164,0.136387,0.0144943,-0.0302694,-0.00565693,0.152808,0.10312,0.273826,0.142057,0.133936,0.078738,-0.102377,0.0986567,0.0220082,0.114732,0.243153	-0.125369,0.10582,0.117248,-0.0322068,0.1189,0.0190486,0.0132466,-0.12826,0.0168826,0.126126,0.129276,0.239528,0.137397,0.10494,-0.0492176,-0.135689,0.0101757,-0.0596246,0.21497,0.297777	-0.261451,-0.163217,-0.408278,-0.128066,-0.280489,0.117644,0.00124788,0.098372,-0.0225374,0.0272069,-0.0265092,0.036706,0.00475225,0.0294092,0.127462,0.0337808,0.08857,0.0815258,-0.102773,-0.0588882
-0.412061,-0.0269308,0.0411964,-0.145722,-0.109238,0.104374,0.0149981,-0.0902988,-0.0173192,0.138538,0.113505,0.218442,0.121561,0.159988,0.0830672,-0.126495,0.0985727,0.0335417,0.119667,0.222268	-0.178922,0.160671,-0.015993,-0.0520709,0.140392,0.0119123,-0.00575658,-0.167983,-0.00616582,0.166285,0.118413,0.21867,0.092597,0.112675,-0.0840535,-0.192526,-0.00629162,-0.0551408,0.227181,0.29	-0.251696,-0.186793,0.0571518,-0.094367,-0.245859,0.0925769,0.0207529,0.0788805,-0.0111546,-0.0284009,-0.00497475,-0.000238535,0.0292941,0.0481818,0.165962,0.0676787,0.104799,0.0885188,-0.110518,-0.0723983
0.440172,-0.296367,0.16195,0.0656828,0.17783,0.0411237,0.133264,-0.0805614,-0.0292854,0.104684,0.111108,0.0430433,0.0432671,0.0477056,-0.0147039,-0.0308273,0.0712385,-0.0292676,-0.00381649,0.237431	0.346211,-0.312033,-0.617802,-0.541181,-0.260004,-0.374762,-0.359644,-0.554138,-0.382,-0.488964,-0.507514,-0.301564,-0.364911,-0.316284,-0.323535,-0.370647,-0.489146,-0.419504,-0.257629,-0.135819	0.110855,0.0172624,0.708831,0.586033,0.418484,0.409574,0.470364,0.495706,0.356705,0.56474,0.585601,0.340191,0.401833,0.358579,0.310308,0.343748,0.541515,0.395087,0.254062,0.36159
0.540164,-0.320116,0.178685,0.0939327,0.152986,0.0257982,0.149954,-0.0534837,-0.0201383,0.100187,0.133765,0.0965698,0.0286031,0.0900696,-0.017008,-0.0215761,0.0631754,-0.0521498,-0.0224964,0.237083	0.450541,-0.314634,-0.609484,-0.557284,-0.289844,-0.384526,-0.351848,-0.525263,-0.390668,-0.501821,-0.492082,-0.292847,-0.377542,-0.273137,-0.334096,-0.355084,-0.489821,-0.427085,-0.269023,-0.133533	0.11845,-0.00609645,0.710763,0.618823,0.424027,0.406294,0.476653,0.485416,0.373468,0.57319,0.587196,0.378707,0.401806,0.354486,0.3189,0.336083,0.536398,0.383476,0.248028,0.359243
0.570541,-0.343864,0.196679,0.177986,0.128654,0.0174635,0.12197,-0.00299032,-0.0199061,0.0747561,0.129218,0.0879286,0.0610182,0.0577388,-0.048746,0.00335817,0.0478486,-0.0259473,0.0164923,0.2647	0.421404,-0.335254,-0.602283,-0.472816,-0.256444,-0.397944,-0.368589,-0.509595,-0.379083,-0.477173,-0.47976,-0.258351,-0.363804,-0.273136,-0.339207,-0.34171,-0.468029,-0.42843,-0.222562,-0.0701818	0.196345,-0.00973149,0.714343,0.600285,0.372799,0.412541,0.469454,0.507378,0.361908,0.532919,0.573429,0.338588,0.415597,0.325737,0.295344,0.344672,0.504578,0.407007,0.23818,0.328774
0.574391,-0.334937,0.184509,0.123247,0.129442,0.0157711,0.104451,0.0119526,-0.0487784,0.0892171,0.10961,0.0892818,0.0575836,0.0364866,-0.0593783,-0.00818654,0.0423599,-0.0287338,0.020649,0.26267	0.46019,-0.325074,-0.595361,-0.52609,-0.272911,-0.392134,-0.345339,-0.517077,-0.401268,-0.480084,-0.487273,-0.262326,-0.340689,-0.295048,-0.364725,-0.350799,-0.486705,-0.423742,-0.232092,-0.0931178	0.155234,-0.0110674,0.702681,0.609799,0.388625,0.405398,0.434131,0.52578,0.359527,0.545919,0.56662,0.343561,0.390609,0.328003,0.312106,0.3436,0.518378,0.399877,0.251536,0.347294
-0.569942,-0.0275898,-0.151359,-0.0719373,-0.143097,0.204219,0.0473213,0.0342133,-0.0234501,0.154229,0.117591,0.214399,0.173138,0.183861,0.0581614,-0.109228,0.117562,0.00262815,0.0994853,0.28073	-0.376762,0.14194,0.0919787,-0.0885455,0.0955526,0.0537192,0.0257297,-0.122622,0.00854794,0.0545956,0.1271,0.205274,0.153229,0.114252,0.000955117,-0.0937236,0.0300557,-0.0427443,0.220457,0.290023	-0.246005,-0.168868,-0.239996,0.0167147,-0.235431,0.152169,0.021618,0.15618,-0.0319916,0.100479,-0.00965276,0.00954461,0.0204512,0.0711024,0.0572095,-0.0156643,0.0878161,0.0453674,-0.123685,-0.0101167
-0.57496,0.0504079,0.482199,-0.0328391,-0.0848846,0.181709,0.0517322,-0.0461902,-0.0258832,0.138727,0.124213,0.195928,0.16194,0.194129,0.0579248,-0.138816,0.124829,0.0163054,0.110852,0.258892	-0.385795,0.251378,0.145421,-0.0935184,0.116661,0.056417,0.01042,-0.177317,-0.00511234,0.0917834,0.112923,0.219489,0.117405,0.107832,-0.039329,-0.159559,0.0192939,-0.036059,0.239873,0.281813	-0.243086,-0.203549,0.362175,0.0608662,-0.199569,0.12659,0.0413345,0.132209,-0.0207736,0.0475494,0.0114499,-0.0246193,0.0453983,0.0881423,0.0970327,0.0212132,0.105789,0.0523336,-0.132545,-0.0247241
0.71356,0.764158,0.919827,0.711509,0.705191,0.723436,0.777555,0.646186,0.695198,0.758154,0.682612,0.682516,0.680859,0.682184,0.776495,0.785807,0.674119,0.728086,0.745965,0.797457	0.714257,0.803145,0.922702,0.673557,0.692677,0.712113,0.766234,0.669303,0.670168,0.745585,0.679476,0.631807,0.674508,0.701411,0.764309,0.794722,0.678961,0.749876,0.749992,0.801088	-0.00142048,-0.10093,-0.0190078,0.0728777,0.0244649,0.0233538,0.0280071,-0.0407349,0.0468645,0.0289117,0.00584806,0.0891531,0.0117452,-0.0368686,0.029978,-0.0237428,-0.008928,-0.0479915,-0.00913997,-0.0100519
0.691617,0.647825,0.885404,0.57619,0.397719,0.449847,0.441194,0.392468,0.406668,0.420326,0.396005,0.404427,0.407442,0.415346,0.472863,0.451964,0.38432,0.39435,0.381137,0.503478	0.62883,0.693479,0.890653,0.591386,0.463662,0.430276,0.442237,0.381984,0.404228,0.487654,0.411798,0.408897,0.383295,0.4682,0.494695,0.457215,0.450517,0.372907,0.408235,0.551706	0.11111,-0.0828933,-0.0248289,-0.0230505,-0.0808535,0.0242677,-0.00129547,0.0123328,0.00291996,-0.0846863,-0.0188698,-0.00535623,0.0286155,-0.0656138,-0.028499,-0.0066191,-0.0800583,0.0251402,-0.0320904,-0.0667776
0.670683,0.618456,0.840035,0.444472,0.532658,0.530781,0.494321,0.451055,0.496459,0.506801,0.430153,0.444225,0.467383,0.429237,0.505731,0.541089,0.457971,0.493978,0.448244,0.628319	0.647833,0.667294,0.876626,0.420799,0.564443,0.519419,0.550143,0.413616,0.489732,0.552732,0.45147,0.437977,0.489243,0.476234,0.497113,0.543842,0.492674,0.482627,0.4564,0.657932	0.040406,-0.083155,-0.138809,0.0291189,-0.0454499,0.0156873,-0.0766724,0.0460258,0.0088885,-0.0638045,-0.0264542,0.00775754,-0.0283398,-0.059072,0.0115117,-0.00390024,-0.0448141,0.0149038,-0.0102536,-0.0504812
-0.78756,-0.458122,-0.726958,-0.562277,-0.553475,-0.336647,-0.478923,-0.501897,-0.480729,-0.538333,-0.517285,-0.325764,-0.375685,-0.35384,-0.362255,-0.430689,-0.47453,-0.373742,-0.310001,-0.167086	-0.669051,-0.345562,0.0281351,0.0721301,-0.0488832,-0.0474617,-0.0773106,-0.161593,-0.148726,-0.0444821,0.0653973,-0.0201579,-0.00341076,-0.0649988,-0.123411,-0.102778,0.0125913,-0.0223576,0.0342551,0.210581	-0.250504,-0.133731,-0.739958,-0.60968,-0.518624,-0.29388,-0.417054,-0.37034,-0.357568,-0.505967,-0.563616,-0.307626,-0.372752,-0.295641,-0.250021,-0.343098,-0.484228,-0.354345,-0.340638,-0.364831
-0.789802,-0.452178,-0.29988,-0.554634,-0.509061,-0.357615,-0.476301,-0.50889,-0.422625,-0.561841,-0.49982,-0.329147,-0.357493,-0.358687,-0.35965,-0.41837,-0.482792,-0.36007,-0.316052,-0.161105	-0.672843,-0.320859,0.406957,0.0504488,-0.0149347,-0.0583466,-0.0931228,-0.157227,-0.078804,-0.0404597,0.0752938,0.00115862,-0.000158086,-0.0892144,-0.157555,-0.115341,-0.00126693,-0.0135106,0.0361555,0.230984	-0.249599,-0.153605,-0.629958,-0.588613,-0.497912,-0.305646,-0.400963,-0.382247,-0.355666,-0.533509,-0.554256,-0.33018,-0.357355,-0.278381,-0.214234,-0.318394,-0.481819,-0.348254,-0.348228,-0.378022
0.743236,0.672712,0.878845,0.507117,0.371027,0.455879,0.454851,0.396217,0.409101,0.415345,0.412181,0.36587,0.428848,0.421734,0.46859,0.46513,0.372372,0.391642,0.385849,0.481742	0.681904,0.678952,0.88117,0.56126,0.448846,0.448058,0.467139,0.363678,0.431291,0.495361,0.431272,0.421109,0.411046,0.45531,0.502604,0.461102,0.433565,0.34918,0.408962,0.526299	0.124358,-0.0114859,-0.0103032,-0.0756844,-0.0933687,0.00982851,-0.0156033,0.0380174,-0.0269444,-0.100743,-0.0232182,-0.0653003,0.0216117,-0.0415552,-0.0444933,0.00512787,-0.0729747,0.0491884,-0.0274435,-0.0596917
0.719127,0.648074,0.835541,0.420831,0.515027,0.526474,0.496447,0.47943,0.49582,0.518573,0.460649,0.409011,0.456916,0.480651,0.500709,0.533707,0.469748,0.50737,0.481597,0.633685	0.696953,0.656834,0.869249,0.434851,0.559546,0.526711,0.563881,0.42034,0.513985,0.57687,0.485145,0.454028,0.485424,0.508095,0.504395,0.527029,0.499462,0.474533,0.485782,0.659626	0.0444544,-0.0152539,-0.12315,-0.01716,-0.062543,-0.000327023,-0.0936501,0.0740043,-0.0243779,-0.0831812,-0.0315467,-0.0552828,-0.0366324,-0.036312,-0.00493176,0.00929058,-0.038822,0.0432507,-0.00546298,-0.044571
-0.78606,-0.455422,-0.725234,-0.583465,-0.555072,-0.331327,-0.491477,-0.482239,-0.48201,-0.538627,-0.518741,-0.353465,-0.383486,-0.33663,-0.348325,-0.433119,-0.480632,-0.389252,-0.305291,-0.178295	-0.664156,-0.362974,0.0291509,0.0621328,-0.0467577,-0.0380196,-0.0929835,-0.154574,-0.133986,-0.0282973,0.0577968,-0.0153823,-0.00440045,-0.0582225,-0.0945019,-0.115037,0.00187741,-0.0509005,0.0391163,0.189073	-0.255064,-0.110756,-0.738767,-0.623012,-0.521858,-0.29705,-0.417576,-0.354057,-0.372052,-0.518228,-0.559755,-0.339931,-0.379726,-0.283973,-0.262463,-0.334761,-0.482074,-0.345191,-0.340343,-0.355388
-0.789852,-0.445715,-0.292153,-0.557736,-0.508004,-0.343423,-0.493195,-0.494657,-0.431409,-0.559511,-0.512545,-0.347506,-0.362495,-0.332797,-0.34551,-0.432463,-0.490581,-0.381746,-0.306272,-0.169168	-0.669742,-0.334838,0.414835,0.0836573,-0.00838744,-0.0352516,-0.115147,-0.158721,-0.0739726,-0.0181072,0.0429242,0.0187327,0.00465829,-0.0723054,-0.129938,-0.145073,-0.0174163,-0.0496129,0.0476759,0.21381	-0.255009,-0.130328,-0.630566,-0.612801,-0.501755,-0.311948,-0.40081,-0.364559,-0.369219,-0.546945,-0.543511,-0.36387,-0.366534,-0.266914,-0.225705,-0.306627,-0.477243,-0.338545,-0.348854,-0.369609
0.642489,0.56946,0.820694,0.407058,0.477419,0.428576,0.408563,0.416227,0.41695,0.424217,0.364027,0.372873,0.314762,0.427563,0.482153,0.435799,0.398919,0.369542,0.381545,0.515674	0.682207,0.57189,0.85217,0.369837,0.444413,0.436559,0.463184,0.389829,0.412714,0.401729,0.369541,0.36222,0.360321,0.42177,0.451774,0.433205,0.366944,0.379743,0.362591,0.497254	-0.0707126,-0.00360378,-0.1047,0.043817,0.0418955,-0.00981999,-0.0673707,0.0315108,0.00511719,0.0271078,-0.00637064,0.012317,-0.0513871,0.00706764,0.0388399,0.00319809,0.0374578,-0.0118658,0.0219973,0.024773
-0.726655,-0.445875,-0.726444,-0.538183,-0.512939,-0.33171,-0.47712,-0.437566,-0.462485,-0.503274,-0.504716,-0.312986,-0.376136,-0.292364,-0.31807,-0.425333,-0.450572,-0.392148,-0.264146,-0.116088	-0.544722,-0.355237,0.0266452,0.104349,-0.0150548,-0.0308419,-0.07695,-0.0598831,-0.114361,-0.035574,0.0737544,-0.00651953,0.0130405,-0.0310571,-0.0787915,-0.100947,0.000288013,-0.0295389,0.0702624,0.22003	-0.301126,-0.107696,-0.738789,-0.608367,-0.501759,-0.303978,-0.415422,-0.387846,-0.367565,-0.476226,-0.55771,-0.307093,-0.387277,-0.263701,-0.24543,-0.338939,-0.450801,-0.366858,-0.328315,-0.327746
-0.73472,-0.424359,-0.293231,-0.551563,-0.464811,-0.360896,-0.473362,-0.441818,-0.416544,-0.528665,-0.486802,-0.321412,-0.36635,-0.27215,-0.304275,-0.421744,-0.458803,-0.37922,-0.27257,-0.119468	-0.557941,-0.313881,0.414739,0.030834,0.0187173,-0.0516948,-0.0921543,-0.046608,-0.0609832,-0.0312091,0.0812913,0.00660321,0.00545661,-0.0243344,-0.102298,-0.126431,-0.019829,-0.0215975,0.0660971,0.228691	-0.299591,-0.127454,-0.631207,-0.572658,-0.479358,-0.31508,-0.398596,-0.403519,-0.364828,-0.505801,-0.546468,-0.32732,-0.371064,-0.249468,-0.208466,-0.311946,-0.443004,-0.360576,-0.332673,-0.3389
-0.747754,-0.428014,-0.724208,-0.552561,-0.542132,-0.344149,-0.46243,-0.444226,-0.47146,-0.530442,-0.505632,-0.306362,-0.356533,-0.315148,-0.340525,-0.437144,-0.478724,-0.404115,-0.293982,-0.149613	-0.585347,-0.336212,0.0129528,0.0959021,-0.0413146,-0.0563042,-0.0957388,-0.0452416,-0.125775,-0.062926,0.0601487,0.00983505,0.0082472,-0.0549775,-0.0848349,-0.114561,-0.0190373,-0.0518582,0.0475518,0.19784	-0.288823,-0.107233,-0.730311,-0.615829,-0.512292,-0.293533,-0.383677,-0.407167,-0.367475,-0.48366,-0.549082,-0.315247,-0.363711,-0.264758,-0.263297,-0.33959,-0.463914,-0.359797,-0.336825,-0.337464
-0.755854,-0.421591,-0.317803,-0.517345,-0.493609,-0.367743,-0.454517,-0.452108,-0.428443,-0.556302,-0.488312,-0.309228,-0.34321,-0.299089,-0.316728,-0.440038,-0.488493,-0.390515,-0.299854,-0.148625	-0.598852,-0.31141,0.352854,0.155358,-0.00200971,-0.0708934,-0.10403,-0.0359154,-0.076426,-0.0591352,0.0639607,0.0309275,0.00492177,-0.0531463,-0.0948648,-0.149845,-0.0409133,-0.0420215,0.0470905,0.211424	-0.286837,-0.126832,-0.603034,-0.622658,-0.492087,-0.304796,-0.367881,-0.423062,-0.363933,-0.514079,-0.535546,-0.336934,-0.347545,-0.249915,-0.228736,-0.310678,-0.456708,-0.354307,-0.342114,-0.34908
0.745808,0.595617,0.688142,0.698825,0.716623,0.79329,0.812883,0.772392,0.783912,0.725921,0.800626,0.80453,0.847139,0.755669,0.810297,0.754569,0.804615,0.854912,0.850599,0.882672	0.747812,0.617572,0.07792,0.639085,0.654135,0.824658,0.785707,0.796743,0.768827,0.797038,0.772604,0.844218,0.814551,0.733625,0.754657,0.697751,0.782998,0.844885,0.858316,0.897498	-0.00453056,-0.03473,0.644796,0.107952,0.117628,-0.0907086,0.0752137,-0.0633149,0.0379673,-0.168758,0.0734641,-0.123714,0.105134,0.0494689,0.143215,0.119997,0.0584259,0.0361108,-0.0285909,-0.0713484
0.55268,0.127751,-0.146768,0.288932,0.160572,0.0900953,-0.0410449,0.0011357,-0.0217599,-0.0528683,0.119378,0.0234242,0.028571,-0.0487047,-0.0309072,0.0283728,-0.0301502,-0.0337358,-0.0582918,-0.0374932	-0.071266,-0.579469,-0.668487,-0.610389,-0.706274,-0.734269,-0.751437,-0.838718,-0.688476,-0.78311,-0.928288,-0.650901,-0.808061,-0.780739,-0.605879,-0.726586,-0.824283,-0.889437,-0.881288,-0.805572	0.600302,0.658475,0.578475,0.764494,0.778552,0.773213,0.733,0.839054,0.676856,0.761781,0.943149,0.664198,0.817753,0.760971,0.585945,0.73971,0.814372,0.882172,0.867564,0.792
0.619986,0.126049,-0.128171,0.291679,0.118046,0.0825781,-0.0202027,0.0245525,-0.0630355,-0.0398652,0.119217,0.0717119,0.0155659,0.00117198,-0.0386358,-9.03937e-05,-0.060679,-0.0538562,-0.0535826,-0.033869	0.0627716,-0.578823,-0.659991,-0.624884,-0.725593,-0.739717,-0.74458,-0.828611,-0.705552,-0.785019,-0.928061,-0.631198,-0.813768,-0.760897,-0.614612,-0.72456,-0.826249,-0.892583,-0.880986,-0.804747	0.579778,0.656941,0.580965,0.77526,0.77708,0.774958,0.73544,0.836152,0.672423,0.769227,0.942949,0.672471,0.81896,0.76139,0.589986,0.724517,0.805978,0.881081,0.868396,0.792478
0.629076,0.0867173,-0.114371,0.327037,0.127041,0.0595862,0.00566168,0.0218471,-0.0329573,-0.0293477,0.0880422,0.0628803,0.0364771,-0.0357845,-0.105667,0.00549816,0.00425531,-0.030052,-0.0427175,-0.0131609	0.0461988,-0.595055,-0.651861,-0.573163,-0.705553,-0.746099,-0.743464,-0.827542,-0.692251,-0.770523,-0.92763,-0.619479,-0.804556,-0.763447,-0.626261,-0.71955,-0.810969,-0.889041,-0.872074,-0.781356	0.600325,0.648318,0.58079,0.758098,0.764104,0.771391,0.745986,0.834306,0.674687,0.758323,0.938985,0.656776,0.817054,0.748101,0.557485,0.722191,0.81242,0.882569,0.861448,0.776177
0.5941,0.0934314,-0.0957121,0.158217,0.116595,0.0531624,-0.0129371,0.0265913,-0.0485033,-0.0415839,0.111747,0.0479395,0.0624117,-0.0376686,-0.0904662,0.011498,-0.0256056,-0.0474281,-0.0203173,-0.0105932	0.0752899,-0.58857,-0.640988,-0.650562,-0.712379,-0.746847,-0.736977,-0.831873,-0.704416,-0.777639,-0.926083,-0.620427,-0.797473,-0.770915,-0.638149,-0.7222,-0.815734,-0.889716,-0.873265,-0.793913	0.543103,0.646453,0.580915,0.7333,0.7654,0.769459,0.731009,0.839885,0.679115,0.760653,0.940501,0.649061,0.819116,0.755176,0.581238,0.727656,0.806984,0.879396,0.868355,0.789963
-0.381408,0.0504998,0.232162,0.140577,0.0558206,0.145697,0.0630571,0.155143,-0.0299264,-0.0140401,0.079565,-0.0872414,0.0796085,0.111518,-0.0240359,-0.0202628,0.0435738,-0.0746615,-0.0644638,0.0890023	-0.683018,-0.377503,0.0132962,-0.30724,-0.542575,-0.550801,-0.539263,-0.651297,-0.478669,-0.496571,-0.826098,-0.35273,-0.617451,-0.571345,-0.394425,-0.625859,-0.599041,-0.810059,-0.782594,-0.64591	0.407862,0.419996,0.219544,0.429277,0.580805,0.644756,0.582512,0.732432,0.455265,0.485919,0.849806,0.273917,0.664401,0.64196,0.373935,0.613375,0.626267,0.782738,0.756284,0.694961
-0.351924,0.13064,0.45575,0.156735,0.0550316,0.168797,0.0702032,0.110731,-0.0150414,-0.0138948,0.0592141,-0.027662,0.103298,0.0795854,-0.030843,-0.0303425,0.0584423,-0.0655362,-0.0338855,0.0892531	-0.67748,-0.294464,0.104481,-0.306899,-0.532879,-0.54631,-0.546845,-0.674308,-0.481354,-0.478517,-0.830908,-0.330746,-0.625853,-0.581483,-0.427522,-0.65177,-0.605714,-0.808434,-0.772281,-0.647724	0.427476,0.409357,0.368832,0.442356,0.571161,0.654731,0.594235,0.730496,0.469713,0.467732,0.84838,0.305882,0.684875,0.631829,0.401979,0.633965,0.641449,0.78446,0.758238,0.6967
0.601889,0.857577,0.903132,0.71791,0.69227,0.723879,0.745924,0.661326,0.689527,0.736624,0.648253,0.670459,0.690788,0.657774,0.780233,0.784159,0.649978,0.747893,0.751075,0.740855	0.72875,0.861173,0.904953,0.70185,0.671824,0.704063,0.740584,0.694909,0.693906,0.712575,0.66316,0.63857,0.675905,0.698401,0.7706,0.812902,0.659667,0.75481,0.736078,0.74329	-0.225984,-0.013752,-0.00996874,0.0323702,0.0382213,0.0404125,0.0119309,-0.0621395,-0.00839662,0.0506181,-0.0261479,0.055763,0.0279185,-0.0751498,0.024158,-0.0792788,-0.0169626,-0.0158833,0.0335389,-0.00541956
0.555434,0.773539,0.860952,0.563732,0.372508,0.450217,0.396944,0.391203,0.405948,0.395575,0.344146,0.376327,0.38851,0.384548,0.460163,0.440663,0.368586,0.409731,0.362979,0.345414	0.646993,0.784908,0.867163,0.633291,0.4076,0.424781,0.367238,0.428161,0.417691,0.432714,0.380667,0.401641,0.376493,0.445552,0.498989,0.486299,0.407811,0.39004,0.406493,0.42753	-0.142919,-0.0289399,-0.0245113,-0.108181,-0.0413747,0.0314501,0.0347746,-0.0443937,-0.0141406,-0.0448089,-0.0420269,-0.0298207,0.0140754,-0.0736174,-0.0503989,-0.0580839,-0.0461639,0.0234367,-0.0510461,-0.0963435
0.50656,0.752654,0.819712,0.420667,0.515463,0.527947,0.462237,0.445047,0.509483,0.476232,0.394196,0.411855,0.459764,0.413311,0.513207,0.534912,0.441724,0.505586,0.432602,0.507392	0.683981,0.765799,0.842488,0.516984,0.521948,0.512197,0.484164,0.464315,0.499531,0.506686,0.418823,0.436043,0.483905,0.447563,0.500277,0.565248,0.454892,0.49753,0.456242,0.559658	-0.271483,-0.0310307,-0.0736133,-0.123085,-0.00887151,0.0215875,-0.0282489,-0.0242871,0.0133497,-0.0401386,-0.0294966,-0.0294837,-0.0310488,-0.0420261,0.0173954,-0.0434832,-0.0164792,0.010764,-0.029453,-0.0729944
-0.595372,-0.329362,-0.633775,-0.424765,-0.464663,-0.423455,-0.508964,-0.475495,-0.476937,-0.636741,-0.601394,-0.535147,-0.483608,-0.470286,-0.4311,-0.356367,-0.546149,-0.387939,-0.393398,-0.381942	-0.563181,0.0861676,-0.227556,0.203329,-0.148117,-0.0453937,-0.221657,-0.0946898,-0.133216,-0.193189,-0.0194727,-0.062236,-0.0396281,-0.147778,-0.143193,-0.0525889,-0.0723953,-0.00327638,0.0260795,-0.0499035	-0.0484295,-0.404062,-0.474677,-0.57816,-0.339943,-0.385471,-0.323841,-0.39876,-0.367042,-0.505767,-0.588817,-0.489204,-0.452655,-0.346596,-0.30685,-0.30958,-0.493256,-0.385153,-0.415217,-0.33849
-0.569737,-0.32624,-0.340825,-0.437706,-0.459944,-0.422849,-0.50653,-0.443464,-0.409937,-0.656388,-0.585003,-0.502484,-0.452621,-0.491762,-0.435431,-0.326672,-0.548259,-0.380857,-0.399915,-0.357704	-0.551224,0.134496,0.18685,0.196997,-0.121049,-0.0560833,-0.234098,-0.0842795,-0.0623672,-0.196442,-0.00600654,-0.0330073,-0.0344892,-0.175219,-0.182912,-0.0639146,-0.0873153,0.00553781,0.0276788,-0.0280419	-0.0269886,-0.44137,-0.496083,-0.584319,-0.358876,-0.375675,-0.309082,-0.37313,-0.356689,-0.528031,-0.581038,-0.477395,-0.424763,-0.34639,-0.274371,-0.26836,-0.48412,-0.385582,-0.422912,-0.333002
0.671219,0.780021,0.854219,0.507851,0.346398,0.453069,0.417108,0.398697,0.416182,0.385966,0.36512,0.341231,0.409248,0.393822,0.457309,0.457276,0.358104,0.401761,0.362394,0.318372	0.6346,0.78764,0.858615,0.594461,0.401647,0.447974,0.392126,0.402667,0.423545,0.446394,0.387599,0.397325,0.412002,0.414073,0.505805,0.473227,0.387908,0.375393,0.42005,0.398037	0.0637924,-0.0197568,-0.0164939,-0.124065,-0.0641778,0.00639191,0.0298668,-0.00472957,-0.0089381,-0.0730058,-0.0261847,-0.0648923,-0.00331246,-0.0241966,-0.0630893,-0.0203553,-0.0346123,0.031051,-0.0680088,-0.0912255
0.633848,0.764335,0.815701,0.402987,0.497232,0.520243,0.468711,0.477952,0.518197,0.48649,0.431341,0.378804,0.446759,0.472215,0.508749,0.534,0.455691,0.512992,0.46141,0.511786	0.680933,0.773661,0.836719,0.517512,0.524072,0.524604,0.496173,0.463992,0.503977,0.540845,0.441769,0.434262,0.486038,0.46593,0.505625,0.534223,0.459257,0.498089,0.499473,0.561779	-0.0828378,-0.0228212,-0.0662037,-0.144703,-0.0362991,-0.00599846,-0.0357836,0.017939,0.0192466,-0.0737632,-0.0128839,-0.0663773,-0.0501736,0.008058,0.00420703,-0.000311755,-0.00451038,0.0200178,-0.0494627,-0.0701662
-0.608984,-0.320038,-0.632482,-0.45645,-0.471864,-0.419074,-0.526558,-0.462659,-0.490392,-0.631685,-0.610366,-0.54894,-0.486244,-0.461411,-0.415609,-0.36353,-0.550129,-0.400363,-0.384605,-0.394928	-0.634597,0.0966314,-0.225261,0.175305,-0.141207,-0.0253546,-0.245087,-0.103421,-0.154459,-0.162288,-0.0547659,-0.0812017,-0.030285,-0.163623,-0.113494,-0.0866839,-0.0898185,-0.0152162,0.0535915,-0.0702692	0.0417456,-0.40417,-0.474878,-0.584949,-0.354261,-0.397948,-0.323178,-0.377291,-0.363464,-0.523014,-0.574815,-0.48956,-0.462774,-0.322106,-0.317072,-0.285854,-0.484238,-0.387507,-0.429347,-0.333926
-0.577999,-0.312215,-0.333247,-0.448794,-0.46403,-0.409327,-0.527266,-0.435579,-0.429204,-0.648204,-0.609205,-0.508396,-0.451239,-0.478782,-0.41938,-0.343745,-0.556507,-0.400115,-0.386414,-0.367395	-0.617812,0.150932,0.198265,0.200167,-0.109115,-0.0216839,-0.262615,-0.100973,-0.0911302,-0.157994,-0.0688855,-0.0371571,-0.0189912,-0.181389,-0.153926,-0.112671,-0.11051,-0.0145299,0.0624102,-0.0432545	0.0619273,-0.442304,-0.498571,-0.595468,-0.373844,-0.391115,-0.307186,-0.35,-0.351835,-0.546142,-0.563987,-0.480313,-0.435984,-0.325676,-0.283772,-0.240384,-0.475224,-0.38784,-0.438256,-0.329375
0.545649,0.711626,0.797615,0.400623,0.445012,0.42657,0.356458,0.422094,0.431295,0.378918,0.329415,0.341044,0.302404,0.411965,0.489845,0.446401,0.373401,0.380192,0.367417,0.368981	0.630048,0.71324,0.81417,0.424203,0.416898,0.435959,0.407815,0.404349,0.409814,0.371366,0.318013,0.339857,0.337894,0.385808,0.438278,0.430405,0.346968,0.391662,0.347327,0.337951	-0.128614,-0.00327694,-0.0472195,-0.0284076,0.0345177,-0.0115349,-0.0600917,0.0213973,0.0260938,0.00878846,0.0127354,0.00134262,-0.039529,0.0311004,0.0656647,0.0198,0.0303678,-0.0134765,0.0230283,0.0354509
-0.565057,-0.313998,-0.632404,-0.410556,-0.40413,-0.41857,-0.499632,-0.422869,-0.461899,-0.598484,-0.593912,-0.526156,-0.481006,-0.415274,-0.387443,-0.363559,-0.513979,-0.413634,-0.355133,-0.340021	-0.576637,0.101336,-0.228977,0.151205,-0.0827363,-0.0203497,-0.186987,-0.0495619,-0.114748,-0.13754,-0.0408986,-0.0711711,-0.0361803,-0.114868,-0.110094,-0.0958954,-0.0466037,-0.0133443,0.0459022,-0.061532	0.0171773,-0.402526,-0.471738,-0.528927,-0.332512,-0.401641,-0.344864,-0.381298,-0.36658,-0.50229,-0.56678,-0.472686,-0.452704,-0.315454,-0.289707,-0.277333,-0.478846,-0.402512,-0.394602,-0.28444
-0.54295,-0.298705,-0.333734,-0.447851,-0.398936,-0.424968,-0.494371,-0.38772,-0.406224,-0.617723,-0.579503,-0.499131,-0.456386,-0.417497,-0.381004,-0.340156,-0.519854,-0.409998,-0.365768,-0.323954	-0.568926,0.165931,0.193261,0.10187,-0.053815,-0.0420008,-0.198168,-0.0341218,-0.060088,-0.137388,-0.0289986,-0.0525296,-0.0428308,-0.108295,-0.13697,-0.11733,-0.0679816,-0.00531772,0.0411272,-0.0528124	0.037587,-0.442694,-0.495065,-0.525735,-0.352693,-0.389927,-0.328374,-0.358339,-0.354797,-0.524881,-0.559913,-0.458627,-0.4218,-0.323844,-0.25747,-0.232088,-0.468427,-0.405565,-0.400865,-0.275861
-0.575458,-0.296775,-0.622206,-0.469096,-0.436042,-0.430942,-0.481504,-0.432483,-0.467618,-0.629256,-0.588763,-0.52055,-0.463467,-0.433538,-0.403103,-0.371471,-0.542026,-0.420948,-0.382656,-0.371951	-0.623585,0.118413,-0.214693,0.0783959,-0.110932,-0.0502241,-0.197193,-0.0458943,-0.106425,-0.191014,-0.0278236,-0.0624438,-0.0278371,-0.119673,-0.094385,-0.0941178,-0.0755709,-0.037609,0.0223805,-0.078288	0.0750636,-0.401092,-0.470343,-0.528072,-0.341635,-0.38914,-0.314139,-0.394418,-0.380109,-0.498114,-0.570281,-0.473497,-0.441324,-0.33104,-0.320928,-0.287402,-0.486377,-0.389505,-0.401597,-0.302471
-0.552654,-0.292222,-0.357694,-0.43824,-0.42937,-0.432589,-0.472401,-0.399665,-0.415554,-0.647414,-0.574962,-0.487817,-0.435894,-0.439366,-0.385941,-0.355655,-0.549214,-0.416076,-0.389298,-0.352463	-0.61576,0.16776,0.150156,0.128638,-0.0792791,-0.0646977,-0.202141,-0.034364,-0.0562355,-0.19198,-0.0204242,-0.0341965,-0.0303059,-0.119233,-0.106618,-0.125075,-0.0986558,-0.0280186,0.0214541,-0.0634318	0.0956592,-0.438486,-0.481964,-0.536626,-0.362428,-0.378484,-0.298792,-0.370388,-0.367916,-0.520075,-0.561127,-0.461316,-0.411017,-0.337831,-0.29131,-0.241314,-0.476369,-0.392635,-0.407349,-0.295641
0.842402,0.613827,0.47411,0.746633,0.724029,0.79887,0.818265,0.829975,0.79789,0.689153,0.762959,0.802184,0.830519,0.700876,0.796619,0.798167,0.785228,0.851631,0.821992,0.851229	0.792303,0.683029,0.357376,0.723554,0.758388,0.786845,0.790991,0.778811,0.766427,0.746907,0.751923,0.759992,0.758763,0.717441,0.742123,0.715209,0.758954,0.857475,0.838358,0.834628	0.150647,-0.119162,0.140547,0.0501978,-0.076202,0.0323767,0.0773165,0.144693,0.0809913,-0.119015,0.0258865,0.108087,0.194024,-0.0333179,0.133302,0.193309,0.0650259,-0.021664,-0.0526469,0.0573341
0.307317,0.847208,0.908805,0.675877,0.683598,0.715759,0.743095,0.65891,0.705043,0.734625,0.641484,0.64775,0.68613,0.646131,0.789195,0.794366,0.662189,0.75079,0.752753,0.743189	0.557898,0.849977,0.92043,0.653666,0.641593,0.692437,0.747182,0.700018,0.688221,0.716548,0.656323,0.643963,0.666947,0.706087,0.774872,0.810833,0.661458,0.753571,0.738769,0.746899	-0.302434,-0.00989529,-0.0711006,0.0397904,0.0748221,0.0462382,-0.00918942,-0.0763019,0.0326777,0.0381694,-0.0256285,0.00649775,0.0353689,-0.110258,0.036871,-0.0462678,0.00130024,-0.00640444,0.0315016,-0.00833883
0.210673,0.770148,0.864559,0.483139,0.345294,0.44038,0.391504,0.386998,0.416018,0.40112,0.335997,0.349807,0.378688,0.388121,0.508236,0.442788,0.366299,0.412055,0.369149,0.346584	0.424601,0.756065,0.887854,0.583207,0.366434,0.401665,0.382165,0.430451,0.422038,0.447938,0.368283,0.398239,0.369641,0.453026,0.497557,0.478227,0.416673,0.393111,0.415873,0.436705	-0.234944,0.0337127,-0.100237,-0.139326,-0.024202,0.0470344,0.0109823,-0.0521387,-0.00730182,-0.0570727,-0.036845,-0.0562708,0.0105198,-0.0787521,0.0142934,-0.0449598,-0.0594474,0.0226061,-0.0551989,-0.106194
0.176185,0.746609,0.819204,0.384527,0.498594,0.524039,0.462279,0.441361,0.525981,0.484298,0.383251,0.391464,0.444671,0.417384,0.551256,0.537301,0.44379,0.511218,0.43398,0.507345	0.440385,0.738836,0.869903,0.399485,0.486094,0.492099,0.496803,0.468528,0.50246,0.519669,0.407064,0.430764,0.480182,0.455436,0.499881,0.560175,0.457972,0.500137,0.465807,0.569056	-0.286423,0.0173361,-0.176422,-0.0176732,0.0164992,0.0430381,-0.044817,-0.0342487,0.0319702,-0.0472676,-0.028215,-0.0472708,-0.0451514,-0.0469839,0.0709167,-0.0327231,-0.0177989,0.0148866,-0.039891,-0.0867586
-0.433662,-0.355553,-0.721652,-0.521024,-0.505473,-0.473692,-0.528186,-0.512194,-0.459264,-0.629774,-0.610965,-0.507348,-0.504812,-0.494486,-0.41813,-0.356364,-0.552355,-0.374654,-0.381861,-0.401451	-0.721508,-0.00232026,-0.14379,-0.000865621,-0.23129,-0.0948644,-0.209136,-0.099877,-0.116969,-0.163957,-0.0453129,-0.0767807,-0.0531556,-0.128384,-0.121556,-0.0671705,-0.0595385,0.00462581,0.0407956,-0.0366725	0.418923,-0.353524,-0.644767,-0.520393,-0.310482,-0.396652,-0.35867,-0.434547,-0.361727,-0.519454,-0.581757,-0.448019,-0.46411,-0.39092,-0.312455,-0.296286,-0.509574,-0.378623,-0.416173,-0.370229
-0.42602,-0.380493,-0.525753,-0.544897,-0.502864,-0.482306,-0.528526,-0.471388,-0.39817,-0.64996,-0.593601,-0.500272,-0.480545,-0.505103,-0.422845,-0.321348,-0.556028,-0.368769,-0.393604,-0.377092	-0.718824,0.0445905,0.454191,-0.0195108,-0.206483,-0.107054,-0.223279,-0.0878733,-0.0486838,-0.166109,-0.0309986,-0.0500822,-0.0478393,-0.154733,-0.163344,-0.0775535,-0.0745544,0.0132224,0.0428293,-0.014432	0.422049,-0.417992,-0.791048,-0.531032,-0.330721,-0.395683,-0.346088,-0.400087,-0.356395,-0.542412,-0.573149,-0.461759,-0.442887,-0.380075,-0.278755,-0.250025,-0.502296,-0.380138,-0.429198,-0.364644
0.38002,0.776684,0.860159,0.417716,0.312462,0.442593,0.415172,0.398231,0.420892,0.392619,0.357171,0.319098,0.398267,0.401145,0.503671,0.455954,0.355307,0.403491,0.367852,0.320519	0.35147,0.759911,0.871673,0.540437,0.374395,0.427781,0.401658,0.401465,0.443346,0.457182,0.375549,0.370004,0.408281,0.40586,0.507318,0.474569,0.406659,0.381868,0.427676,0.407151	0.0329506,0.0409299,-0.0460141,-0.158503,-0.0701386,0.0182721,0.016218,-0.0038493,-0.027606,-0.0786872,-0.0212248,-0.0577216,-0.0119583,-0.00563182,-0.00489939,-0.0237549,-0.0600249,0.0255618,-0.0709931,-0.0996338
0.363376,0.758656,0.817175,0.363076,0.471833,0.51443,0.472895,0.477618,0.527879,0.495123,0.421441,0.36384,0.430912,0.480561,0.545324,0.532406,0.455064,0.516966,0.462008,0.511621	0.383107,0.748099,0.855911,0.400051,0.500567,0.506272,0.503832,0.464003,0.521291,0.548595,0.43128,0.406267,0.486093,0.458656,0.508713,0.538117,0.469924,0.503105,0.507173,0.569735	-0.0229214,0.0244115,-0.128876,-0.0432574,-0.03762,0.0110315,-0.040614,0.0174913,0.00908918,-0.0734112,-0.0120249,-0.0497861,-0.0698017,0.0280977,0.0506666,-0.00800512,-0.0189016,0.0187338,-0.0589866,-0.0820221
-0.475558,-0.345565,-0.723097,-0.558054,-0.506557,-0.465233,-0.548383,-0.502191,-0.464623,-0.624677,-0.619484,-0.525652,-0.507021,-0.492349,-0.400733,-0.360751,-0.553783,-0.386802,-0.372489,-0.413655	-0.793999,0.00908751,-0.160259,-0.0336709,-0.203168,-0.0693341,-0.244013,-0.117789,-0.112479,-0.13922,-0.0799859,-0.127816,-0.0380244,-0.168617,-0.0862754,-0.0874155,-0.0631087,-0.00223284,0.0669272,-0.0587718	0.511628,-0.353542,-0.63661,-0.534425,-0.338195,-0.409095,-0.351391,-0.408569,-0.371563,-0.531698,-0.567623,-0.42649,-0.478216,-0.353041,-0.325719,-0.282236,-0.508443,-0.384901,-0.428729,-0.363726
-0.460383,-0.365768,-0.522404,-0.560684,-0.500977,-0.465222,-0.552568,-0.465423,-0.411519,-0.642591,-0.616778,-0.508916,-0.478721,-0.498834,-0.404282,-0.336181,-0.562854,-0.387785,-0.379407,-0.386201	-0.787485,0.0623606,0.452585,-0.0135694,-0.172707,-0.0661994,-0.263999,-0.113289,-0.0534347,-0.134481,-0.0933112,-0.0877178,-0.0263693,-0.184472,-0.128316,-0.112759,-0.0842824,-0.00164555,0.0762849,-0.0312771	0.513137,-0.418581,-0.78855,-0.55131,-0.359363,-0.411702,-0.337854,-0.371735,-0.366135,-0.556172,-0.555433,-0.44088,-0.458135,-0.346222,-0.291065,-0.232225,-0.502405,-0.386386,-0.442874,-0.359264
0.222429,0.691909,0.805004,0.367895,0.419751,0.414763,0.363068,0.421522,0.445711,0.391697,0.317471,0.32464,0.287377,0.417644,0.514564,0.442395,0.381698,0.386685,0.370125,0.371603	0.268547,0.698416,0.832176,0.287149,0.386821,0.421392,0.406356,0.404822,0.416631,0.379269,0.309421,0.315495,0.331178,0.391238,0.474942,0.42924,0.345157,0.39452,0.355006,0.341594	-0.0490479,-0.0125922,-0.0823171,0.0902834,0.0393132,-0.00803265,-0.0507798,0.0201365,0.0357116,0.0145964,0.00892597,0.0101888,-0.0484076,0.0315633,0.0524373,0.0162384,0.0420845,-0.00924588,0.0174062,0.0343722
-0.434966,-0.336931,-0.72713,-0.511917,-0.442032,-0.462677,-0.524136,-0.46251,-0.438181,-0.59104,-0.602482,-0.502451,-0.504703,-0.44289,-0.359844,-0.358318,-0.525577,-0.401735,-0.344643,-0.362146	-0.770916,0.0408674,-0.181171,-0.080353,-0.149382,-0.052409,-0.196637,-0.0601652,-0.0907668,-0.119894,-0.0598216,-0.11364,-0.0534898,-0.100603,-0.0352616,-0.0983813,-0.0493733,-0.005787,0.0568735,-0.0578579	0.505433,-0.372667,-0.628793,-0.450077,-0.31334,-0.420464,-0.365131,-0.413862,-0.361804,-0.507078,-0.56295,-0.412356,-0.463732,-0.358249,-0.328754,-0.269435,-0.48889,-0.39687,-0.393798,-0.310801
-0.43134,-0.350201,-0.528047,-0.561691,-0.438231,-0.476011,-0.521889,-0.418466,-0.390468,-0.610614,-0.586503,-0.501825,-0.486828,-0.435666,-0.351931,-0.331163,-0.532428,-0.399762,-0.360797,-0.345736	-0.769498,0.106135,0.436084,-0.14897,-0.121228,-0.0750502,-0.209128,-0.0432624,-0.0395551,-0.119081,-0.0473051,-0.0984792,-0.0602474,-0.0930372,-0.0638491,-0.119279,-0.0708319,0.00217203,0.0525793,-0.0488761	0.506161,-0.439983,-0.783673,-0.450409,-0.334789,-0.415816,-0.351079,-0.382122,-0.356418,-0.530076,-0.554585,-0.424315,-0.43947,-0.357104,-0.294704,-0.220598,-0.479686,-0.401586,-0.40568,-0.301963
-0.40048,-0.320265,-0.72242,-0.533802,-0.471358,-0.473613,-0.503946,-0.470972,-0.443815,-0.620183,-0.598561,-0.490141,-0.4913,-0.459811,-0.379924,-0.367922,-0.549725,-0.407511,-0.373245,-0.39496	-0.771454,0.0534546,-0.182418,-0.0320897,-0.17284,-0.0793041,-0.197405,-0.05781,-0.07413,-0.166271,-0.0517527,-0.0936251,-0.0562908,-0.104572,-0.0311499,-0.0999826,-0.0646507,-0.0255758,0.0275048,-0.0765021	0.536828,-0.36743,-0.621967,-0.510456,-0.324995,-0.409697,-0.340405,-0.424726,-0.382261,-0.506101,-0.564289,-0.415587,-0.447382,-0.373183,-0.352951,-0.278172,-0.502949,-0.385958,-0.396677,-0.32838
-0.399412,-0.343791,-0.558685,-0.507116,-0.466133,-0.482561,-0.498505,-0.429569,-0.400104,-0.639267,-0.582433,-0.483505,-0.470557,-0.455158,-0.361992,-0.347702,-0.55982,-0.404394,-0.385264,-0.37562	-0.771455,0.103208,0.353424,0.0198353,-0.142292,-0.0948294,-0.203993,-0.0449937,-0.0272283,-0.166703,-0.0433433,-0.0686926,-0.0583177,-0.102805,-0.045133,-0.129977,-0.088418,-0.0161498,0.026784,-0.0612198	0.537735,-0.431682,-0.761708,-0.521703,-0.346846,-0.406325,-0.327852,-0.392155,-0.376983,-0.528931,-0.553052,-0.429062,-0.423871,-0.36965,-0.322122,-0.228031,-0.495951,-0.390796,-0.407839,-0.3218
0.866685,0.551122,0.129492,0.700547,0.723817,0.775915,0.80477,0.825918,0.787928,0.683577,0.754765,0.781042,0.817377,0.693157,0.80453,0.797376,0.780097,0.853049,0.822867,0.852254	0.854055,0.697132,0.26219,0.693537,0.758769,0.779388,0.78186,0.750653,0.769442,0.740162,0.737777,0.803243,0.758308,0.68911,0.745126,0.709943,0.762113,0.862206,0.850255,0.835547	0.0486161,-0.237109,-0.137361,0.0136353,-0.0775365,-0.00878842,0.0617882,0.198054,0.0469483,-0.114535,0.0383346,-0.059578,0.155372,0.0077484,0.148314,0.201501,0.0443517,-0.0346208,-0.0911869,0.0580292
0.170629,0.0455771,-0.0987868,-0.14895,-0.0567051,0.0357124,0.0492428,0.00249602,0.0323254,-0.0109139,0.0308151,-0.0533111,0.0570765,0.00134509,-0.00441255,0.0288454,-0.0293154,-0.0275722,0.0149232,-0.0798145	-0.0040281,-0.292586,-0.357678,-0.345048,-0.478894,-0.446045,-0.519611,-0.407144,-0.430785,-0.477065,-0.394129,-0.431315,-0.426989,-0.401816,-0.52694,-0.611035,-0.420333,-0.579481,-0.540877,-0.566722	0.174538,0.333713,0.268374,0.206723,0.433974,0.474203,0.554662,0.409224,0.45675,0.468591,0.419845,0.3869,0.472549,0.402943,0.523745,0.628797,0.395896,0.56087,0.55135,0.509975
0.193287,0.0718885,-0.0635028,-0.0452003,-0.0461745,0.00489631,0.0128607,0.0655458,0.0272446,0.0489013,0.0708912,-0.0519701,-0.0318685,0.120082,0.000471562,-0.0425379,0.0306592,0.0129919,0.112549,0.00875611	0.00736691,-0.343052,-0.464352,-0.451129,-0.3342,-0.37616,-0.45895,-0.332122,-0.344087,-0.37971,-0.32628,-0.397633,-0.3764,-0.321618,-0.525381,-0.57662,-0.331997,-0.469206,-0.446498,-0.392313	0.186185,0.404954,0.413029,0.414379,0.29254,0.380355,0.469042,0.389195,0.367883,0.420798,0.388192,0.352957,0.348715,0.425275,0.525722,0.547512,0.359002,0.479276,0.532298,0.399696
0.0358496,0.0460238,0.0212588,-0.0841521,-0.0228459,-0.00746688,-0.0623652,0.0450771,-0.0242294,-0.000525276,-0.01436,-0.0825841,-0.0137492,0.049956,0.0466551,-0.00573438,-0.00624474,-0.00764824,0.0175947,-0.035232	-0.800498,-0.839636,-0.916494,-0.700899,-0.721321,-0.722197,-0.801145,-0.68295,-0.724082,-0.753385,-0.662287,-0.68901,-0.690628,-0.701442,-0.789367,-0.817308,-0.680965,-0.752048,-0.72271,-0.753451	0.813016,0.852709,0.919831,0.655404,0.710179,0.718605,0.777633,0.706284,0.71235,0.753158,0.654149,0.643015,0.683368,0.725959,0.806327,0.815396,0.677602,0.748706,0.731009,0.737804
0.0389498,0.0651647,0.0612039,-0.0344069,-0.0149081,0.0175454,-0.0757698,0.0311746,-0.0399354,0.00788547,-0.0465211,-0.0615578,-0.00409569,0.067249,0.0457692,-0.0501669,-0.0133589,-0.0244558,0.029895,-0.0252205	-0.798341,-0.829237,-0.888353,-0.693834,-0.70849,-0.719148,-0.805234,-0.681312,-0.716194,-0.751216,-0.669178,-0.673693,-0.684917,-0.699932,-0.795196,-0.827241,-0.686966,-0.75343,-0.716621,-0.744798	0.81204,0.848548,0.900591,0.675555,0.700986,0.727513,0.776862,0.697668,0.69617,0.754631,0.642664,0.63862,0.682736,0.732693,0.811433,0.81072,0.679847,0.742658,0.730858,0.733353
0.0211534,-0.158638,-0.158716,-0.0631285,-0.119558,-0.147323,-0.139112,-0.040579,-0.127336,-0.155932,-0.0972284,-0.113425,-0.228596,-0.0173863,-0.0471537,-0.182273,-0.114868,-0.185449,-0.112971,-0.231594	0.0145236,-0.23485,-0.322178,-0.290752,0.0901619,-0.00477794,0.00485053,0.0187476,0.0148227,-0.0535514,-0.0352938,-0.0635315,-0.086705,-0.0017821,-0.0363511,-0.0486449,-0.0427266,-0.0202295,-0.0335158,-0.0273601	0.00663181,0.0791609,0.172271,0.231879,-0.207483,-0.142646,-0.143865,-0.0592816,-0.141891,-0.103243,-0.0621478,-0.0502559,-0.14476,-0.0156047,-0.0108211,-0.134824,-0.0724971,-0.165841,-0.0797573,-0.205536
0.0673399,0.0603587,0.021351,0.0546023,0.113103,-0.00589053,0.00127739,0.0862799,0.0345873,0.0930432,0.0257806,0.0205006,-0.0115933,0.105716,0.0910441,0.00802304,0.069154,-0.0333752,0.0678893,0.0817339	-0.74365,-0.749427,-0.882207,-0.53918,-0.398656,-0.45347,-0.470068,-0.400317,-0.449118,-0.432534,-0.360531,-0.39882,-0.399129,-0.426485,-0.498173,-0.497576,-0.387721,-0.417422,-0.328636,-0.376982	0.772315,0.774741,0.886853,0.576801,0.48968,0.448778,0.471063,0.470352,0.476307,0.505244,0.382754,0.41592,0.389337,0.509241,0.563652,0.503589,0.444945,0.389472,0.387871,0.445004
0.0581005,0.0945924,0.0451241,0.00426016,0.11353,-0.0172276,0.0014671,0.0935755,0.0177753,0.0929065,0.0243209,0.0111514,-0.0226813,0.141337,0.107621,-0.0071701,0.0645365,-0.0346443,0.0615728,0.0673194	-0.745354,-0.726951,-0.839825,-0.568261,-0.38372,-0.466579,-0.474438,-0.39143,-0.432086,-0.430048,-0.35688,-0.39105,-0.403718,-0.413837,-0.506093,-0.512988,-0.400154,-0.414571,-0.331384,-0.375417	0.770105,0.768685,0.852637,0.571138,0.476492,0.452992,0.475574,0.467868,0.446432,0.502863,0.37792,0.400455,0.384558,0.524495,0.582014,0.507685,0.452992,0.385463,0.385099,0.431823
0.154001,0.099859,0.110945,-0.00850481,0.0556525,-0.0279147,0.0546276,0.0731906,0.0195469,0.0447727,0.0222797,0.0274512,0.0425057,0.0709288,0.0452731,-0.0113134,0.0139159,-0.0499109,0.0245225,0.0337836	-0.736752,-0.716706,-0.838172,-0.398671,-0.548037,-0.545576,-0.529658,-0.44758,-0.539068,-0.530069,-0.402133,-0.429494,-0.46667,-0.456459,-0.536971,-0.58778,-0.476169,-0.527686,-0.413616,-0.53781	0.799987,0.762027,0.868367,0.391494,0.585822,0.525667,0.567855,0.504252,0.55279,0.561515,0.420644,0.451621,0.499272,0.510848,0.568425,0.580325,0.486859,0.490699,0.433739,0.561393
0.142803,0.103084,-0.0317711,0.0519654,0.0604601,-0.0330896,0.0616163,0.0769121,-0.00440943,0.0459558,0.0174934,0.0266594,0.0350003,0.101234,0.0820274,-0.0425823,0.00662718,-0.0495215,0.0220235,0.0244063	-0.739686,-0.703554,-0.80745,-0.380104,-0.532165,-0.554427,-0.528768,-0.442297,-0.528463,-0.528314,-0.400025,-0.416049,-0.469672,-0.447806,-0.533444,-0.608966,-0.489667,-0.524446,-0.412946,-0.534061	0.798178,0.752093,0.796101,0.423701,0.574152,0.531081,0.571756,0.502128,0.525277,0.560657,0.414617,0.437852,0.49651,0.52523,0.589669,0.581462,0.494689,0.487588,0.431049,0.551281
0.897725,0.735435,0.528034,0.837459,0.844253,0.884501,0.905547,0.895464,0.838046,0.889464,0.903362,0.88549,0.890631,0.859892,0.894161,0.846133,0.89469,0.917594,0.902433,0.889003	0.891967,0.778157,0.839595,0.824829,0.866819,0.874796,0.892352,0.900443,0.890215,0.893489,0.911088,0.905432,0.893565,0.83758,0.858391,0.834176,0.884569,0.92549,0.903577,0.908487	0.0289005,-0.0998843,-0.55969,0.0408445,-0.0841414,0.0428946,0.0687503,-0.0257065,-0.205423,-0.0196086,-0.0436559,-0.100593,-0.014369,0.0797504,0.153878,0.0406456,0.048518,-0.0523703,-0.00619442,-0.101291
-0.171572,-0.209915,-0.106717,-0.0257897,-0.0901242,-0.151379,-0.150211,-0.083412,-0.147229,-0.186041,-0.146496,-0.0761844,-0.217059,-0.0968375,-0.0471146,-0.165908,-0.132927,-0.189114,-0.171038,-0.228703	-0.160144,-0.269164,-0.256867,-0.196503,0.129332,-0.0295463,-0.0248345,0.0175433,-0.00820237,-0.0483225,-0.0593503,-0.0250409,-0.126157,-0.00288541,-0.0338066,-0.0622155,-0.022436,-0.00422301,-0.0437191,0.0246952	-0.0117509,0.0627972,0.154381,0.171583,-0.216928,-0.12238,-0.125846,-0.100808,-0.139194,-0.138968,-0.0879104,-0.0512412,-0.0934611,-0.0939783,-0.0133293,-0.104774,-0.110822,-0.185039,-0.128278,-0.251975
0.0426388,0.0287728,0.0053844,0.11385,0.124583,-0.00125305,0.0321825,0.0570291,0.0498076,0.0939097,0.0358937,0.0731297,-0.00317381,0.0731369,0.066832,0.0109639,0.0727301,-0.0293346,0.0588179,0.096865	-0.790903,-0.761526,-0.876251,-0.468281,-0.375438,-0.463851,-0.478646,-0.405226,-0.453823,-0.431119,-0.374997,-0.362347,-0.422449,-0.432107,-0.502184,-0.507271,-0.376092,-0.408854,-0.334518,-0.345192	0.806349,0.773354,0.877495,0.552667,0.477678,0.462867,0.503079,0.451814,0.492498,0.504599,0.405434,0.424235,0.419838,0.489766,0.550539,0.515369,0.436873,0.384127,0.385746,0.427755
0.0289223,0.0513465,0.00144966,0.0295106,0.120033,-0.0283915,0.0391363,0.0725413,0.0426445,0.0891399,0.0561375,0.050529,-0.0208249,0.0980365,0.0838004,0.0170289,0.0728951,-0.021942,0.0458518,0.0780331	-0.793569,-0.744508,-0.834991,-0.509683,-0.360481,-0.480665,-0.481974,-0.393708,-0.434162,-0.429652,-0.367976,-0.357271,-0.428523,-0.422021,-0.510222,-0.517155,-0.387937,-0.404003,-0.337832,-0.344394	0.804038,0.766551,0.83543,0.531203,0.460584,0.458531,0.511463,0.453303,0.468139,0.499655,0.41553,0.400569,0.411369,0.499396,0.569665,0.529521,0.448159,0.385478,0.377831,0.411372
0.136456,0.0714399,0.0953615,0.0439301,0.0713099,-0.0229664,0.0897597,0.0439384,0.0367291,0.046277,0.0331264,0.0821408,0.0516712,0.0398848,0.0196518,-0.00816421,0.0184485,-0.0459183,0.0152133,0.0570024	-0.782609,-0.73286,-0.834334,-0.377186,-0.531663,-0.547343,-0.527226,-0.478146,-0.541481,-0.546055,-0.432439,-0.393461,-0.454145,-0.505794,-0.539831,-0.579396,-0.485119,-0.53152,-0.449487,-0.538021	0.830387,0.764286,0.861178,0.414252,0.580947,0.531052,0.589107,0.511342,0.566935,0.577732,0.45899,0.460712,0.494218,0.534888,0.55361,0.573947,0.4991,0.49775,0.461544,0.577318
0.119681,0.0616086,-0.0641518,0.0733137,0.070427,-0.0454082,0.104301,0.0568161,0.0237969,0.0420054,0.0506837,0.0671458,0.0375467,0.0600225,0.0565947,-0.0149128,0.0162303,-0.0356482,0.00547896,0.0412088	-0.785022,-0.722297,-0.80566,-0.360372,-0.516546,-0.559872,-0.52537,-0.470418,-0.529125,-0.544965,-0.426458,-0.383112,-0.458209,-0.500006,-0.536556,-0.593938,-0.495815,-0.526268,-0.449257,-0.535999	0.827004,0.750508,0.781922,0.422522,0.566369,0.527884,0.59696,0.51351,0.546047,0.573835,0.467046,0.438965,0.487371,0.543711,0.57567,0.5842,0.507957,0.5,0.453619,0.564734
0.89359,0.728568,0.521341,0.832612,0.846468,0.879183,0.907878,0.893625,0.844126,0.892608,0.913574,0.881099,0.89088,0.851116,0.894064,0.850603,0.898754,0.926736,0.898001,0.88619	0.889514,0.77771,0.840956,0.84676,0.87243,0.881989,0.889999,0.892073,0.888428,0.900168,0.904422,0.91134,0.899002,0.837067,0.857524,0.823163,0.885033,0.927235,0.905127,0.90979	0.0198716,-0.113391,-0.569141,-0.0479642,-0.0992732,-0.0124961,0.0931233,0.00764976,-0.177167,-0.0384748,0.0526748,-0.153491,-0.0407932,0.0488548,0.156611,0.0915206,0.0670728,-0.00354726,-0.0380674,-0.121803
0.077324,0.0367217,0.0833297,-0.0471168,-0.0680157,-0.0191306,0.0466477,-0.0166395,-0.0171721,-0.052118,-0.00388119,0.00564569,0.0469369,-0.0349316,-0.0467763,-0.0178772,-0.0552747,-0.0104371,-0.0438405,-0.0514469	-0.742425,-0.67539,-0.818978,-0.367989,-0.503323,-0.457233,-0.443996,-0.434973,-0.472078,-0.456889,-0.338276,-0.361994,-0.312806,-0.461284,-0.523614,-0.49242,-0.4128,-0.401671,-0.349739,-0.406552	0.775244,0.694878,0.844664,0.326533,0.450738,0.441968,0.480688,0.421383,0.458624,0.414645,0.334835,0.36689,0.354537,0.433335,0.48881,0.478757,0.365873,0.392881,0.310662,0.362691
0.0757775,0.0107628,-0.0600043,0.0459059,-0.0636394,-0.012518,0.0527647,-0.0206664,-0.0217025,-0.0510667,-0.00686427,0.014105,0.051122,-0.041221,-0.028334,-0.0300071,-0.0572654,-0.00889262,-0.0399135,-0.0451376	-0.743531,-0.666226,-0.784955,-0.3421,-0.487557,-0.463444,-0.444705,-0.429834,-0.45418,-0.453534,-0.336236,-0.347357,-0.313536,-0.460753,-0.524933,-0.512946,-0.425242,-0.39736,-0.348746,-0.398432	0.775609,0.672169,0.760784,0.382007,0.437492,0.453557,0.486064,0.412835,0.436783,0.41201,0.330134,0.3597,0.358905,0.427654,0.504097,0.490488,0.377161,0.389845,0.313192,0.359765
0.896077,0.71862,0.521921,0.849015,0.836591,0.890342,0.89785,0.887138,0.845788,0.88302,0.901561,0.886728,0.897418,0.828735,0.879576,0.849517,0.900246,0.917687,0.901676,0.887616	0.88514,0.777963,0.841143,0.803029,0.861947,0.87171,0.884953,0.898919,0.886387,0.887328,0.90822,0.899095,0.890687,0.834599,0.85347,0.826153,0.88483,0.924351,0.897081,0.895239	0.0528764,-0.134582,-0.569033,0.144514,-0.0909124,0.0832264,0.0627764,-0.0581644,-0.162195,-0.0198985,-0.0367532,-0.0609969,0.0335398,-0.0190195,0.104713,0.0783595,0.0757753,-0.0439185,0.0240416,-0.0371166
0.896138,0.721703,0.547462,0.829329,0.844244,0.890373,0.891885,0.889742,0.850221,0.890056,0.902097,0.881175,0.891822,0.835904,0.877775,0.857834,0.903012,0.919145,0.902319,0.887781	0.88413,0.76755,0.820281,0.868281,0.871546,0.877321,0.883648,0.897982,0.886909,0.894954,0.906158,0.901106,0.888832,0.836438,0.865126,0.825994,0.887278,0.9271,0.901462,0.900765	0.0578128,-0.102782,-0.495199,-0.139162,-0.103335,0.0596374,0.0388752,-0.0409926,-0.149183,-0.024073,-0.0222442,-0.0967651,0.0144231,-0.00177227,0.0525697,0.109251,0.079156,-0.053795,0.00459626,-0.0648193
