0.15365,0.225202,0.0847816,0.148684,0.292254,0.306335,0.154582,0.23494,0.253055,0.289809,0.212497,0.2317,0.256374,0.229746,0.321105,0.242571,0.174818,0.106671,0.215158,0.204727	0.171704,-0.0586971,-0.195846,-0.1254,0.0746071,0.127482,-0.0551234,-0.0977316,-0.0725796,0.179513,-0.0918323,-0.00805637,-0.0352654,-0.0109046,0.229174,-0.0209847,-0.315403,-0.516904,-0.305787,-0.27608	-0.0185426,0.280196,0.276044,0.269067,0.222498,0.186122,0.207934,0.325204,0.319761,0.116349,0.298504,0.23931,0.289026,0.24005,0.0992338,0.262221,0.464604,0.590989,0.488787,0.455085
0.328032,0.253131,0.159845,0.143277,0.297937,0.342708,0.124269,0.265584,0.262997,0.309426,0.237295,0.293023,0.257851,0.247702,0.361474,0.288477,0.202644,0.140189,0.280936,0.248573	0.400767,-0.0477731,-0.142261,-0.148358,0.155695,0.174888,-0.0754348,-0.0602666,-0.0956382,0.17364,-0.105151,0.0785577,0.00191725,0.0421066,0.322272,0.00933038,-0.296879,-0.495644,-0.285969,-0.252559	-0.0837438,0.297309,0.295389,0.285565,0.149161,0.17852,0.197849,0.320717,0.349836,0.143496,0.334109,0.219519,0.256061,0.207762,0.0443698,0.2799,0.471177,0.594524,0.524747,0.471529
-0.157434,-0.130504,-0.104584,-0.109331,-0.0900186,-0.164946,-0.078345,-0.196247,-0.0252451,-0.0730969,-0.0908639,-0.114928,-0.0601108,-0.073788,-0.124698,-0.0933519,-0.066587,0.00503184,-0.0656292,-0.124629	-0.448114,-0.508548,-0.514544,-0.522934,-0.517616,-0.514007,-0.551379,-0.519915,-0.434626,-0.549636,-0.451601,-0.519422,-0.595802,-0.464475,-0.402647,-0.458783,-0.56942,-0.652723,-0.594574,-0.647826	0.312743,0.404918,0.433277,0.438683,0.448495,0.381398,0.494391,0.360444,0.413922,0.496487,0.376173,0.430174,0.555589,0.404552,0.292643,0.381782,0.52265,0.655601,0.550423,0.569149
-0.163813,-0.112953,-0.115949,-0.111069,-0.0892941,-0.1594,-0.0905353,-0.201849,-0.0263087,-0.0700486,-0.0829493,-0.109707,-0.0554892,-0.0762659,-0.133159,-0.096965,-0.0574002,0.00512903,-0.0612991,-0.125499	-0.432332,-0.515653,-0.520789,-0.522927,-0.518089,-0.512777,-0.560974,-0.529107,-0.444577,-0.536289,-0.44389,-0.508667,-0.595665,-0.457856,-0.419484,-0.447084,-0.579687,-0.654317,-0.561353,-0.64508	0.288986,0.427605,0.430858,0.437254,0.449595,0.384831,0.49561,0.366388,0.423218,0.484439,0.374739,0.42254,0.55864,0.395397,0.303265,0.365985,0.540263,0.657241,0.517874,0.56535
-0.179813,-0.117376,-0.0917255,-0.121833,-0.0973199,-0.149252,-0.0957072,-0.165543,-0.0257864,-0.0592745,-0.0805483,-0.0934982,-0.0311858,-0.0417304,-0.116642,-0.0742065,-0.04926,0.00800924,-0.0462522,-0.0726234	-0.478414,-0.506097,-0.519362,-0.536976,-0.526112,-0.485959,-0.551253,-0.511767,-0.439266,-0.538226,-0.422559,-0.499052,-0.581864,-0.429219,-0.408798,-0.446018,-0.568204,-0.650138,-0.56512,-0.623505	0.326706,0.413271,0.449027,0.444204,0.451931,0.363038,0.480918,0.378272,0.418217,0.494735,0.354062,0.425403,0.560855,0.394555,0.306784,0.384539,0.533887,0.654738,0.532794,0.577009
-0.183312,-0.120743,-0.0995526,-0.129801,-0.0895791,-0.136288,-0.101312,-0.183279,-0.0365571,-0.0704922,-0.0950275,-0.10011,-0.0433273,-0.0666367,-0.146625,-0.097186,-0.0518189,0.00226437,-0.0524744,-0.114636	-0.473614,-0.517584,-0.537686,-0.542223,-0.526309,-0.484692,-0.561706,-0.517972,-0.451754,-0.561113,-0.432581,-0.496504,-0.580135,-0.443656,-0.422325,-0.443356,-0.560721,-0.644902,-0.576108,-0.640769	0.317901,0.423295,0.462912,0.443646,0.458339,0.373046,0.488174,0.369799,0.422169,0.510826,0.352024,0.417127,0.550649,0.388505,0.2939,0.361758,0.524131,0.646223,0.539957,0.567844
0.285462,0.29228,0.169233,0.134182,0.207969,0.151379,0.0965612,0.129769,0.0924829,0.140541,0.0349694,0.117768,0.130732,0.0554766,0.0643802,0.0130515,0.0674991,0.0739162,0.00478651,0.145956	0.0966936,0.0495323,-0.170705,-0.142168,-0.0214639,-0.134848,-0.138276,-0.169885,-0.143755,-0.0752062,-0.286944,-0.128369,-0.181244,-0.138682,-0.0793349,-0.198325,-0.378274,-0.525418,-0.44138,-0.36979	0.194127,0.246313,0.330393,0.271177,0.228414,0.280501,0.231743,0.293191,0.233139,0.213491,0.318715,0.242472,0.304755,0.192676,0.142985,0.21083,0.434674,0.576928,0.445225,0.489334
0.300805,0.276881,0.0827535,0.124616,0.222266,0.124659,0.0679247,0.135889,0.0997066,0.138356,0.0630202,0.122153,0.132246,0.0573996,0.0437486,0.0196761,0.0781278,0.096669,0.00151422,0.149293	0.0831549,0.0316395,-0.254088,-0.140295,0.0290747,-0.174825,-0.197072,-0.123361,-0.137022,-0.0687076,-0.28806,-0.124523,-0.184326,-0.150395,-0.0448593,-0.158937,-0.350028,-0.515726,-0.433165,-0.362649	0.223234,0.247409,0.329904,0.260359,0.194448,0.293097,0.261496,0.254976,0.233538,0.205113,0.344821,0.24298,0.309039,0.206017,0.0884344,0.178056,0.416759,0.583314,0.434394,0.485648
0.437523,0.487731,0.61723,0.812896,0.628824,0.637254,0.628835,0.621772,0.712431,0.719112,0.579034,0.581405,0.733959,0.544672,0.589717,0.675346,0.716319,0.468628,0.574768,0.635788	0.491278,0.477559,0.612476,0.779932,0.724084,0.659922,0.639584,0.640912,0.661978,0.688095,0.535431,0.623881,0.787173,0.588239,0.654726,0.663186,0.725596,0.462167,0.525917,0.628306	-0.0684723,0.0132603,0.00764453,0.0900659,-0.174894,-0.039118,-0.0179807,-0.0318199,0.0954834,0.0613971,0.0631961,-0.0666535,-0.126025,-0.0641076,-0.105896,0.0220234,-0.0193176,0.00824714,0.0700157,0.012458
-0.274605,-0.123924,-0.00411319,0.00360219,-0.158233,-0.100624,-0.0720603,-0.0599008,-0.0444359,-0.102586,-0.104329,-0.0841008,-0.0636746,-0.0399697,-0.13767,-0.0619006,0.00320327,-0.0289396,-0.0265461,-0.146499	-0.544205,-0.341937,-0.251232,-0.273187,-0.460102,-0.386428,-0.444161,-0.215982,-0.216259,-0.517905,-0.276748,-0.372702,-0.457101,-0.296881,-0.370273,-0.268569,-0.193176,-0.225126,-0.215037,-0.422501	0.316968,0.22766,0.247375,0.276517,0.325572,0.297367,0.384404,0.158127,0.17349,0.438622,0.177545,0.29794,0.405221,0.259997,0.245097,0.210162,0.196258,0.197473,0.189573,0.294213
-0.273739,-0.113488,0.0114278,0.00299078,-0.162998,-0.0768037,-0.0706879,-0.0558607,-0.0513929,-0.112158,-0.109173,-0.0701045,-0.0748191,-0.054519,-0.143175,-0.0665475,0.0149148,-0.0208178,-0.0236973,-0.13515	-0.525593,-0.357273,-0.241233,-0.273363,-0.464082,-0.373524,-0.447141,-0.221187,-0.235548,-0.510376,-0.277219,-0.351558,-0.466614,-0.296946,-0.385351,-0.256212,-0.205977,-0.224163,-0.160031,-0.409099	0.294179,0.254087,0.251966,0.276128,0.325724,0.305484,0.388741,0.167395,0.186412,0.422398,0.173291,0.288565,0.405968,0.246416,0.256318,0.192954,0.220216,0.204298,0.136852,0.289983
-0.198323,-0.0999947,-0.0301699,0.00142312,-0.165981,-0.069945,-0.0643868,-0.0346466,-0.052205,-0.0600325,-0.160312,-0.0774997,-0.0179875,-0.0354132,-0.150572,-0.0375398,0.0212751,-0.0387765,-0.0240676,-0.111532	-0.505669,-0.330763,-0.289451,-0.285967,-0.468485,-0.343771,-0.427801,-0.20872,-0.230751,-0.490288,-0.293848,-0.35598,-0.429966,-0.268907,-0.392307,-0.249621,-0.187946,-0.227566,-0.176134,-0.392293	0.341604,0.238662,0.261565,0.287273,0.32801,0.280572,0.373708,0.175341,0.180723,0.443304,0.140137,0.286381,0.41519,0.235738,0.256911,0.214088,0.208388,0.190471,0.152714,0.293607
-0.247301,-0.0953487,-0.0198783,-0.0132103,-0.155482,-0.0559837,-0.0828225,-0.0459511,-0.0659844,-0.0948013,-0.166529,-0.084559,-0.0332496,-0.0571493,-0.17746,-0.068018,0.0156558,-0.0502907,-0.0157492,-0.142401	-0.532147,-0.339683,-0.302392,-0.300295,-0.467355,-0.341505,-0.451362,-0.211432,-0.249896,-0.529031,-0.300694,-0.351886,-0.427721,-0.285576,-0.404425,-0.253076,-0.175951,-0.223215,-0.184559,-0.414773	0.328013,0.252512,0.284222,0.288228,0.33631,0.291086,0.382852,0.167104,0.186996,0.457158,0.141238,0.275526,0.400162,0.232217,0.244513,0.188299,0.19108,0.174888,0.169302,0.289469
0.258564,0.22201,0.112967,0.234781,0.144365,0.144336,0.180032,0.188174,0.144344,0.318761,0.00475928,0.147104,0.311198,0.0177452,0.0559479,0.063186,0.154429,0.0712493,0.0607401,0.16938	0.054684,0.290045,0.0657278,0.232781,0.115672,0.00800052,0.14034,0.201455,0.22627,0.175245,-0.0695139,0.116429,0.25275,0.0517855,-0.0183393,0.0815757,0.173258,0.0878396,0.0651369,0.0962153	0.206804,-0.0727175,0.0475924,0.00211586,0.0291801,0.136493,0.0407208,-0.0138043,-0.0846919,0.152007,0.0742486,0.0312088,0.0634373,-0.0340715,0.0742111,-0.018485,-0.0193464,-0.0166948,-0.0044142,0.0743771
0.260265,0.143342,0.135543,0.153818,0.134078,0.147894,0.199008,0.154885,0.162859,0.326859,0.00202196,0.141553,0.333723,0.0401784,0.0272883,0.064122,0.177843,0.031161,0.0343775,0.168092	0.0307266,0.205482,0.0594478,0.164374,0.147463,-0.0130285,0.110253,0.225494,0.246196,0.192396,-0.0966282,0.113112,0.267706,0.0595097,0.0102817,0.122302,0.235594,0.0547933,0.0620307,0.103203	0.231389,-0.0640263,0.0767138,-0.0108299,-0.0136543,0.160613,0.0907467,-0.073164,-0.0868179,0.143487,0.0986309,0.0289039,0.0724933,-0.0193776,0.0170114,-0.0586402,-0.0602769,-0.0236727,-0.0277122,0.0660345
-0.451026,-0.176194,-0.0958277,0.038348,-0.177414,-0.159892,-0.0801834,-0.0745568,-0.0175479,-0.120785,-0.226941,-0.121256,-0.0695449,-0.0718391,-0.146411,-0.0572594,-0.0165774,-0.0627407,-0.0871002,-0.170396	-0.671718,-0.381895,-0.31668,-0.226085,-0.50849,-0.441809,-0.456274,-0.238575,-0.158796,-0.516313,-0.361109,-0.421168,-0.482524,-0.342118,-0.404988,-0.260168,-0.216642,-0.248127,-0.235353,-0.436306	0.316614,0.22054,0.227764,0.26216,0.363904,0.303345,0.390373,0.166989,0.141643,0.421835,0.146145,0.316053,0.427319,0.277089,0.274876,0.205977,0.200786,0.188318,0.151355,0.287267
-0.448784,-0.143042,-0.0886693,0.0442515,-0.179907,-0.14436,-0.0878927,-0.0701963,-0.0255468,-0.133412,-0.232248,-0.100315,-0.0888324,-0.073284,-0.155501,-0.0612173,-0.0039183,-0.0304095,-0.0967032,-0.157574	-0.6562,-0.378242,-0.312416,-0.221291,-0.510285,-0.434842,-0.465295,-0.243274,-0.179894,-0.509934,-0.362055,-0.397137,-0.496829,-0.332215,-0.420852,-0.24732,-0.22837,-0.226507,-0.19274,-0.422706	0.293995,0.248654,0.230121,0.262968,0.363774,0.309938,0.393494,0.176085,0.15506,0.404007,0.141724,0.309138,0.426834,0.265392,0.283932,0.188964,0.224653,0.197458,0.0978604,0.284052
-0.381004,-0.115173,-0.100178,0.0251327,-0.151726,-0.113501,-0.0943092,-0.0367663,-0.0398409,-0.0925584,-0.262934,-0.120463,-0.00827273,-0.0418529,-0.190796,-0.0407504,0.0116208,-0.0589581,-0.0599097,-0.117251	-0.637473,-0.340277,-0.337819,-0.248745,-0.49545,-0.390283,-0.454332,-0.221404,-0.186548,-0.496925,-0.363526,-0.408445,-0.448274,-0.29732,-0.447104,-0.247968,-0.203554,-0.241155,-0.175219,-0.394236	0.338743,0.234286,0.245965,0.272176,0.371662,0.289611,0.37614,0.186153,0.147806,0.423862,0.111223,0.302885,0.441639,0.258686,0.280212,0.209333,0.214667,0.184824,0.116532,0.290409
-0.419837,-0.112256,-0.0881958,0.00691636,-0.181245,-0.101894,-0.114697,-0.0585064,-0.0533911,-0.127027,-0.275817,-0.137673,-0.0396946,-0.0578922,-0.204652,-0.0869169,0.0141392,-0.065974,-0.0471893,-0.163208	-0.656571,-0.351082,-0.348391,-0.266589,-0.519134,-0.389147,-0.478142,-0.23312,-0.206103,-0.536129,-0.37625,-0.412567,-0.454775,-0.308303,-0.449685,-0.263229,-0.184119,-0.23239,-0.179855,-0.427375	0.326824,0.248625,0.268444,0.273002,0.372983,0.299114,0.384533,0.177028,0.154411,0.438999,0.112063,0.291448,0.422711,0.254962,0.269869,0.18044,0.197743,0.169007,0.133801,0.283974
0.535124,0.281812,0.188163,0.226536,0.248497,0.236696,0.202289,0.207344,0.10285,0.300044,0.0347682,0.14223,0.383174,0.0445218,0.0778593,0.0535011,0.172749,0.113515,0.0402096,0.209532	0.247031,0.363609,0.142702,0.251888,0.140833,0.0700008,0.1521,0.204296,0.225002,0.182497,-0.0119888,0.0776673,0.276521,0.0424387,-0.0410177,0.0810368,0.184228,0.136238,0.0848415,0.140993	0.331978,-0.0911362,0.0467155,-0.026887,0.111568,0.169504,0.0517821,0.00318324,-0.125046,0.124357,0.0467375,0.0652841,0.119292,0.00208708,0.118499,-0.0276555,-0.0118567,-0.0230803,-0.0447847,0.0706252
0.539421,0.243605,0.219774,0.120891,0.220577,0.217513,0.234041,0.1834,0.0896353,0.321493,0.0190819,0.161452,0.403348,0.0591815,0.0405466,0.0495199,0.211266,0.0731321,0.0123518,0.209789	0.222944,0.320969,0.143046,0.156649,0.157288,0.0284513,0.132541,0.238783,0.211736,0.212338,-0.0530036,0.0983818,0.287259,0.0422592,-0.0205522,0.116702,0.262584,0.103023,0.0790897,0.14971	0.35974,-0.0839265,0.0792177,-0.0364483,0.0655642,0.190239,0.104749,-0.0579192,-0.124463,0.117153,0.0720127,0.0640883,0.131302,0.0169648,0.0610479,-0.0675722,-0.0543318,-0.0301177,-0.0668032,0.0620279
0.850132,0.687275,0.710888,0.77713,0.849991,0.748069,0.696928,0.82951,0.712946,0.649526,0.775132,0.621764,0.807183,0.706011,0.630211,0.553276,0.661282,0.538861,0.616446,0.735699	0.888622,0.646885,0.70705,0.776414,0.847703,0.741557,0.692233,0.815309,0.693227,0.683259,0.781385,0.645542,0.805666,0.721849,0.61061,0.578442,0.631236,0.526039,0.6925,0.74423	-0.157391,0.0727209,0.00771583,0.00180537,0.00818553,0.014626,0.00907208,0.043872,0.0389883,-0.0606499,-0.015856,-0.0397201,0.00433689,-0.0322998,0.0318626,-0.0370107,0.0515745,0.0178955,-0.132704,-0.0188549
0.63161,0.51689,0.424671,0.425381,0.47332,0.390481,0.385476,0.447876,0.34247,0.384611,0.425762,0.337136,0.367695,0.271787,0.326206,0.335731,0.300655,0.233147,0.353599,0.316665	0.60857,0.502913,0.397927,0.409505,0.467242,0.423309,0.402836,0.42664,0.331395,0.393282,0.471762,0.359194,0.365658,0.311332,0.300618,0.332656,0.290631,0.242942,0.404149,0.32498	0.0374261,0.0188857,0.0321814,0.019225,0.0078031,-0.0393286,-0.0205509,0.0262512,0.0124933,-0.0102155,-0.0575618,-0.0250975,0.00235398,-0.0432005,0.0283703,0.00346144,0.0109838,-0.0103832,-0.0589787,-0.00926883
0.707927,0.499286,0.457603,0.528722,0.613658,0.409322,0.424161,0.536758,0.440469,0.416602,0.535016,0.425369,0.512075,0.400911,0.427805,0.295735,0.36587,0.286073,0.466276,0.502858	0.695171,0.465121,0.401486,0.508788,0.596469,0.430465,0.419821,0.524511,0.418108,0.375086,0.577145,0.468357,0.531155,0.440726,0.415176,0.322243,0.376631,0.314833,0.495068,0.509039	0.0251178,0.0444982,0.0687483,0.0272702,0.0271128,-0.0256651,0.00527953,0.0170471,0.0274077,0.0492053,-0.0609496,-0.0536836,-0.0262091,-0.0483588,0.0153563,-0.0293004,-0.0124811,-0.0316076,-0.0374339,-0.00830751
-0.553653,-0.454315,-0.272649,-0.421691,-0.433409,-0.362999,-0.457276,-0.221929,-0.293689,-0.466083,-0.21959,-0.383168,-0.445973,-0.304526,-0.318644,-0.283598,-0.228424,-0.27324,-0.193623,-0.391075	-0.404536,-0.222252,-0.0785807,-0.190217,-0.146407,-0.170283,-0.118415,-0.0583283,-0.0675339,-0.132113,-0.103024,-0.131103,-0.0921471,-0.0284265,-0.147887,-0.0626411,-0.0194601,-0.0717549,0.00276942,-0.163394	-0.192155,-0.258126,-0.198317,-0.25166,-0.306446,-0.205413,-0.358261,-0.165746,-0.230731,-0.355884,-0.119264,-0.265398,-0.36899,-0.278511,-0.179202,-0.224953,-0.209897,-0.205515,-0.196287,-0.243223
-0.545218,-0.450269,-0.254515,-0.398332,-0.43109,-0.343799,-0.444867,-0.27417,-0.316702,-0.481244,-0.232199,-0.393804,-0.429124,-0.293358,-0.343382,-0.319791,-0.264658,-0.30945,-0.238805,-0.399948	-0.408688,-0.217252,-0.0829848,-0.152987,-0.110921,-0.170984,-0.132597,-0.072977,-0.0937838,-0.14696,-0.13659,-0.140731,-0.0741431,-0.0262402,-0.135377,-0.0749202,-0.030668,-0.107278,-0.0295949,-0.169633	-0.175675,-0.258283,-0.175231,-0.261267,-0.336247,-0.183608,-0.331845,-0.2053,-0.229742,-0.359725,-0.0987404,-0.267922,-0.366646,-0.26919,-0.218146,-0.250882,-0.235905,-0.209114,-0.210699,-0.247078
0.660337,0.511682,0.406742,0.437924,0.476,0.381198,0.373256,0.443121,0.333641,0.368954,0.434756,0.342353,0.352461,0.273507,0.300541,0.341688,0.267874,0.224824,0.378577,0.311835	0.596868,0.5381,0.383892,0.422768,0.472215,0.420279,0.395491,0.436044,0.341407,0.344183,0.474521,0.341487,0.351935,0.29764,0.293505,0.314523,0.286453,0.246207,0.355534,0.312269	0.104757,-0.0364552,0.0270784,0.0185994,0.00488335,-0.0465376,-0.0260852,0.00877202,-0.00876407,0.0283746,-0.0501015,0.000980311,0.000600861,-0.0262721,0.00771705,0.030435,-0.0201228,-0.0226365,0.0266268,-0.000480845
0.728712,0.494497,0.446328,0.53589,0.617635,0.397193,0.406246,0.530399,0.427514,0.416488,0.528601,0.422735,0.491809,0.419219,0.409707,0.310692,0.314235,0.294595,0.487141,0.504511	0.675782,0.500453,0.394576,0.516664,0.60279,0.424583,0.40658,0.532591,0.42422,0.34199,0.564456,0.442139,0.51234,0.44333,0.41625,0.313657,0.353339,0.335353,0.441048,0.502501	0.104285,-0.00791539,0.0628142,0.0265869,0.0236492,-0.0329459,-0.000400957,-0.00305425,0.00402401,0.0868726,-0.0511029,-0.0238646,-0.0274471,-0.0296148,-0.00788831,-0.00328423,-0.0439878,-0.0452257,0.0587059,0.00269199
-0.530277,-0.451467,-0.264044,-0.417808,-0.435688,-0.363369,-0.456578,-0.23522,-0.304406,-0.449773,-0.220661,-0.35617,-0.454699,-0.294566,-0.321932,-0.254633,-0.255749,-0.273385,-0.141731,-0.37571	-0.397279,-0.188865,-0.0666547,-0.184383,-0.148059,-0.16639,-0.115161,-0.0640051,-0.0656491,-0.129519,-0.109181,-0.108898,-0.103056,-0.0268041,-0.1377,-0.0506733,-0.0292105,-0.065083,0.00040267,-0.149697	-0.168494,-0.287081,-0.200925,-0.252908,-0.307463,-0.209654,-0.360365,-0.173832,-0.243626,-0.340064,-0.114232,-0.257249,-0.368932,-0.269893,-0.192778,-0.206625,-0.228244,-0.212076,-0.142125,-0.239482
-0.521371,-0.438048,-0.238033,-0.40044,-0.4309,-0.340074,-0.448925,-0.291014,-0.313502,-0.470112,-0.220408,-0.355954,-0.436907,-0.290279,-0.343029,-0.283287,-0.28847,-0.313756,-0.1814,-0.382189	-0.401121,-0.171035,-0.0609294,-0.154989,-0.108443,-0.161916,-0.135662,-0.0836574,-0.0748694,-0.152935,-0.128779,-0.10359,-0.0857078,-0.0336258,-0.120694,-0.0529157,-0.0377366,-0.106124,-0.0223062,-0.152661	-0.152048,-0.288637,-0.17971,-0.261693,-0.338263,-0.188539,-0.333578,-0.21253,-0.244368,-0.341747,-0.0943055,-0.262026,-0.364862,-0.259183,-0.231937,-0.233878,-0.253493,-0.214784,-0.15974,-0.24375
0.566917,0.469836,0.392293,0.44726,0.437813,0.39822,0.390565,0.453175,0.336248,0.407042,0.426018,0.301322,0.289904,0.270531,0.299547,0.245288,0.263566,0.200551,0.310061,0.277409	0.57699,0.449524,0.364139,0.4435,0.426993,0.386841,0.369097,0.462408,0.325288,0.356572,0.42215,0.321123,0.310242,0.269814,0.312811,0.274119,0.284065,0.218731,0.288314,0.275083	-0.0149693,0.0257502,0.0328467,0.00468991,0.0133073,0.0134501,0.0250843,-0.0116798,0.0123058,0.059039,0.00471588,-0.0219218,-0.0223479,0.000773927,-0.0146349,-0.0309087,-0.0221576,-0.0190134,0.0238819,0.00251854
-0.491281,-0.449559,-0.261456,-0.43032,-0.458657,-0.327913,-0.433438,-0.197928,-0.309643,-0.428972,-0.220325,-0.325869,-0.40475,-0.278188,-0.323652,-0.260602,-0.215068,-0.245426,-0.161618,-0.367752	-0.309863,-0.207517,-0.0425473,-0.186992,-0.176595,-0.153385,-0.101641,-0.0167947,-0.0785973,-0.0809107,-0.141117,-0.0687568,-0.0266608,-0.0177845,-0.135204,-0.0356986,0.00342966,-0.0448191,-0.00283464,-0.136119	-0.213995,-0.266945,-0.221371,-0.264621,-0.306921,-0.183772,-0.347088,-0.181737,-0.236809,-0.360576,-0.0817499,-0.263005,-0.382214,-0.261698,-0.197071,-0.227015,-0.218337,-0.202838,-0.158856,-0.243839
-0.475368,-0.457352,-0.234154,-0.429543,-0.45412,-0.315784,-0.413625,-0.242148,-0.322468,-0.442838,-0.239314,-0.322499,-0.390344,-0.272279,-0.333365,-0.296682,-0.245079,-0.272161,-0.192697,-0.372057	-0.30615,-0.218463,-0.0372477,-0.178293,-0.138529,-0.162522,-0.105744,-0.0210031,-0.0928081,-0.0961378,-0.181029,-0.0607055,-0.0116777,-0.0245494,-0.10409,-0.0476847,-0.000169064,-0.0681717,-0.0156486,-0.13598	-0.198039,-0.265407,-0.198639,-0.272088,-0.336777,-0.161553,-0.321963,-0.222275,-0.236746,-0.362117,-0.0609244,-0.267021,-0.3804,-0.249397,-0.237517,-0.252571,-0.24492,-0.207845,-0.177583,-0.248658
-0.534895,-0.459453,-0.284475,-0.423999,-0.459144,-0.36234,-0.464401,-0.229447,-0.315103,-0.475316,-0.240497,-0.345377,-0.418129,-0.298836,-0.352375,-0.261732,-0.217128,-0.240437,-0.17336,-0.386242	-0.373099,-0.205531,-0.0441589,-0.176919,-0.169467,-0.187478,-0.131957,-0.0612926,-0.0773201,-0.120428,-0.160225,-0.106404,-0.066023,-0.0453497,-0.180899,-0.0630302,-0.0162667,-0.0553317,0.00210115,-0.160924	-0.202136,-0.2804,-0.243373,-0.267117,-0.314118,-0.187607,-0.354147,-0.170553,-0.243721,-0.376436,-0.0834887,-0.24809,-0.362102,-0.256969,-0.18315,-0.202034,-0.201573,-0.187601,-0.175398,-0.24025
-0.527285,-0.463269,-0.26639,-0.411354,-0.458453,-0.355884,-0.442586,-0.286001,-0.328262,-0.486809,-0.261471,-0.346532,-0.402413,-0.29099,-0.368872,-0.286574,-0.251062,-0.261781,-0.211573,-0.391343	-0.378534,-0.211029,-0.0495839,-0.153174,-0.136862,-0.2023,-0.131285,-0.0828578,-0.0923944,-0.132147,-0.202066,-0.102488,-0.0492199,-0.0487597,-0.160122,-0.0608151,-0.0235346,-0.071104,-0.0201562,-0.161653	-0.185844,-0.279572,-0.219709,-0.275542,-0.34312,-0.165499,-0.330505,-0.208074,-0.243245,-0.379046,-0.0627189,-0.25303,-0.36033,-0.245717,-0.221853,-0.229763,-0.228879,-0.194293,-0.192236,-0.245203
0.904754,0.79477,0.681183,0.82587,0.800753,0.805804,0.795173,0.766819,0.846068,0.806712,0.811238,0.796174,0.827025,0.831493,0.668777,0.732066,0.637863,0.680979,0.60911,0.801111	0.871977,0.791498,0.645996,0.842092,0.85601,0.767507,0.734724,0.831944,0.846739,0.817386,0.777941,0.798849,0.819578,0.812513,0.740167,0.781042,0.682389,0.690661,0.637929,0.81186	0.155287,0.00882076,0.0628388,-0.053264,-0.175671,0.100374,0.145389,-0.17988,-0.00236837,-0.0313361,0.0902571,-0.00734828,0.0231142,0.058508,-0.141368,-0.114368,-0.0788448,-0.0182793,-0.0471332,-0.0307471
0.132713,0.344146,0.539705,0.783766,0.48993,0.459726,0.592126,0.501886,0.621308,0.573945,0.457333,0.40885,0.653406,0.406635,0.347269,0.538468,0.650638,0.415714,0.4535,0.546716	0.481213,0.36203,0.620359,0.741693,0.624005,0.539109,0.561704,0.563684,0.578076,0.569393,0.433376,0.549717,0.719762,0.488983,0.518205,0.592882,0.688826,0.435139,0.468315,0.585217	-0.372275,-0.0204298,-0.121249,0.100487,-0.193113,-0.105541,0.0455841,-0.0861787,0.0674609,0.00676143,0.0298796,-0.181706,-0.125271,-0.102786,-0.208448,-0.0799324,-0.0692034,-0.0237148,-0.0188095,-0.0566137
-0.116319,-0.0185828,0.0817373,0.0998203,-0.0980614,0.0607211,-0.00384895,0.119027,-0.0288961,-0.0449518,-0.0340705,0.0193057,-0.0182762,0.0282291,-0.0212468,0.0203677,0.0550075,-0.0328734,0.0183999,-0.0696997	-0.574523,-0.458346,-0.286835,-0.345661,-0.594752,-0.527484,-0.514487,-0.343026,-0.386745,-0.652429,-0.398364,-0.484005,-0.574783,-0.428726,-0.561017,-0.422809,-0.284622,-0.270727,-0.33129,-0.495158	0.491017,0.443541,0.360129,0.430623,0.527452,0.56995,0.511651,0.443928,0.361893,0.625832,0.369306,0.498651,0.562414,0.451491,0.546281,0.439393,0.334394,0.239989,0.347571,0.440667
-0.107898,-0.0232991,0.107643,0.100641,-0.104438,0.0857603,0.00992038,0.128119,-0.0357835,-0.061208,-0.0473403,0.0302407,-0.0363382,0.0135696,-0.018083,0.0189182,0.0607868,-0.0244582,0.0188224,-0.0565893	-0.555297,-0.473922,-0.275687,-0.344848,-0.597125,-0.516562,-0.515384,-0.345386,-0.401731,-0.649179,-0.401894,-0.467544,-0.585418,-0.429652,-0.569243,-0.409499,-0.297956,-0.268923,-0.283597,-0.483344	0.475914,0.455654,0.372282,0.430547,0.525456,0.576771,0.522632,0.45344,0.371285,0.612301,0.36143,0.490845,0.561015,0.440653,0.556892,0.425123,0.352361,0.246083,0.300814,0.438755
-0.0106348,-0.00319197,0.0447367,0.107703,-0.10064,0.0846541,0.0219927,0.116103,-0.0373365,-0.00582882,-0.109657,0.00469949,0.0088612,0.000595627,-0.0509761,0.0303425,0.0610784,-0.0449288,0.00663068,-0.0703695	-0.540189,-0.450324,-0.324858,-0.352873,-0.600755,-0.499396,-0.496539,-0.337819,-0.3992,-0.629416,-0.41954,-0.47557,-0.552794,-0.412439,-0.580506,-0.405733,-0.281135,-0.274708,-0.298298,-0.475192	0.532614,0.447776,0.3643,0.443712,0.532297,0.56036,0.51293,0.43679,0.367339,0.625883,0.324827,0.479198,0.558917,0.412933,0.545677,0.430773,0.336436,0.23265,0.304327,0.418828
-0.0587145,0.00567485,0.0621821,0.100489,-0.095199,0.0868418,0.00748194,0.120324,-0.0434721,-0.0370885,-0.103479,0.00327175,0.00213624,0.000379736,-0.0478528,0.0169165,0.0569449,-0.0538836,0.0205836,-0.0732588	-0.560728,-0.455382,-0.334531,-0.366386,-0.599982,-0.49862,-0.516319,-0.338991,-0.413826,-0.657344,-0.422634,-0.474139,-0.551778,-0.424252,-0.584028,-0.406184,-0.270998,-0.270821,-0.303593,-0.489967	0.519104,0.459868,0.388629,0.450297,0.535362,0.561162,0.521786,0.441314,0.377139,0.635755,0.333751,0.476672,0.553262,0.424563,0.55159,0.420213,0.322959,0.22015,0.322163,0.432223
-0.0376766,-0.0153771,-0.0223493,0.141121,-0.0443873,0.0134184,0.108261,0.101196,0.0848592,0.235538,-0.0284547,0.053222,0.248354,-0.0330938,-0.00882515,0.0625446,0.119636,0.0341636,0.0651134,0.0842523	-0.104673,0.122577,0.000297512,0.122814,-0.148962,-0.269078,0.00880021,0.0161081,0.012055,-0.0784322,-0.239706,-0.0840012,0.0540983,-0.158487,-0.320216,-0.129007,0.0520899,0.0322223,-0.0831244,-0.0397225	0.0672614,-0.137695,-0.0226466,0.0186297,0.105271,0.28148,0.0995557,0.0852269,0.0728788,0.308276,0.212702,0.136612,0.196902,0.126054,0.312273,0.190019,0.0679698,0.00194343,0.14744,0.123561
-0.0527499,-0.0896439,0.0754462,0.0619547,-0.0714658,0.0486821,0.155416,0.0579316,0.0998893,0.247784,-0.059253,0.0432477,0.272686,-0.00910516,-0.0208488,0.0568316,0.137488,-0.0201591,0.0373953,0.080135	-0.132722,0.016236,-0.00522234,0.0484875,-0.121471,-0.273922,-0.0193606,0.0348863,0.0334365,-0.0598521,-0.270726,-0.0882791,0.0700197,-0.148974,-0.297794,-0.0916929,0.114963,-0.00319977,-0.0872998,-0.0330423	0.0805361,-0.105726,0.0806368,0.0135078,0.0504431,0.318358,0.174253,0.023092,0.0666755,0.30314,0.214921,0.131027,0.206611,0.140059,0.278676,0.147755,0.0228864,-0.0169604,0.124289,0.112878
-0.378408,-0.0789254,-0.0159191,0.135361,-0.121457,-0.00939683,-0.011487,0.104046,0.00211222,-0.0712758,-0.179894,-0.0217663,-0.0237109,-0.00847835,-0.0300172,0.0280464,0.0348382,-0.0689743,-0.0535668,-0.0991627	-0.780185,-0.508136,-0.390589,-0.299865,-0.643361,-0.597157,-0.509823,-0.38087,-0.341643,-0.660746,-0.489594,-0.562143,-0.596157,-0.480001,-0.614978,-0.447576,-0.322167,-0.309098,-0.390146,-0.524837	0.570081,0.447143,0.377014,0.418249,0.566143,0.591077,0.501272,0.466433,0.343507,0.618604,0.339611,0.547071,0.580654,0.473449,0.595962,0.469726,0.353043,0.245354,0.343764,0.449045
-0.366702,-0.0575882,0.0018453,0.143579,-0.125172,0.00594251,-0.00776748,0.113827,-0.00615563,-0.0920175,-0.194816,-0.00115665,-0.0518034,-0.00817977,-0.0326013,0.0276664,0.0416205,-0.0348736,-0.0672893,-0.0838658	-0.766463,-0.507077,-0.383795,-0.29492,-0.643529,-0.592175,-0.515854,-0.382481,-0.358186,-0.658891,-0.494702,-0.544845,-0.611308,-0.471936,-0.62291,-0.434743,-0.33464,-0.286521,-0.356248,-0.513599	0.556045,0.463009,0.385367,0.420686,0.56377,0.59602,0.51013,0.475602,0.352808,0.603461,0.331871,0.544031,0.577803,0.465554,0.602545,0.456914,0.371092,0.254188,0.296056,0.449077
-0.259157,-0.0198682,-0.0308874,0.1309,-0.0812584,0.0366074,-0.0101258,0.117022,-0.0234725,-0.049769,-0.234333,-0.0458647,0.0216362,-0.00660432,-0.110011,0.0284664,0.0523172,-0.0670764,-0.0359122,-0.0781928	-0.749405,-0.471698,-0.413063,-0.316891,-0.631661,-0.563829,-0.506452,-0.366837,-0.367461,-0.645933,-0.499566,-0.558586,-0.569252,-0.450333,-0.652694,-0.437119,-0.311714,-0.304853,-0.338384,-0.494579	0.608409,0.456105,0.387114,0.429956,0.580182,0.588294,0.498885,0.463943,0.346982,0.615965,0.300399,0.526202,0.5837,0.445052,0.584664,0.459863,0.35819,0.24274,0.306193,0.433136
-0.303627,-0.012421,-0.0101463,0.120154,-0.127184,0.0348385,-0.0266285,0.109185,-0.0296452,-0.0814426,-0.236077,-0.0600593,-0.00443381,-0.000219696,-0.0860739,-0.00598875,0.0569518,-0.0714617,-0.0163044,-0.0985457	-0.761234,-0.478171,-0.419215,-0.334086,-0.651851,-0.563363,-0.526883,-0.376089,-0.382287,-0.674135,-0.506566,-0.564485,-0.57531,-0.45536,-0.64638,-0.446553,-0.294449,-0.296597,-0.340001,-0.518272	0.595169,0.468533,0.410816,0.43671,0.572097,0.586686,0.507373,0.466134,0.356684,0.627124,0.307231,0.522127,0.572336,0.455186,0.593317,0.441746,0.345605,0.23001,0.325501,0.442317
0.347513,0.0517488,0.0625363,0.134049,0.0766349,0.130925,0.127779,0.126694,0.0399352,0.218438,0.0067368,0.0487558,0.335798,-0.00287753,0.0198225,0.0528349,0.142486,0.0799569,0.0433386,0.135386	-0.0600199,0.18479,0.0233895,0.147895,-0.126202,-0.234759,0.0476556,-0.00800609,0.00107502,-0.0902437,-0.202532,-0.182125,0.0803227,-0.184427,-0.382087,-0.170401,0.0451575,0.0615882,-0.112523,-0.0203626	0.399207,-0.134325,0.0392042,-0.0141259,0.200894,0.35478,0.0806142,0.134563,0.0388619,0.302714,0.208984,0.228848,0.262558,0.181646,0.398888,0.221244,0.0979583,0.0184596,0.155105,0.15532
0.337486,0.0233981,0.177811,0.0282895,0.0261218,0.139726,0.189071,0.0930058,0.0175808,0.248571,-0.0405516,0.0691024,0.355796,0.0126729,-0.00509529,0.0408521,0.177391,0.0245002,0.0131834,0.132907	-0.0832755,0.12709,0.0240494,0.0447091,-0.11523,-0.262014,0.0290498,0.0202188,-0.0140273,-0.0574631,-0.248517,-0.159586,0.0894772,-0.181987,-0.37037,-0.139741,0.124144,0.0259972,-0.118287,-0.0117378	0.40926,-0.104001,0.154422,-0.0164404,0.140928,0.387552,0.160905,0.0729241,0.0316003,0.301724,0.210083,0.226194,0.275076,0.194212,0.365965,0.179568,0.0544468,-0.00149792,0.131266,0.14442
0.870184,0.714554,0.734092,0.793182,0.854764,0.778691,0.719638,0.853005,0.718829,0.663799,0.788442,0.645479,0.813771,0.730343,0.670221,0.585478,0.669368,0.53895,0.628925,0.755596	0.896888,0.690131,0.72088,0.790649,0.853174,0.776464,0.706861,0.836201,0.698521,0.698893,0.800554,0.672603,0.815536,0.743478,0.645183,0.60541,0.647556,0.526148,0.704879,0.762934	-0.121634,0.0481847,0.0280623,0.00679316,0.00587074,0.00563101,0.0260059,0.0586062,0.0407901,-0.0654648,-0.0328419,-0.0479359,-0.00524745,-0.0287403,0.044113,-0.0308772,0.0385007,0.01787,-0.136439,-0.0173266
0.686103,0.557723,0.454934,0.471608,0.503283,0.452183,0.42911,0.50116,0.356505,0.405762,0.460228,0.372821,0.377839,0.29052,0.388167,0.369693,0.318612,0.230457,0.368566,0.336159	0.649682,0.554475,0.439323,0.447275,0.492496,0.493373,0.432808,0.507288,0.344921,0.424067,0.514025,0.411061,0.394899,0.356479,0.36879,0.381685,0.321274,0.241866,0.431018,0.374941	0.0657127,0.004701,0.01951,0.0308385,0.0143413,-0.0530176,-0.00454091,-0.00821594,0.013208,-0.0221099,-0.0704678,-0.0451619,-0.0200518,-0.0735798,0.0226142,-0.0139619,-0.00296482,-0.0120821,-0.0742459,-0.0443751
0.762877,0.544152,0.491226,0.57129,0.632648,0.459782,0.469498,0.591087,0.459378,0.443111,0.569793,0.457764,0.522296,0.431645,0.501447,0.347044,0.38145,0.286813,0.478105,0.530442	0.729987,0.519205,0.442388,0.536777,0.617475,0.500734,0.447645,0.591207,0.427825,0.403666,0.607227,0.511534,0.552078,0.47741,0.468871,0.367951,0.402548,0.314228,0.514603,0.542078	0.0742256,0.0347708,0.0623983,0.0497779,0.024901,-0.053201,0.0276682,-0.000184211,0.0392707,0.0480372,-0.0572389,-0.070211,-0.0418489,-0.0576444,0.0425885,-0.0239675,-0.0249255,-0.0301304,-0.0484081,-0.016332
-0.646128,-0.594663,-0.356987,-0.474357,-0.524071,-0.429012,-0.497149,-0.280884,-0.352133,-0.526242,-0.236539,-0.429314,-0.506142,-0.32895,-0.351962,-0.283905,-0.257224,-0.305693,-0.191545,-0.437874	-0.298991,-0.138691,0.000331293,-0.111273,-0.0795486,-0.0350904,-0.0546609,0.109234,-0.0498131,-0.0776758,-0.0325519,-0.0375423,-0.0503041,0.0364276,-0.0433408,0.0178467,0.0297664,-0.0768738,0.0457823,-0.091398	-0.430256,-0.496959,-0.357276,-0.383316,-0.46386,-0.399942,-0.454848,-0.378505,-0.307718,-0.467684,-0.20557,-0.398189,-0.467747,-0.361051,-0.313402,-0.300231,-0.28481,-0.234326,-0.235264,-0.360921
-0.644976,-0.582567,-0.289231,-0.443845,-0.529186,-0.397751,-0.471141,-0.331857,-0.378522,-0.540536,-0.265831,-0.443201,-0.489354,-0.318404,-0.362544,-0.323155,-0.298222,-0.351746,-0.232749,-0.447349	-0.307232,-0.13015,-0.00649624,-0.0699691,-0.0377246,-0.039634,-0.0696432,0.102005,-0.077618,-0.0935117,-0.0687613,-0.0468921,-0.0307885,0.0382047,-0.0267884,0.00661236,0.019748,-0.114996,0.0137906,-0.0981013	-0.42121,-0.489535,-0.283267,-0.385858,-0.501472,-0.363853,-0.415119,-0.419657,-0.310012,-0.470823,-0.200739,-0.404721,-0.46558,-0.352322,-0.339049,-0.329064,-0.316108,-0.24673,-0.245751,-0.365279
0.708974,0.557906,0.434311,0.482389,0.505956,0.443655,0.416282,0.496034,0.346507,0.391247,0.470012,0.378926,0.363971,0.292099,0.362096,0.374153,0.288323,0.222412,0.393931,0.331964	0.644221,0.579357,0.431513,0.46062,0.496759,0.486848,0.433114,0.519596,0.354533,0.374296,0.511203,0.390579,0.37925,0.345122,0.367382,0.366734,0.31205,0.245374,0.381846,0.363712	0.119193,-0.0316962,0.00344358,0.0279883,0.0122843,-0.0550918,-0.0205334,-0.0317428,-0.00915035,0.0198589,-0.054218,-0.013677,-0.0177257,-0.0589669,-0.00609727,0.00859908,-0.0260727,-0.0242881,0.0142249,-0.0361077
0.77838,0.5438,0.4768,0.576942,0.636846,0.448399,0.45061,0.584835,0.445562,0.443808,0.565569,0.456565,0.503445,0.449442,0.483025,0.36131,0.333376,0.295458,0.499119,0.532076	0.71718,0.543339,0.441497,0.544998,0.623309,0.491249,0.441655,0.60261,0.433793,0.369613,0.590582,0.483151,0.531356,0.482098,0.475708,0.363093,0.37522,0.334887,0.460632,0.53657	0.138537,0.000654509,0.0447158,0.0465949,0.0224467,-0.0549544,0.01118,-0.0274484,0.0145887,0.0887542,-0.0375568,-0.0341106,-0.0381045,-0.0416891,0.00949897,-0.0020527,-0.0478259,-0.0437581,0.0499766,-0.00628932
-0.626744,-0.595345,-0.347268,-0.470236,-0.526326,-0.43017,-0.495084,-0.291604,-0.361401,-0.512674,-0.237699,-0.406411,-0.515977,-0.318589,-0.353297,-0.253845,-0.284643,-0.305772,-0.141506,-0.423904	-0.284958,-0.115175,0.0229971,-0.102695,-0.0821271,-0.0358441,-0.0406673,0.107159,-0.0466982,-0.077597,-0.0454122,-0.018114,-0.0666538,0.0407113,-0.0243281,0.0320416,0.0121755,-0.0701561,0.0410003,-0.0761105	-0.416099,-0.515519,-0.367332,-0.38619,-0.464267,-0.400501,-0.463753,-0.38668,-0.320105,-0.453103,-0.194385,-0.391177,-0.465327,-0.3547,-0.33182,-0.28358,-0.295794,-0.240781,-0.181453,-0.359388
-0.62569,-0.573808,-0.270827,-0.445418,-0.529334,-0.394992,-0.473306,-0.345541,-0.373795,-0.531154,-0.254688,-0.410277,-0.497577,-0.314854,-0.360508,-0.285766,-0.321468,-0.356295,-0.177784,-0.430799	-0.292859,-0.0906418,0.0253495,-0.0699285,-0.0354306,-0.0342743,-0.0625958,0.0949414,-0.05627,-0.102938,-0.0669791,-0.0110541,-0.0479054,0.033191,-0.00290798,0.0310812,0.00443645,-0.114217,0.0186882,-0.079151	-0.407501,-0.509675,-0.294157,-0.387561,-0.503344,-0.365668,-0.423249,-0.426491,-0.324347,-0.452983,-0.190966,-0.401042,-0.460652,-0.344446,-0.357975,-0.314057,-0.325441,-0.252348,-0.195822,-0.364062
0.627813,0.519735,0.431259,0.493262,0.46412,0.451732,0.434326,0.523907,0.355086,0.436594,0.470046,0.346894,0.310815,0.31159,0.38365,0.302286,0.285856,0.200795,0.331742,0.324243	0.631207,0.497914,0.399131,0.483357,0.459956,0.451834,0.409027,0.517889,0.335604,0.378585,0.454069,0.36144,0.323217,0.29048,0.371282,0.311196,0.30416,0.216036,0.306167,0.297342	-0.00562163,0.0294406,0.0388084,0.0130067,0.00529413,-0.000128737,0.0307651,0.00825938,0.0221177,0.0694961,0.0203131,-0.0166315,-0.0137874,0.0232111,0.0144216,-0.00983539,-0.0200465,-0.015932,0.0284666,0.0297714
-0.595661,-0.59352,-0.34775,-0.479939,-0.547809,-0.398411,-0.472261,-0.261563,-0.365301,-0.495698,-0.237322,-0.381226,-0.468314,-0.307235,-0.356482,-0.262414,-0.24544,-0.279517,-0.161386,-0.424782	-0.170554,-0.135055,0.0296343,-0.0950258,-0.107916,-0.0299316,-0.0209498,0.122591,-0.0604936,-0.0339764,-0.0811484,0.0102851,-0.00238675,0.0191628,-0.0358864,0.0277871,0.0392647,-0.050964,0.02738,-0.0973741	-0.473178,-0.498417,-0.373535,-0.403307,-0.467533,-0.372927,-0.455821,-0.372218,-0.311696,-0.469631,-0.15924,-0.389982,-0.466448,-0.324487,-0.32475,-0.2881,-0.281988,-0.231855,-0.187935,-0.341535
-0.588797,-0.590122,-0.269943,-0.470989,-0.550408,-0.372097,-0.438221,-0.306195,-0.382091,-0.508049,-0.273372,-0.380575,-0.454469,-0.302193,-0.351769,-0.301282,-0.279831,-0.316187,-0.189078,-0.42991	-0.169105,-0.145628,0.03097,-0.0840167,-0.0628278,-0.0426582,-0.0259244,0.125815,-0.0755682,-0.0506909,-0.124767,0.0196703,0.0137624,0.011748,0.000337403,0.016557,0.0366485,-0.0761193,0.015042,-0.0971616	-0.466101,-0.486284,-0.298418,-0.402916,-0.505046,-0.334752,-0.417035,-0.415985,-0.315637,-0.469448,-0.153853,-0.397271,-0.465321,-0.31283,-0.352065,-0.316262,-0.313267,-0.245988,-0.203541,-0.347253
-0.627224,-0.59918,-0.367841,-0.473005,-0.548268,-0.431094,-0.499205,-0.289693,-0.367648,-0.5352,-0.255606,-0.401798,-0.480881,-0.325439,-0.379688,-0.261192,-0.248556,-0.274014,-0.172173,-0.435053	-0.238086,-0.127774,0.0355695,-0.0771816,-0.106608,-0.082242,-0.0481129,0.0907548,-0.0496358,-0.067436,-0.089248,-0.0240674,-0.0355562,0.0133644,-0.0576316,0.0200284,0.0213314,-0.0585516,0.0364048,-0.0951625	-0.45745,-0.510489,-0.398201,-0.410821,-0.469077,-0.361675,-0.462193,-0.370702,-0.323923,-0.485278,-0.170241,-0.381419,-0.453072,-0.337336,-0.329262,-0.279757,-0.268464,-0.218976,-0.207279,-0.35457
-0.626902,-0.592924,-0.299617,-0.45291,-0.553823,-0.410772,-0.463503,-0.345544,-0.384604,-0.546131,-0.292261,-0.406561,-0.465634,-0.31842,-0.382859,-0.288711,-0.287931,-0.306263,-0.206792,-0.441363	-0.247669,-0.131851,0.0254658,-0.0507625,-0.0680917,-0.0998175,-0.0474142,0.0746714,-0.0655392,-0.0803295,-0.135068,-0.0184022,-0.0173375,0.0092339,-0.0315231,0.0235661,0.0151283,-0.0760449,0.0146452,-0.0958446	-0.448936,-0.500175,-0.322622,-0.411611,-0.504766,-0.32425,-0.425438,-0.409646,-0.327316,-0.487174,-0.163653,-0.391085,-0.451945,-0.326693,-0.355628,-0.310167,-0.301745,-0.235708,-0.220768,-0.36078
0.862018,0.73222,0.686366,0.81198,0.741822,0.799354,0.805543,0.735633,0.820689,0.771145,0.792265,0.768292,0.807282,0.818171,0.664747,0.728938,0.615021,0.653937,0.614077,0.776998	0.840851,0.699583,0.555813,0.817443,0.8316,0.72659,0.704277,0.81334,0.830275,0.781352,0.787752,0.775648,0.800981,0.800369,0.714748,0.786991,0.671956,0.68035,0.640403,0.792067	0.076922,0.0669138,0.211077,-0.0162456,-0.234347,0.173578,0.234047,-0.193455,-0.0300873,-0.0256797,0.0120062,-0.018206,0.0178296,0.0515766,-0.095263,-0.136167,-0.0970377,-0.0475821,-0.0433892,-0.0391859
-0.284992,-0.0848504,-0.184895,0.130491,-0.029895,-0.127022,-0.0153856,-0.0338124,0.0651524,-0.0560286,-0.24404,-0.0695414,-0.0121339,-0.0578733,-0.0107817,0.0125745,-0.0542885,-0.0560116,-0.120472,-0.0563235	-0.811129,-0.693744,-0.762771,-0.826816,-0.826142,-0.805836,-0.799756,-0.732994,-0.746648,-0.863042,-0.751792,-0.774281,-0.868474,-0.719081,-0.770666,-0.758353,-0.788183,-0.614973,-0.704446,-0.792533	0.684331,0.646977,0.672756,0.86408,0.81641,0.75622,0.794142,0.71695,0.774141,0.848019,0.621838,0.744846,0.865461,0.689919,0.766251,0.763645,0.766701,0.578902,0.63813,0.770608
-0.280699,-0.045983,-0.201016,0.157076,-0.025075,-0.145013,-0.0351681,-0.0327948,0.0615757,-0.0654001,-0.247298,-0.0564634,-0.0352127,-0.0343348,-0.020462,0.0146849,-0.0528417,-0.0163484,-0.140261,-0.0511082	-0.798725,-0.680645,-0.764729,-0.824467,-0.826623,-0.805209,-0.804958,-0.732809,-0.752786,-0.860464,-0.754181,-0.76784,-0.87367,-0.710713,-0.775101,-0.752119,-0.795465,-0.596846,-0.683478,-0.786539	0.667733,0.655168,0.666109,0.869004,0.818514,0.747476,0.792217,0.717252,0.778286,0.842473,0.623094,0.743616,0.865071,0.693296,0.766801,0.758427,0.775209,0.586217,0.600814,0.766232
-0.285626,-0.0230044,-0.142792,0.0908401,0.0511227,-0.0928332,-0.0647651,-0.00433525,0.0278509,-0.093487,-0.211563,-0.0826283,0.0318649,-0.0112297,-0.0848509,-0.00680121,-0.0276962,-0.0324294,-0.0713378,-0.0125259	-0.800792,-0.659162,-0.763977,-0.84057,-0.812446,-0.784881,-0.806319,-0.716401,-0.76129,-0.864635,-0.745828,-0.771811,-0.862395,-0.694611,-0.791592,-0.756334,-0.785238,-0.604824,-0.667873,-0.774902	0.667943,0.645953,0.697247,0.865336,0.829131,0.746436,0.782412,0.714284,0.772756,0.838963,0.63436,0.736128,0.870342,0.688754,0.757629,0.753408,0.774383,0.583846,0.626379,0.769848
-0.275522,-0.0249959,-0.137286,0.0754736,-0.0455031,-0.100659,-0.068829,-0.0271724,0.0270689,-0.0942295,-0.22545,-0.101814,-0.0163972,-0.000952845,-0.0534196,-0.0457014,-0.00458448,-0.0260928,-0.0612032,-0.0468802	-0.804739,-0.662139,-0.767402,-0.845683,-0.829652,-0.788904,-0.814012,-0.723759,-0.765452,-0.872847,-0.751112,-0.775284,-0.86343,-0.698094,-0.787026,-0.764557,-0.768832,-0.600631,-0.664747,-0.785927	0.679986,0.647866,0.704318,0.865889,0.814914,0.747614,0.789412,0.71056,0.776434,0.848396,0.632822,0.731186,0.859197,0.697606,0.765803,0.744883,0.766951,0.583686,0.62914,0.767318
0.461023,0.10187,0.161093,-0.00957315,0.23076,0.195533,0.0371343,0.0366261,-0.0929255,-0.0396382,0.0625409,-0.015343,0.204234,0.0479371,0.04694,-0.0240136,0.0503653,0.0743192,-0.0357878,0.0985941	-0.181857,-0.201025,-0.510703,-0.727059,-0.536944,-0.57055,-0.548366,-0.512043,-0.629605,-0.638444,-0.563786,-0.557642,-0.596658,-0.523297,-0.619648,-0.644925,-0.637944,-0.384065,-0.529791,-0.54499	0.59315,0.296817,0.620728,0.722515,0.683069,0.689195,0.573815,0.538569,0.57003,0.614353,0.604995,0.546979,0.713898,0.557255,0.647747,0.630679,0.666882,0.445663,0.50355,0.610766
0.465569,0.174506,0.174877,-0.110485,0.190458,0.141452,0.0665897,0.0557266,-0.169432,0.000392509,0.0353723,0.0374871,0.1824,0.0332079,0.0283749,-0.0378815,0.0917037,0.074553,-0.0382987,0.10429	-0.199037,-0.233543,-0.505704,-0.77229,-0.534176,-0.586424,-0.557264,-0.491345,-0.648034,-0.612186,-0.595006,-0.538735,-0.597848,-0.520954,-0.608913,-0.637217,-0.594382,-0.413561,-0.523612,-0.543289	0.608243,0.39207,0.625284,0.723542,0.657719,0.672123,0.601532,0.532491,0.537632,0.612432,0.617384,0.564816,0.703529,0.544738,0.626463,0.614161,0.650623,0.473514,0.495244,0.612854
0.877987,0.717178,0.707837,0.77668,0.868973,0.756585,0.716448,0.83027,0.733981,0.676286,0.801638,0.639744,0.818436,0.735725,0.679065,0.574885,0.655571,0.551505,0.622451,0.763977	0.907165,0.689621,0.720518,0.775328,0.862758,0.771092,0.713429,0.820567,0.707706,0.701314,0.803671,0.676061,0.808704,0.737092,0.655879,0.593853,0.637284,0.547019,0.699769,0.781041	-0.143366,0.0545239,-0.0258793,0.003399,0.0248284,-0.0348224,0.00617521,0.0304438,0.0546761,-0.0476085,-0.00571369,-0.0639958,0.0287825,-0.00298666,0.0418056,-0.0288001,0.0314084,0.00642372,-0.136984,-0.0423111
0.660918,0.549919,0.448982,0.423069,0.53225,0.419099,0.416559,0.453048,0.383305,0.399886,0.521994,0.37623,0.367236,0.296268,0.414779,0.34779,0.289883,0.264224,0.369032,0.370814	0.706188,0.558848,0.396661,0.40505,0.520492,0.477382,0.439319,0.458237,0.364213,0.440824,0.513791,0.403661,0.402274,0.340532,0.376528,0.367827,0.297744,0.264418,0.421529,0.408239	-0.0848914,-0.0128905,0.0636586,0.021745,0.0162639,-0.0728604,-0.0278581,-0.00654935,0.0221899,-0.0496988,0.0112085,-0.0323427,-0.0411111,-0.0492309,0.0453304,-0.0229768,-0.00860307,-0.000208594,-0.0621674,-0.0441008
0.750517,0.535981,0.479422,0.533392,0.653286,0.426231,0.468524,0.54514,0.488951,0.449552,0.621838,0.463166,0.513984,0.441463,0.524457,0.336354,0.361384,0.325767,0.467982,0.557489	0.762699,0.530437,0.406848,0.496881,0.641216,0.485582,0.454743,0.547569,0.44443,0.415045,0.603151,0.504931,0.557033,0.464782,0.474814,0.354883,0.385178,0.332637,0.507173,0.565664	-0.0284895,0.00774738,0.0901595,0.0496771,0.0207711,-0.0748409,0.0175115,-0.00346353,0.056881,0.0424225,0.0299022,-0.0545138,-0.0603177,-0.0293387,0.0661046,-0.0210403,-0.0276417,-0.00770489,-0.051388,-0.0119396
-0.632747,-0.584628,-0.358192,-0.571053,-0.491234,-0.437833,-0.552841,-0.368221,-0.400583,-0.619986,-0.217283,-0.469354,-0.606531,-0.312815,-0.351776,-0.32609,-0.354725,-0.332116,-0.238895,-0.468581	-0.203714,-0.117697,-0.0808087,-0.225248,0.00704764,-0.0843501,-0.0553445,0.00127281,-0.0233463,-0.0515537,-0.00330383,-0.0578493,-0.0389882,0.0111595,-0.0291307,0.000389918,-0.0255388,-0.046159,0.0303587,-0.0308115	-0.492519,-0.501434,-0.285651,-0.396852,-0.496562,-0.367039,-0.513199,-0.369321,-0.380798,-0.587201,-0.214133,-0.422989,-0.581289,-0.322848,-0.325985,-0.326438,-0.332196,-0.290409,-0.267315,-0.444182
-0.626972,-0.52413,-0.350013,-0.491527,-0.481249,-0.428025,-0.558062,-0.389617,-0.435162,-0.638841,-0.225033,-0.471431,-0.610242,-0.316077,-0.358294,-0.362392,-0.413841,-0.33628,-0.257833,-0.47356	-0.213086,-0.100589,-0.084499,-0.167647,0.0507032,-0.0894843,-0.0755348,-0.012764,-0.0524749,-0.0706057,-0.0383258,-0.0661694,-0.0179719,0.0132584,-0.0119969,-0.0116002,-0.0400394,-0.0818227,-0.00263588,-0.0372939	-0.477707,-0.447114,-0.273606,-0.352965,-0.519281,-0.352024,-0.503763,-0.378737,-0.39163,-0.595077,-0.188332,-0.418311,-0.598838,-0.327961,-0.347792,-0.352272,-0.3801,-0.261657,-0.25537,-0.444109
0.685919,0.546794,0.437298,0.435727,0.531972,0.415015,0.404568,0.449057,0.372279,0.384043,0.528377,0.384375,0.350937,0.295886,0.388478,0.352864,0.258374,0.256325,0.393226,0.368031	0.69892,0.583415,0.373285,0.419025,0.526573,0.458402,0.43056,0.464004,0.379091,0.399695,0.518027,0.376312,0.39588,0.338848,0.373276,0.354711,0.28389,0.260656,0.369846,0.388826	-0.0249733,-0.0537763,0.0765009,0.0204322,0.00749939,-0.0535806,-0.0314749,-0.0188808,-0.00793088,-0.0184901,0.0142515,0.00942696,-0.0521947,-0.047749,0.0177804,-0.00211137,-0.027536,-0.00464122,0.0273587,-0.0242675
0.767806,0.534048,0.47368,0.541431,0.654262,0.420025,0.450406,0.540261,0.472981,0.449327,0.615542,0.464936,0.491969,0.455078,0.507307,0.352686,0.31109,0.333468,0.488012,0.560573	0.748602,0.556608,0.389525,0.506138,0.648637,0.464606,0.439691,0.552603,0.454528,0.389837,0.594674,0.47055,0.544683,0.477009,0.480987,0.353067,0.352334,0.344495,0.451172,0.552087	0.0451623,-0.0321036,0.103197,0.0486149,0.00977294,-0.0553905,0.0133606,-0.0175957,0.0235063,0.0721235,0.0329181,-0.00718589,-0.0720097,-0.0280116,0.034815,-0.000436045,-0.0463215,-0.0124579,0.0472415,0.0122882
-0.612752,-0.580824,-0.353343,-0.566258,-0.494077,-0.442745,-0.553629,-0.379027,-0.410007,-0.604533,-0.217816,-0.451194,-0.611352,-0.298346,-0.352364,-0.297,-0.384114,-0.333781,-0.191575,-0.46111	-0.195288,-0.0875081,-0.0840015,-0.217046,0.0107816,-0.105198,-0.0542877,-0.010106,-0.013328,-0.0365163,-0.00525983,-0.04792,-0.0395987,0.027809,-0.0117986,0.0166724,-0.0503311,-0.0479761,0.0249819,-0.0272231	-0.474209,-0.519732,-0.277581,-0.398145,-0.502184,-0.354037,-0.514815,-0.370339,-0.398859,-0.580839,-0.2128,-0.412186,-0.585939,-0.323471,-0.341988,-0.312127,-0.340363,-0.290456,-0.215525,-0.439403
-0.606813,-0.511333,-0.337023,-0.491186,-0.481177,-0.428408,-0.560901,-0.405264,-0.433372,-0.626296,-0.213226,-0.444269,-0.614097,-0.308208,-0.35526,-0.327206,-0.439758,-0.344878,-0.205458,-0.463222	-0.203931,-0.0585028,-0.0761918,-0.167936,0.0596736,-0.103767,-0.0813242,-0.029663,-0.0235286,-0.066491,-0.0260171,-0.0400173,-0.0202925,0.0207509,0.0102229,0.0154883,-0.0632729,-0.0905291,0.00174752,-0.0300182	-0.459779,-0.466794,-0.267705,-0.352311,-0.525755,-0.339745,-0.502498,-0.380171,-0.414065,-0.58413,-0.188253,-0.411568,-0.601298,-0.326868,-0.364161,-0.340966,-0.387261,-0.262546,-0.207131,-0.439312
0.657515,0.510183,0.403518,0.454526,0.492529,0.42188,0.434173,0.475419,0.383439,0.450646,0.510699,0.350318,0.310398,0.313956,0.402178,0.295706,0.25876,0.239787,0.318218,0.359626	0.624541,0.495691,0.385558,0.436234,0.492355,0.423392,0.398153,0.472608,0.358609,0.374773,0.499788,0.363962,0.318298,0.292456,0.391786,0.294264,0.274395,0.246239,0.305175,0.330981	0.0559496,0.0193969,0.0212689,0.0228159,0.000229819,-0.00184112,0.0435481,0.00362511,0.0287878,0.0912917,0.0146503,-0.0156385,-0.00876641,0.0236737,0.0123353,0.00157932,-0.0168299,-0.00685739,0.0144464,0.0325154
-0.595397,-0.584863,-0.341306,-0.579799,-0.511198,-0.411365,-0.531966,-0.352385,-0.416954,-0.599376,-0.21027,-0.419845,-0.588444,-0.285659,-0.350259,-0.305329,-0.349104,-0.301874,-0.210178,-0.458533	-0.166843,-0.130041,-0.0150441,-0.220486,-0.0176331,-0.0971966,-0.0448527,0.0203689,-0.0270509,-0.0348732,0.012024,0.00652874,-0.0120997,0.0182451,0.000126621,0.00211973,-0.0205026,-0.00596819,0.0222151,-0.0352008	-0.475822,-0.492262,-0.327945,-0.41198,-0.498054,-0.327253,-0.49902,-0.370097,-0.394351,-0.576554,-0.221733,-0.425208,-0.580477,-0.302328,-0.35037,-0.30725,-0.33097,-0.29644,-0.231313,-0.430277
-0.583129,-0.534624,-0.326251,-0.520426,-0.497439,-0.405458,-0.528651,-0.367882,-0.442883,-0.617502,-0.224703,-0.411155,-0.591264,-0.295584,-0.341312,-0.343894,-0.401377,-0.295399,-0.215363,-0.460812	-0.16459,-0.130109,-0.0101807,-0.192658,0.0292086,-0.109611,-0.0518631,0.0165688,-0.0432183,-0.0554356,-0.0308934,0.0162101,0.00744831,0.0111109,0.0371572,-0.0100153,-0.0262453,-0.0294617,0.00909191,-0.0346061	-0.462974,-0.434757,-0.317124,-0.364293,-0.519105,-0.309607,-0.490229,-0.382122,-0.407464,-0.581989,-0.195164,-0.424535,-0.596087,-0.305691,-0.373729,-0.335032,-0.379125,-0.268272,-0.224017,-0.433113
-0.623855,-0.589424,-0.365267,-0.567473,-0.513745,-0.445052,-0.555587,-0.380099,-0.417203,-0.625419,-0.227173,-0.437322,-0.595426,-0.30398,-0.375171,-0.30453,-0.350634,-0.299322,-0.221482,-0.466521	-0.194342,-0.131018,-0.027281,-0.190352,-0.0215325,-0.149403,-0.0596283,-0.0197583,-0.00949937,-0.0457269,-0.000721877,-0.0283338,-0.0437048,0.0127407,-0.0242491,0.00581574,-0.0366358,-0.00474741,0.0185991,-0.030818	-0.488772,-0.496768,-0.341388,-0.422791,-0.497719,-0.316708,-0.512952,-0.363068,-0.409325,-0.596758,-0.226489,-0.41412,-0.566462,-0.315498,-0.354144,-0.309797,-0.318084,-0.294994,-0.239096,-0.442059
-0.619029,-0.535382,-0.358966,-0.496772,-0.504302,-0.445546,-0.550632,-0.407497,-0.444861,-0.643287,-0.242546,-0.432541,-0.598183,-0.311376,-0.374621,-0.329357,-0.405709,-0.286798,-0.234439,-0.469793	-0.204313,-0.124311,-0.0335331,-0.148671,0.0190992,-0.168605,-0.0616474,-0.0425343,-0.0265323,-0.0619274,-0.0457506,-0.0219843,-0.0233779,0.0087905,0.00283762,0.00929785,-0.0470594,-0.0200844,-0.00402224,-0.0309054	-0.474762,-0.44038,-0.329398,-0.37586,-0.518408,-0.299435,-0.506166,-0.3714,-0.423325,-0.60548,-0.199004,-0.414499,-0.582957,-0.319292,-0.377058,-0.337621,-0.365631,-0.268259,-0.230634,-0.445354
0.88198,0.806241,0.613494,0.850277,0.775052,0.77203,0.725212,0.740656,0.791996,0.712642,0.823131,0.762844,0.730379,0.802711,0.678942,0.725701,0.553879,0.693751,0.606227,0.761314	0.842771,0.661327,0.605986,0.726897,0.823287,0.738126,0.680567,0.76535,0.824306,0.744586,0.785444,0.757286,0.758926,0.813604,0.717496,0.781996,0.64747,0.642966,0.601006,0.771939	0.152746,0.310435,0.0119504,0.323037,-0.133281,0.0788197,0.0881527,-0.0570114,-0.0930719,-0.0680568,0.106618,0.0131613,-0.0640509,-0.0313978,-0.0751734,-0.130161,-0.145922,0.0916791,0.00821389,-0.0257694
0.890714,0.730336,0.735572,0.76753,0.868641,0.773632,0.722683,0.82757,0.729891,0.682902,0.820894,0.649511,0.824107,0.735813,0.682433,0.576381,0.661193,0.543061,0.651354,0.767752	0.913758,0.722402,0.738831,0.773578,0.864108,0.780505,0.712632,0.818326,0.701478,0.704949,0.822539,0.691892,0.808566,0.74917,0.65574,0.596512,0.644196,0.563986,0.71176,0.786346	-0.123826,0.016795,-0.00713682,-0.0148895,0.0181744,-0.017348,0.020724,0.0286369,0.0582233,-0.0425136,-0.0050641,-0.0769715,0.0465781,-0.0297648,0.0483126,-0.0306784,0.0296094,-0.0301637,-0.112616,-0.046919
0.703742,0.557618,0.475925,0.413744,0.513082,0.434802,0.434532,0.447492,0.383407,0.417385,0.562943,0.397753,0.363257,0.29367,0.438228,0.351852,0.295186,0.272294,0.386519,0.370458	0.742054,0.599363,0.447441,0.383323,0.528946,0.504324,0.439202,0.465387,0.347762,0.447841,0.571612,0.419061,0.410113,0.361058,0.373137,0.364387,0.313123,0.286791,0.463511,0.423937	-0.0801873,-0.0627007,0.0361911,0.0361555,-0.0217731,-0.0890487,-0.0057714,-0.0226018,0.0411288,-0.0374581,-0.0127813,-0.02557,-0.0550587,-0.075381,0.0778152,-0.0143786,-0.0197634,-0.0157248,-0.0937959,-0.0634426
0.781179,0.544832,0.507273,0.529056,0.657217,0.443127,0.489329,0.545682,0.488461,0.466233,0.656556,0.488744,0.518263,0.433643,0.537932,0.354748,0.358831,0.326245,0.475845,0.563636	0.794943,0.57096,0.462663,0.47564,0.639868,0.51116,0.455997,0.550577,0.427038,0.421637,0.647677,0.515747,0.560309,0.486554,0.472761,0.350244,0.400875,0.351174,0.544203,0.574907	-0.0363138,-0.0379259,0.0582905,0.0713779,0.0299393,-0.0879554,0.0429059,-0.0069964,0.0776121,0.0555083,0.0154493,-0.0361032,-0.0592516,-0.0670608,0.0873983,0.00514292,-0.0491075,-0.0281543,-0.0922458,-0.0166744
-0.724809,-0.607665,-0.390297,-0.5738,-0.543999,-0.483068,-0.564028,-0.37859,-0.374863,-0.607526,-0.230549,-0.456927,-0.637071,-0.323511,-0.36276,-0.320944,-0.367479,-0.357558,-0.214945,-0.487365	-0.0156847,-0.057358,0.0164325,-0.260999,0.0219908,-0.02977,-0.0487762,0.0188845,-0.052005,-0.0269824,0.129007,-0.0212241,-0.0361212,0.0432292,-0.0248418,-0.00514642,-0.00306456,-0.00828025,0.0940449,-0.00465028	-0.717278,-0.57018,-0.404137,-0.367897,-0.559299,-0.459911,-0.529828,-0.394653,-0.329277,-0.590218,-0.34917,-0.439969,-0.615104,-0.361682,-0.340991,-0.31632,-0.364825,-0.350314,-0.302868,-0.483812
-0.722272,-0.580133,-0.386276,-0.475002,-0.526771,-0.457369,-0.578705,-0.407644,-0.384739,-0.632164,-0.226612,-0.475135,-0.64397,-0.319783,-0.362951,-0.354118,-0.439681,-0.363297,-0.231739,-0.494455	-0.0335352,-0.0473479,0.00842823,-0.197534,0.069367,-0.0350155,-0.0707925,0.00490035,-0.0786198,-0.0455196,0.0879098,-0.0303261,-0.0140547,0.0447979,-0.00744304,-0.0172126,-0.0166891,-0.0458219,0.0600143,-0.0115806	-0.705833,-0.547833,-0.393424,-0.306198,-0.575123,-0.429227,-0.529609,-0.411722,-0.315667,-0.604026,-0.308379,-0.451312,-0.635668,-0.359432,-0.35647,-0.338971,-0.426119,-0.322849,-0.287751,-0.485655
0.723358,0.559286,0.463932,0.428306,0.513661,0.428442,0.42081,0.443817,0.371462,0.400484,0.568627,0.408672,0.345339,0.295022,0.410338,0.357933,0.264441,0.269093,0.40652,0.369992	0.735557,0.609172,0.432316,0.392173,0.534116,0.490524,0.435778,0.471024,0.363716,0.408494,0.575482,0.388523,0.408093,0.349252,0.372015,0.351224,0.29898,0.263855,0.422298,0.405383	-0.0260713,-0.0756646,0.0395484,0.0434276,-0.0281893,-0.0786013,-0.0183292,-0.034397,0.00895591,-0.00957715,-0.0101892,0.0239518,-0.073048,-0.0604594,0.0452278,0.00767336,-0.0375041,0.00563798,-0.019048,-0.0416367
0.794328,0.5461,0.500825,0.539768,0.658624,0.433969,0.469379,0.541172,0.471548,0.464657,0.651333,0.494785,0.494506,0.449018,0.520449,0.372603,0.309368,0.339948,0.490505,0.567687	0.782821,0.58048,0.453161,0.480322,0.645987,0.494515,0.446379,0.555534,0.438055,0.398068,0.640656,0.479672,0.552125,0.488263,0.482074,0.348444,0.367661,0.345001,0.498041,0.560723	0.0304276,-0.0503366,0.0616573,0.0802511,0.0219941,-0.0770904,0.0290964,-0.020536,0.0422127,0.0817005,0.0183226,0.0198159,-0.0792601,-0.0502648,0.051228,0.0277647,-0.0657746,-0.00572419,-0.0099717,0.0102168
-0.708655,-0.608687,-0.385783,-0.571908,-0.54619,-0.487922,-0.562658,-0.389067,-0.383962,-0.590017,-0.22991,-0.440624,-0.639414,-0.30879,-0.360155,-0.290088,-0.396215,-0.365921,-0.167271,-0.478782	-0.00371568,-0.0547703,0.0220247,-0.261313,0.0237414,-0.0434095,-0.0372407,0.00680771,-0.0410737,-0.00793665,0.126714,-0.0183252,-0.0271199,0.0462455,-0.00318771,0.010224,-0.0294971,-0.0383267,0.10209,-0.00293831	-0.7068,-0.57302,-0.404372,-0.365168,-0.562635,-0.454131,-0.536662,-0.394829,-0.348382,-0.584819,-0.346529,-0.425736,-0.623099,-0.350037,-0.357377,-0.299424,-0.371055,-0.332254,-0.264839,-0.476514
-0.706168,-0.573123,-0.373843,-0.477679,-0.52637,-0.456828,-0.57949,-0.422661,-0.382965,-0.618478,-0.214381,-0.450287,-0.644663,-0.311626,-0.356957,-0.316444,-0.465463,-0.379781,-0.179468,-0.482485	-0.0199126,-0.0290858,0.0258731,-0.205387,0.0766293,-0.0412843,-0.0662081,-0.0128937,-0.0504043,-0.0373757,0.100485,-0.0106894,-0.0064376,0.038791,0.0186992,0.0088502,-0.0423832,-0.0834606,0.0781485,-0.00605864	-0.696043,-0.553259,-0.395887,-0.301912,-0.57962,-0.423532,-0.53376,-0.412013,-0.339106,-0.594853,-0.308226,-0.441724,-0.640885,-0.346231,-0.373166,-0.324385,-0.431594,-0.30602,-0.254053,-0.477824
0.695746,0.527062,0.435245,0.445417,0.504346,0.443116,0.449358,0.482833,0.378266,0.464842,0.561719,0.378137,0.318748,0.31063,0.409288,0.312854,0.258962,0.247765,0.338495,0.374141	0.67139,0.511022,0.420994,0.422729,0.471469,0.442248,0.412172,0.469613,0.352961,0.389348,0.543842,0.383429,0.314292,0.294579,0.410243,0.295861,0.282701,0.257954,0.330448,0.332679	0.0457064,0.0219537,0.0174478,0.0279505,0.0431325,0.0010794,0.0456384,0.0170964,0.0292044,0.0921761,0.0257412,-0.0061887,0.00495279,0.0176678,-0.00114794,0.0187267,-0.0256138,-0.0108851,0.0090609,0.0473565
-0.690919,-0.617075,-0.379128,-0.581501,-0.572196,-0.466489,-0.537862,-0.365691,-0.386015,-0.583239,-0.222991,-0.403249,-0.628351,-0.30183,-0.353786,-0.299081,-0.364896,-0.333159,-0.190475,-0.481657	0.0372483,-0.119274,0.0616013,-0.245533,-0.0440322,-0.0621624,-0.0125852,0.0230527,-0.0384416,0.00529824,0.122674,0.049627,-0.0264937,0.0246434,0.0358888,0.00506259,-0.00949527,0.0167264,0.0609225,-0.0300543	-0.709898,-0.53735,-0.430671,-0.391926,-0.541815,-0.416401,-0.528857,-0.385494,-0.352808,-0.586724,-0.336461,-0.443991,-0.612046,-0.324063,-0.384789,-0.303684,-0.356637,-0.347947,-0.248514,-0.458236
-0.682854,-0.599863,-0.369071,-0.503332,-0.550307,-0.443941,-0.543438,-0.389882,-0.385872,-0.609593,-0.226557,-0.411338,-0.6335,-0.304588,-0.339162,-0.334409,-0.430464,-0.326646,-0.193692,-0.485334	0.0361535,-0.127779,0.0639048,-0.211377,0.00716849,-0.0742441,-0.0196988,0.019542,-0.0524825,-0.014594,0.0754979,0.0600931,-0.00595093,0.0172603,0.0723533,-0.0069788,-0.0150177,-0.00803085,0.0471409,-0.0295419	-0.701685,-0.511273,-0.422999,-0.326714,-0.555285,-0.382297,-0.529407,-0.406328,-0.340281,-0.60034,-0.296976,-0.460059,-0.629924,-0.320165,-0.401659,-0.328196,-0.418149,-0.319453,-0.238654,-0.462422
-0.714936,-0.623005,-0.402494,-0.56778,-0.563225,-0.496335,-0.560916,-0.391442,-0.386054,-0.611462,-0.238881,-0.418873,-0.628989,-0.320601,-0.380837,-0.295429,-0.366883,-0.331267,-0.202444,-0.485103	-0.00837517,-0.119562,0.0471457,-0.210865,-0.00138211,-0.116488,-0.0256779,-0.00555842,-0.0213469,-0.00564576,0.117933,0.0257997,-0.0396005,0.013349,-0.00167103,0.0259291,-0.0355666,0.0136319,0.0522262,-0.00860421	-0.710817,-0.543961,-0.441266,-0.405458,-0.56228,-0.403157,-0.543059,-0.386725,-0.367738,-0.607914,-0.347037,-0.439919,-0.604444,-0.332526,-0.379408,-0.318915,-0.335696,-0.343348,-0.252005,-0.478496
-0.713599,-0.602974,-0.399884,-0.478284,-0.545901,-0.480673,-0.564048,-0.427667,-0.388083,-0.636999,-0.243006,-0.43077,-0.634392,-0.320837,-0.37448,-0.315811,-0.435158,-0.319511,-0.212989,-0.489882	-0.0255839,-0.121147,0.0379291,-0.164199,0.0425803,-0.134083,-0.0276378,-0.0290772,-0.0367344,-0.020952,0.0672055,0.0328825,-0.0180841,0.00926492,0.0255382,0.0295852,-0.0471771,-0.00250298,0.0291073,-0.00867309	-0.70081,-0.519798,-0.431272,-0.340854,-0.575113,-0.370467,-0.544905,-0.403608,-0.35643,-0.62438,-0.305227,-0.457176,-0.623461,-0.329123,-0.396229,-0.342199,-0.396113,-0.317261,-0.240605,-0.483263
0.82934,0.743201,0.566876,0.876452,0.767549,0.777288,0.713801,0.725612,0.837054,0.704818,0.824165,0.742119,0.706886,0.801192,0.674152,0.734336,0.533132,0.684037,0.625525,0.744845	0.787099,0.663874,0.569367,0.707737,0.792687,0.7101,0.687599,0.765087,0.815382,0.76074,0.767837,0.775157,0.723015,0.801681,0.703231,0.782523,0.654064,0.629266,0.617304,0.758804	0.121653,0.156584,-0.00367816,0.444334,-0.0641971,0.149956,0.0514583,-0.0887385,0.0682634,-0.120568,0.153408,-0.0777843,-0.0329895,-0.00136702,-0.0552922,-0.113284,-0.185678,0.0961638,0.0133919,-0.0321035
0.139706,0.00691789,-0.0381105,0.0496893,0.012354,-0.0182912,-0.03612,-0.00402719,-0.0188385,-0.052254,0.020412,-0.000518289,-0.0522951,-0.00226326,-0.0447329,-0.00142214,-0.0653214,-0.00603012,0.0315508,-0.0154733	-0.657797,-0.284648,-0.495175,-0.586339,-0.70424,-0.53466,-0.490306,-0.667171,-0.528251,-0.470752,-0.546284,-0.413399,-0.681086,-0.569752,-0.443997,-0.326951,-0.518955,-0.376939,-0.424191,-0.601901	0.730383,0.290993,0.465856,0.618022,0.710413,0.521468,0.462374,0.664931,0.514533,0.429052,0.560447,0.412969,0.652014,0.568221,0.407355,0.32568,0.469551,0.371753,0.449723,0.59194
0.0770427,0.00419102,-0.0163957,0.0291068,0.0282576,-0.025666,-0.0471891,-0.00759934,-0.0287637,-0.0171613,-0.0316556,-0.0162357,-0.0736705,0.0373657,-0.0279566,0.0184946,-0.105871,0.0227358,0.0191501,0.0060886	-0.574739,-0.327833,-0.477762,-0.516472,-0.605317,-0.53445,-0.473866,-0.607813,-0.460059,-0.454639,-0.484793,-0.321736,-0.59671,-0.456658,-0.332773,-0.327635,-0.467875,-0.289794,-0.336712,-0.445142	0.624145,0.331568,0.465009,0.537498,0.62292,0.51586,0.436436,0.602999,0.437079,0.440918,0.460199,0.307105,0.547089,0.485735,0.307679,0.344045,0.380871,0.310484,0.353582,0.450011
0.146335,-0.0127549,0.017547,0.0132956,-0.0136378,-0.00731689,-0.00466738,-0.0650231,-0.0341524,0.0658902,0.000876456,0.077586,-0.0300593,0.0365047,-0.0139012,0.0562324,-0.070093,-0.00950552,0.128392,0.0486326	-0.886412,-0.727854,-0.720234,-0.801375,-0.866346,-0.785778,-0.726862,-0.844482,-0.725943,-0.679552,-0.80044,-0.641254,-0.825115,-0.716103,-0.663703,-0.582005,-0.678592,-0.565326,-0.617348,-0.761882	0.914167,0.7218,0.728574,0.806082,0.862903,0.782962,0.724653,0.824747,0.709378,0.713495,0.800755,0.684771,0.815276,0.733435,0.655853,0.618011,0.638888,0.558823,0.690972,0.781556
0.147803,0.00863335,0.0422068,-0.00615944,0.00102973,0.00526722,-0.0153479,-0.0810135,-0.000292942,0.051157,0.0362954,0.101291,-0.0338389,0.018108,-0.00688074,0.071976,-0.0656634,-0.0190351,0.143471,0.0557132	-0.885823,-0.720991,-0.715987,-0.798951,-0.860332,-0.78525,-0.736795,-0.85038,-0.723734,-0.685599,-0.799224,-0.634517,-0.82426,-0.720775,-0.654232,-0.581341,-0.681569,-0.587625,-0.618109,-0.760868	0.913964,0.725111,0.735954,0.796712,0.8606,0.787261,0.729699,0.826292,0.723595,0.711791,0.811966,0.691372,0.8131,0.729364,0.650279,0.627078,0.644761,0.575022,0.699544,0.783374
-0.326039,-0.050906,-0.0829523,-0.127148,-0.310623,-0.0216298,-0.05367,-0.121119,-0.144827,-0.0223867,-0.213579,-0.180817,-0.316052,-0.177174,-0.154992,-0.0648446,-0.138664,-0.108745,-0.246988,-0.316145	-0.13967,-0.104813,-0.0746308,0.0416364,-0.0921159,-0.004021,-0.0200174,0.0344422,-0.0220727,-0.0291008,-0.0373761,-0.0403698,-0.097631,-0.0108831,-0.013098,-0.0818453,-0.0235439,-0.0215589,-0.115428,-0.0706434	-0.19526,0.0541962,-0.00837333,-0.167895,-0.224943,-0.0176103,-0.0336887,-0.154915,-0.123148,0.00671851,-0.177621,-0.14148,-0.225376,-0.166612,-0.142182,0.0170914,-0.115497,-0.0873914,-0.135421,-0.25111
0.132081,-0.00125635,0.0138297,-0.0106858,-0.0429574,0.0600658,0.0359315,0.0275057,-0.0243636,0.0623801,0.00856858,0.0934326,0.0616242,0.0545025,-0.014941,0.0256108,0.0137467,0.0393518,0.0527383,0.0397544	-0.68788,-0.588859,-0.439947,-0.502919,-0.544495,-0.472375,-0.431289,-0.441425,-0.385464,-0.406983,-0.51775,-0.357156,-0.365382,-0.278797,-0.398414,-0.353543,-0.300588,-0.261171,-0.359006,-0.380728	0.751667,0.588038,0.451032,0.494892,0.51355,0.517751,0.46009,0.463305,0.364524,0.457742,0.523994,0.436038,0.417603,0.328311,0.385769,0.375752,0.313041,0.297465,0.404093,0.414213
0.148458,-0.0217628,0.0276628,-0.0434959,-0.0394405,0.0516038,0.0471587,0.0384565,-0.0114969,0.0606765,-0.00164411,0.111345,0.0598243,0.0454141,0.00464655,0.0250705,0.0211016,0.0523421,0.0758777,0.0464447	-0.683584,-0.597546,-0.435313,-0.505412,-0.529209,-0.482926,-0.434704,-0.442281,-0.392727,-0.414222,-0.540174,-0.350414,-0.360251,-0.28465,-0.373926,-0.359754,-0.300637,-0.276104,-0.360115,-0.379445	0.755383,0.58337,0.457467,0.472298,0.500209,0.521533,0.472183,0.472698,0.382959,0.463255,0.539008,0.444419,0.411213,0.325852,0.377916,0.381384,0.31971,0.323767,0.424397,0.418515
0.0441,-0.0234925,-0.0227722,-0.00486941,-0.0588558,0.0025812,-0.0225031,-0.0231672,-0.0388277,-0.0381676,-0.0263058,0.0864714,0.0562809,0.0299608,-0.0572439,0.0274568,0.016644,0.0501382,0.0371845,0.0119918	-0.777739,-0.577051,-0.472262,-0.583288,-0.664136,-0.509859,-0.489206,-0.560392,-0.476448,-0.460711,-0.622765,-0.463024,-0.52675,-0.428449,-0.516828,-0.339074,-0.383813,-0.319126,-0.469669,-0.562596	0.794586,0.561165,0.454376,0.580067,0.629902,0.511767,0.471897,0.544291,0.445869,0.430107,0.606393,0.528342,0.566244,0.4526,0.473596,0.36315,0.397915,0.363449,0.498154,0.570738
0.0446665,-0.0365886,-0.0222522,-0.0233313,-0.0629064,-0.0149484,-0.0067369,-0.0340924,-0.0262783,-0.0362971,-0.0424658,0.103473,0.0559177,0.0229138,-0.0460656,0.0424729,0.0210369,0.0727992,0.0503003,0.0196135	-0.778577,-0.582119,-0.470859,-0.580979,-0.655563,-0.526086,-0.48924,-0.572964,-0.485263,-0.465209,-0.641486,-0.458899,-0.52282,-0.430854,-0.502852,-0.331852,-0.3858,-0.326841,-0.473897,-0.560098	0.795576,0.557403,0.453357,0.56531,0.618149,0.515189,0.484099,0.549608,0.464913,0.436279,0.615795,0.536879,0.562299,0.449332,0.467619,0.369123,0.403561,0.390353,0.511993,0.573412
0.943835,0.875538,0.758367,0.872645,0.880861,0.861015,0.874616,0.861369,0.91549,0.909592,0.857405,0.87528,0.887746,0.864589,0.797124,0.842623,0.753809,0.785296,0.731779,0.88019	0.936182,0.880556,0.751546,0.904303,0.913503,0.855635,0.861932,0.849299,0.892083,0.899476,0.819846,0.868668,0.900934,0.866477,0.81223,0.832262,0.743106,0.751318,0.698361,0.874741	0.0657554,-0.0219082,0.0158591,-0.150137,-0.167109,0.0204336,0.0515313,0.0449612,0.127696,0.0556264,0.126435,0.0275866,-0.0658759,-0.00752478,-0.0428486,0.0346855,0.0243337,0.0828728,0.0683457,0.0236861
-0.360953,-0.0553393,-0.0719529,-0.142867,-0.32048,-0.00798078,-0.0245052,-0.117677,-0.129565,-0.010846,-0.200345,-0.169825,-0.283311,-0.196062,-0.135116,-0.0785723,-0.0733646,-0.122568,-0.262058,-0.314821	-0.199722,-0.112016,-0.0516284,0.0157519,-0.0982592,0.00593481,0.00236204,0.0360375,-0.0104764,0.00468598,-0.049308,-0.0395171,-0.0687594,-0.00971604,0.0196116,-0.081781,0.0179546,-0.0169875,-0.139029,-0.0609369	-0.173757,0.05703,-0.0204003,-0.158263,-0.229446,-0.0139149,-0.0268657,-0.153065,-0.119251,-0.0155312,-0.152544,-0.131188,-0.218814,-0.186702,-0.154318,0.00322947,-0.091199,-0.105801,-0.127681,-0.25885
0.0673295,0.00822894,0.00355271,-0.0171691,-0.0382253,0.062932,0.038692,0.052349,-0.00580791,0.0200043,0.0081745,0.0425039,0.0724101,0.0362142,-0.00566369,-0.013582,0.0554088,0.0452234,-0.0308257,0.0168988	-0.708302,-0.594431,-0.427248,-0.513897,-0.545535,-0.463415,-0.420577,-0.435024,-0.378262,-0.397292,-0.52397,-0.367691,-0.348677,-0.282379,-0.377105,-0.363173,-0.264722,-0.253714,-0.382949,-0.378276	0.740326,0.599726,0.430148,0.50115,0.518114,0.511432,0.451915,0.476521,0.373274,0.414006,0.529875,0.403883,0.410717,0.315368,0.372237,0.351324,0.315503,0.295547,0.35633,0.392664
0.083224,-0.0285526,0.00321037,-0.0408032,-0.0400202,0.0477601,0.0563895,0.0688507,-0.0114223,0.0271125,-0.0213128,0.0444825,0.072189,0.0363732,0.0090122,-0.0249146,0.0596405,0.0645044,-0.0185968,0.0202447	-0.704807,-0.604559,-0.426913,-0.514211,-0.532046,-0.474661,-0.423252,-0.433672,-0.389214,-0.401169,-0.54958,-0.36351,-0.343258,-0.286416,-0.353848,-0.372964,-0.266187,-0.267509,-0.386703,-0.378433	0.744368,0.586124,0.429535,0.483554,0.50273,0.51084,0.468461,0.487953,0.379479,0.423673,0.534529,0.401501,0.405402,0.319461,0.361707,0.351314,0.320735,0.326381,0.370772,0.395646
-0.0353673,-0.0147978,-0.0326884,-0.0121898,-0.0533857,0.00638291,-0.0192925,0.00566306,-0.0182651,-0.0796756,-0.0267111,0.0279684,0.0683807,0.00861686,-0.046144,-0.0112178,0.0597484,0.0571648,-0.057145,-0.0162435	-0.79244,-0.582076,-0.466037,-0.590696,-0.667522,-0.497435,-0.47295,-0.552279,-0.463896,-0.465173,-0.617289,-0.467577,-0.504737,-0.447994,-0.502441,-0.357649,-0.327891,-0.326661,-0.489134,-0.566688	0.778903,0.572207,0.440053,0.582702,0.63683,0.502223,0.457835,0.556203,0.449439,0.400336,0.600479,0.489149,0.553997,0.454855,0.467127,0.347827,0.380191,0.37679,0.444411,0.555559
-0.03636,-0.0435963,-0.0463113,-0.0201025,-0.0640153,-0.0173302,0.00277806,0.0018204,-0.0259763,-0.0684201,-0.0637116,0.0265651,0.069933,0.0125201,-0.0401794,-0.00587027,0.061146,0.0871804,-0.0560221,-0.0128231	-0.793904,-0.589481,-0.468949,-0.585919,-0.66039,-0.514271,-0.471792,-0.561939,-0.477022,-0.466051,-0.639422,-0.466548,-0.500627,-0.447948,-0.489014,-0.351674,-0.332433,-0.333864,-0.497275,-0.566424	0.780062,0.560283,0.43202,0.572561,0.6227,0.50141,0.473948,0.563184,0.456705,0.410728,0.60016,0.487077,0.55126,0.4579,0.45783,0.346519,0.385738,0.409136,0.453898,0.557652
0.936726,0.8667,0.742481,0.875881,0.878085,0.85961,0.875665,0.864534,0.912997,0.910517,0.849547,0.867713,0.887403,0.866263,0.796859,0.828354,0.760767,0.791076,0.700393,0.87901	0.929568,0.881619,0.746872,0.900764,0.914246,0.859501,0.858202,0.848217,0.90508,0.893075,0.827055,0.873839,0.899306,0.859769,0.815996,0.826888,0.753138,0.75108,0.675807,0.87648	0.0553857,-0.0632408,-0.00985732,-0.117905,-0.183356,0.000414038,0.0702731,0.0611852,0.0455917,0.0933531,0.0756361,-0.0253389,-0.0589435,0.0254433,-0.0547145,0.00465506,0.0178649,0.0985528,0.0466824,0.0110193
-0.0863422,-0.0213608,-0.0340223,0.00652739,-0.00417052,-0.0551576,-0.0564102,-0.0485602,-0.0108842,-0.0989908,-0.0310898,-0.0172807,-0.0141922,-0.0286543,-0.035372,0.00206418,0.00165698,0.00802326,-0.0185427,-0.028826	-0.701922,-0.551818,-0.418796,-0.514682,-0.500534,-0.503845,-0.459331,-0.492121,-0.377715,-0.463516,-0.518083,-0.366892,-0.330869,-0.302785,-0.408369,-0.292714,-0.280847,-0.241423,-0.310417,-0.369887	0.655294,0.536784,0.390335,0.519464,0.497402,0.461513,0.413638,0.45442,0.368345,0.382055,0.494965,0.351842,0.318171,0.27653,0.378464,0.2946,0.282373,0.248964,0.293564,0.344736
-0.101371,-0.0147718,-0.0462101,0.0238132,-0.0106713,-0.0634472,-0.0524269,-0.068575,-0.0121385,-0.095168,-0.0350338,-0.0206656,-0.0128295,-0.0255461,-0.0447505,0.0170247,-0.00153516,0.0163405,-0.0290668,-0.0293362	-0.706817,-0.552764,-0.420745,-0.503071,-0.489102,-0.515607,-0.461666,-0.504185,-0.388036,-0.466914,-0.538181,-0.366692,-0.324204,-0.304966,-0.396201,-0.28712,-0.285753,-0.25276,-0.324663,-0.370035	0.652175,0.542422,0.381961,0.520647,0.480941,0.467452,0.41939,0.45121,0.377676,0.389032,0.512817,0.348668,0.312675,0.281614,0.357795,0.302665,0.284342,0.267994,0.298412,0.344438
0.932254,0.883441,0.743419,0.890076,0.884141,0.859385,0.862869,0.850843,0.909453,0.904343,0.861578,0.865777,0.889682,0.86937,0.78285,0.834803,0.746964,0.778319,0.704762,0.876329	0.932043,0.875366,0.747536,0.897539,0.918515,0.846451,0.858371,0.847249,0.897169,0.892387,0.815635,0.873719,0.901786,0.862767,0.815062,0.823895,0.743197,0.754933,0.691126,0.876805	0.0016141,0.0356263,-0.00926705,-0.037105,-0.182936,0.0474484,0.0173453,0.0128744,0.0667398,0.0619545,0.154551,-0.0326104,-0.0612221,0.0264174,-0.0890027,0.0349379,0.00846887,0.0567056,0.0265842,-0.00205477
0.938494,0.881959,0.759203,0.880665,0.886427,0.868366,0.869908,0.863998,0.908964,0.909593,0.865164,0.868523,0.889443,0.872254,0.798503,0.822284,0.75262,0.771457,0.715941,0.879823	0.931043,0.878474,0.752599,0.900412,0.915983,0.849687,0.869166,0.845081,0.895895,0.901202,0.817202,0.873637,0.902691,0.868682,0.821468,0.825328,0.745659,0.756277,0.692417,0.879811	0.0590295,0.0154747,0.0154091,-0.0953742,-0.15717,0.0712477,0.00304297,0.0701036,0.0703952,0.0465448,0.163698,-0.0212013,-0.0672107,0.0147425,-0.0667492,-0.0094714,0.0158654,0.0364426,0.0466483,5.15219e-05
