APHP	APLP	GH	372.024	113.12	118.277	199.961	158.236	159.815	194.412	412.105	-101.595
APHP	APLP	GL	407.925	120.956	109.109	564.704	158.236	187.684	576.718	458.84	-101.262
APHP	APLP	MADHP	493.64	102.123	94.6065	504.944	158.236	293.688	512.444	555.216	-101.262
APHP	APLP	MADLP	488.364	103.342	97.0743	517.463	158.236	287.125	523.751	547.622	-101.262
APHP	APLP	OH	483.394	105.03	98.371	168.962	158.236	278.711	175.952	542.048	-101.262
APHP	APLP	OL	493.88	104.525	95.6676	293.671	158.236	290.155	302.654	554.638	-101.262
APHP	APLP	TACHP	426.151	107.029	101.384	405.277	158.236	218.679	410.377	483.681	-101.262
APHP	APLP	TACLP	425.792	106.821	100.798	503.001	158.236	217.949	508.769	484.141	-101.262
APHP	GH	GL	124.275	96.2097	391.08	564.704	199.961	187.684	269.603	-64.5196	160.148
APHP	GH	MADHP	317.1	184.487	176.34	504.944	199.961	293.688	514.656	341.853	160.148
APHP	GH	MADLP	316.349	190.231	178.055	517.463	199.961	287.125	529.053	340.031	160.148
APHP	GH	OH	307.9	188.44	184.132	168.962	199.961	278.711	172.7	324.519	160.148
APHP	GH	OL	317.25	186.799	180.479	293.671	199.961	289.377	299.537	337.264	159.815
APHP	GH	TACHP	245.039	184.821	210.905	403.762	199.961	218.679	377.995	236.978	160.148
APHP	GH	TACLP	250.075	190.008	205.81	503.001	199.961	217.616	487.305	246.561	159.815
APHP	GL	MADHP	302.771	198.224	175.23	504.944	564.704	293.354	530.498	691.716	188.351
APHP	GL	MADLP	304.608	206.556	177.593	517.463	564.704	286.792	546.574	691.295	187.351
APHP	GL	OH	292.818	201.423	186.117	168.962	564.704	278.711	184.054	671.061	187.684
APHP	GL	OL	304.667	202.281	179.56	293.671	564.704	289.822	314.442	689.372	187.351
APHP	GL	TACHP	215.058	182.905	238.496	403.765	564.704	218.107	348.298	540.641	187.684
APHP	GL	TACLP	221.839	189.837	232.777	503.001	564.704	217.949	460.07	553.189	187.684
APHP	MADHP	MADLP	85.3567	91.8521	544.288	517.463	504.944	287.125	64.907	46.3249	293.688
APHP	MADHP	OH	163.56	176.713	355.367	168.962	505.944	278.711	-11.5434	315.393	293.688
APHP	MADHP	OL	137.112	139.274	427.18	293.671	504.944	290.155	5.9349	217.205	293.688
APHP	MADHP	TACHP	220.806	293.201	166.044	403.944	504.944	218.679	530.39	560.323	293.688
APHP	MADHP	TACLP	220.427	292.972	163.481	503.001	504.944	217.949	632.825	562.567	293.688
APHP	MADLP	OH	166.775	173.433	357.893	168.962	517.463	278.711	-15.7337	325.404	287.125
APHP	MADLP	OL	138.128	133.795	431.798	293.671	517.463	290.155	-4.16359	222.193	287.125
APHP	MADLP	TACHP	226.285	292.184	168.277	403.427	517.463	218.679	527.665	575.804	287.125
APHP	MADLP	TACLP	226.126	292.176	165.948	503.001	517.463	217.949	629.488	578.355	286.125
APHP	OH	OL	180.331	169.339	348.339	293.671	168.962	290.155	114.785	-1.13098	278.711
APHP	OH	TACHP	218.524	277.765	178.986	404.249	168.962	218.679	503.347	207.851	278.711
APHP	OH	TACLP	217.974	277.367	176.091	503.001	168.962	217.616	604.348	209.87	278.378
APHP	OL	TACHP	223.007	293.24	166.406	402.94	293.671	218.679	529.829	350.5	290.155
APHP	OL	TACLP	221.514	291.898	164.627	503.001	293.671	217.949	630.246	350.418	290.155
APHP	TACHP	TACLP	52.1062	52.2572	470.274	503.001	403.094	217.949	84.4633	-12.3724	218.679
APLP	GH	GL	134.15	89.0809	395.798	576.718	194.412	458.84	269.603	-64.5196	412.105
APLP	GH	MADHP	324.848	179.561	178.93	512.444	194.412	555.216	514.656	341.853	412.105
APLP	GH	MADLP	324.541	186.999	181.091	523.751	194.412	547.622	529.053	340.031	412.105
APLP	GH	OH	315.988	184.712	187.062	175.952	194.412	542.048	172.7	324.519	412.105
APLP	GH	OL	325.749	181.283	183.821	302.654	194.412	554.638	299.537	337.264	412.105
APLP	GH	TACHP	253.234	182.214	213.942	408.343	194.412	483.681	377.059	236.978	412.105
APLP	GH	TACLP	258.373	187.126	208.951	508.769	194.412	484.141	487.305	246.561	412.105
APLP	GL	MADHP	298.669	198.452	182.974	512.444	576.718	555.216	530.498	691.716	458.84
APLP	GL	MADLP	301.478	209.005	186.309	523.751	576.718	547.622	546.574	691.295	458.84
APLP	GL	OH	289.019	202.812	194.165	175.952	576.718	542.048	184.054	671.061	458.84
APLP	GL	OL	301.566	202.17	188.306	302.654	576.718	554.638	314.442	689.372	458.84
APLP	GL	TACHP	212.704	186.753	247.989	409.379	576.718	483.681	349.631	540.641	458.84
APLP	GL	TACLP	219.877	193.699	242.662	508.769	576.718	484.141	460.07	553.189	458.84
APLP	MADHP	MADLP	83.862	91.606	550.309	523.751	513.444	547.622	64.907	46.6749	555.216
APLP	MADHP	OH	163.077	177.088	362.401	175.952	512.444	542.048	-11.5434	314.393	555.216
APLP	MADHP	OL	137.511	138.333	435.096	302.654	512.444	554.638	5.9349	217.205	555.216
APLP	MADHP	TACHP	220.297	294.564	173.052	411.01	512.444	483.681	530.862	560.323	555.216
APLP	MADHP	TACLP	219.784	293.824	170.355	508.769	512.444	484.141	632.825	562.567	555.216
APLP	MADLP	OH	167.157	173.424	364.542	175.952	523.751	542.048	-15.7337	325.404	547.622
APLP	MADLP	OL	139.354	132.431	439.291	302.654	523.751	554.638	-4.16359	222.193	547.622
APLP	MADLP	TACHP	227.27	293.793	175.53	411.01	523.751	483.681	528.681	575.804	547.622
APLP	MADLP	TACLP	226.801	293.097	172.891	508.769	523.751	484.141	629.488	578.355	547.622
APLP	OH	OL	181.678	168.488	356.345	302.654	175.952	554.638	114.785	-1.13098	542.048
APLP	OH	TACHP	217.159	277.415	184.279	408.043	175.952	483.681	502.024	207.851	542.048
APLP	OH	TACLP	216.356	276.385	181.131	508.769	175.952	484.141	604.348	209.87	542.048
APLP	OL	TACHP	220.687	294.132	172.943	410.01	302.654	483.681	530.829	350.5	554.638
APLP	OL	TACLP	218.674	291.892	170.644	508.769	302.654	484.141	630.246	350.418	554.638
APLP	TACHP	TACLP	53.2932	53.0661	477.105	508.769	412.01	484.141	84.4633	-11.9322	483.681
GH	GL	MADHP	507.344	99.7782	84.9316	514.656	269.603	341.853	530.498	691.716	-64.5196
GH	GL	MADLP	508.081	102.983	86.195	529.053	269.603	340.031	546.574	691.295	-64.5196
GH	GL	OH	491.714	101.141	90.1436	172.7	269.603	324.519	184.054	671.061	-64.5196
GH	GL	OL	507.15	103.574	87.1725	299.537	269.603	337.264	314.442	689.372	-64.5196
GH	GL	TACHP	387.39	86.4502	115.958	377.781	269.603	236.978	348.298	540.641	-64.5196
GH	GL	TACLP	399.358	88.2875	115.426	487.305	269.603	246.561	460.07	553.189	-64.5196
GH	MADHP	MADLP	88.0482	90.5157	555.127	529.053	514.656	340.031	64.907	45.6749	341.853
GH	MADHP	OH	159.389	176.381	359.343	172.7	514.656	324.519	-11.5434	314.527	341.853
GH	MADHP	OL	134.077	138.066	432.292	299.537	514.656	337.264	5.9349	217.205	341.853
GH	MADHP	TACHP	204.911	311.537	158.296	378.068	514.656	236.978	529.39	560.323	341.853
GH	MADHP	TACLP	208.691	305.187	159.893	487.305	514.656	246.561	632.825	562.567	341.853
GH	MADLP	OH	159.576	174.1	362.868	172.7	529.053	324.519	-15.7337	325.404	340.031
GH	MADLP	OL	130.767	132.29	436.613	299.537	529.053	337.264	-4.16359	222.193	340.031
GH	MADLP	TACHP	207.89	312.049	162.058	378.726	529.053	236.978	527.681	575.804	340.031
GH	MADLP	TACLP	211.523	305.551	163.52	487.305	529.053	246.561	629.488	578.355	340.031
GH	OH	OL	178.17	165.168	350.487	299.537	172.7	337.264	114.785	-1.13098	324.519
GH	OH	TACHP	206.097	295.731	170.867	378.654	172.7	236.978	502.699	207.851	324.519
GH	OH	TACLP	210.051	289.554	172.476	487.305	172.7	246.561	604.348	209.87	324.519
GH	OL	TACHP	207.248	309.885	156.968	379.392	299.537	236.978	531.259	350.5	337.264
GH	OL	TACLP	209.927	302.433	159.36	487.305	299.537	246.561	630.246	350.418	337.264
GH	TACHP	TACLP	56.0421	45.9116	448.126	487.305	376.67	246.561	84.4633	-13.1918	236.978
GL	MADHP	MADLP	86.459	86.9853	568.384	546.574	530.498	691.295	64.907	46.3249	691.716
GL	MADHP	OH	154.02	174.862	368.821	184.054	530.498	671.061	-11.5434	314.527	691.716
GL	MADHP	OL	129.671	132.106	442.733	314.442	530.498	689.372	5.9349	217.205	691.716
GL	MADHP	TACHP	182.53	333.51	150.762	348.631	531.498	540.641	529.196	561.323	691.716
GL	MADHP	TACLP	187.32	325.8	153.368	460.07	530.498	553.189	632.825	562.567	691.716
GL	MADLP	OH	153.819	174.134	373.899	184.054	546.574	671.061	-15.7337	325.404	691.295
GL	MADLP	OL	125.651	127.559	448.284	314.442	546.574	689.372	-4.16359	222.193	691.295
GL	MADLP	TACHP	185.102	335.556	156.058	349.298	546.574	540.641	528.181	575.804	691.295
GL	MADLP	TACLP	189.519	327.473	158.304	460.07	546.574	553.189	629.488	578.355	691.295
GL	OH	OL	177.327	158.92	360.641	314.442	184.054	689.372	114.785	-1.13098	671.061
GL	OH	TACHP	186.457	316.596	162.225	349.298	184.054	540.641	502.615	207.851	671.061
GL	OH	TACLP	191.7	309.339	165.123	460.07	184.054	553.189	604.348	209.87	671.061
GL	OL	TACHP	182.723	331.269	148.843	351.298	314.442	540.641	532.843	350.5	689.372
GL	OL	TACLP	186.496	322.542	152.332	460.07	314.442	553.189	630.246	350.418	689.372
GL	TACHP	TACLP	58.2012	45.7011	420.777	460.07	349.298	553.189	84.4633	-12.5252	540.641
MADHP	MADLP	OH	375.009	107.885	113.691	-11.5434	64.907	314.527	-15.7337	325.404	46.3249
MADHP	MADLP	OL	279.435	110.572	120.669	5.9349	64.907	217.205	-4.16359	222.193	46.3249
MADHP	MADLP	TACHP	592.998	79.3047	82.5544	529.196	64.907	560.323	527.015	575.804	45.6749
MADHP	MADLP	TACLP	593.382	77.5054	80.7683	632.825	64.907	562.567	629.488	578.355	45.6749
MADHP	OH	OL	176.884	275.145	166.239	5.9349	-11.5434	217.205	114.785	-1.13098	314.527
MADHP	OH	TACHP	391.354	144.785	173.163	530.862	-11.5434	560.323	503.389	207.851	314.393
MADHP	OH	TACLP	392.425	143.673	171.889	632.825	-11.5434	562.567	604.348	209.87	314.393
MADHP	OL	TACHP	471.733	126.903	127.226	531.39	5.9349	560.323	531.537	350.5	217.205
MADHP	OL	TACLP	471.053	124.04	126.261	632.825	5.9349	562.567	630.246	350.418	217.205
MADHP	TACHP	TACLP	44.8266	42.6429	590.151	632.825	531.862	562.567	84.4633	-10.9322	560.323
MADLP	OH	OL	176.169	278.721	159.718	-4.16359	-15.7337	222.193	114.785	-1.13098	325.404
MADLP	OH	TACHP	395.369	146.244	171.371	529.181	-15.7337	575.804	503.837	207.851	325.404
MADLP	OH	TACLP	396.524	145.228	170.181	629.488	-15.7337	578.355	604.348	209.87	325.404
MADLP	OL	TACHP	477.738	126.061	123.135	528.181	-4.16359	575.804	531.079	350.5	222.193
MADLP	OL	TACLP	477.167	123.319	122.277	629.488	-4.16359	578.355	630.246	350.418	222.193
MADLP	TACHP	TACLP	44.5602	42.3897	586.635	629.488	528.181	578.355	84.4633	-12.1405	575.804
OH	OL	TACHP	385.601	178.055	150.001	504.584	114.785	207.851	532.593	350.5	-1.13098
OH	OL	TACLP	385.844	175.953	149.958	604.348	114.785	209.87	630.246	350.418	-1.13098
OH	TACHP	TACLP	45.5725	43.2273	562.52	604.348	501.431	209.87	84.4633	-14.7655	207.851
OL	TACHP	TACLP	42.8604	42.5747	587.862	630.246	529.926	350.418	84.4633	-13.8072	350.5
