0.161478,0.178648,0.204025,0.254892,0.12175,0.160509,0.136285,0.118666,0.0762807,-0.0339942,0.0317788,0.108951,0.125762,0.16198,0.150471,0.122572,0.0498096,0.258689,0.185866,0.0899927	-0.170615,-0.353547,-0.233279,-0.229776,-0.342431,-0.269368,-0.203543,-0.211712,-0.312794,-0.371416,-0.266436,-0.211042,-0.127119,-0.249699,-0.268631,-0.404741,-0.311197,-0.301466,-0.298284,-0.406769	0.323189,0.500579,0.417436,0.457852,0.445603,0.412061,0.330655,0.322281,0.380007,0.341736,0.295711,0.3128,0.248901,0.395675,0.40282,0.502389,0.355496,0.519631,0.458718,0.479219
0.138796,0.145435,0.208731,0.313429,0.132648,0.195262,0.120131,0.0990822,0.0589628,-0.0409968,0.027548,0.182783,0.118848,0.18182,0.161673,0.101647,0.0519666,0.300574,0.199911,0.0909824	-0.245746,-0.320938,-0.235756,-0.248472,-0.35077,-0.220991,-0.229728,-0.196635,-0.291566,-0.401097,-0.263062,-0.0961939,-0.155882,-0.245573,-0.261332,-0.40459,-0.308113,-0.294364,-0.268356,-0.39802	0.371858,0.445575,0.423639,0.521303,0.461925,0.399034,0.340463,0.290066,0.344604,0.366121,0.288519,0.274156,0.269733,0.409126,0.405857,0.48624,0.354405,0.546578,0.444425,0.471913
-0.154952,-0.0472338,0.00563625,-0.0948079,-0.115524,0.0552328,-0.0273652,-0.147589,-0.0923128,-0.0910552,-0.100237,-0.0949913,-0.134617,-0.045605,-0.0661709,0.000110616,0.0142085,-0.0304383,-0.0164066,0.0151349	-0.710443,-0.682063,-0.635366,-0.623268,-0.612249,-0.444958,-0.513403,-0.552655,-0.586568,-0.625901,-0.483245,-0.468621,-0.500215,-0.545378,-0.587224,-0.610513,-0.600186,-0.61461,-0.589414,-0.560517	0.624207,0.655962,0.638715,0.561648,0.534533,0.488193,0.492964,0.44104,0.52255,0.567169,0.402504,0.391037,0.391994,0.51252,0.542118,0.610582,0.609199,0.595308,0.578603,0.570809
-0.155171,-0.0453723,-0.0150568,-0.104347,-0.100945,0.0510689,-0.0397508,-0.134603,-0.106519,-0.0933262,-0.109526,-0.0853655,-0.136572,-0.0491485,-0.0608527,-0.0123042,0.0244241,-0.019959,-0.0265757,0.0131408	-0.704444,-0.684098,-0.646954,-0.63518,-0.602502,-0.454922,-0.513746,-0.538546,-0.600514,-0.632629,-0.489204,-0.461523,-0.49365,-0.539155,-0.586046,-0.615848,-0.598967,-0.60415,-0.595383,-0.566338	0.616682,0.659186,0.638113,0.568513,0.534037,0.494503,0.483877,0.435514,0.527753,0.573142,0.401173,0.391585,0.382892,0.503345,0.544616,0.608152,0.614403,0.591321,0.577952,0.575198
-0.0848695,-0.00163832,0.0278032,-0.0803511,-0.0816402,0.0514723,-0.0251758,-0.119065,-0.0774156,-0.0674903,-0.117392,-0.0898342,-0.125242,-0.0452628,-0.0527888,0.00528327,0.0159663,-0.0352038,-0.0208893,0.0327648	-0.665635,-0.633217,-0.602717,-0.604174,-0.571976,-0.455872,-0.508079,-0.530253,-0.580731,-0.606647,-0.484195,-0.482179,-0.496145,-0.542323,-0.589101,-0.623434,-0.578687,-0.623654,-0.59369,-0.549842	0.615538,0.632234,0.620128,0.55055,0.514355,0.495712,0.489161,0.438897,0.527008,0.562174,0.388909,0.410109,0.395477,0.509568,0.553526,0.626653,0.58921,0.60166,0.579994,0.572297
-0.140227,-0.0331487,0.00529427,-0.100862,-0.0829962,0.0495007,-0.0337427,-0.121088,-0.0784641,-0.0748738,-0.116821,-0.0833734,-0.124945,-0.0493795,-0.0721185,0.00430081,0.0104124,-0.0238611,-0.0161138,0.034436	-0.70826,-0.66919,-0.629203,-0.623252,-0.5803,-0.460768,-0.508477,-0.53837,-0.577031,-0.611358,-0.479064,-0.463817,-0.480008,-0.544891,-0.590304,-0.611733,-0.600831,-0.611573,-0.585071,-0.547548	0.630669,0.650471,0.632391,0.557432,0.522467,0.498889,0.483021,0.446381,0.522211,0.562219,0.383717,0.395747,0.377716,0.509212,0.541227,0.614417,0.607443,0.596415,0.574372,0.571214
0.108782,0.0495568,0.0856517,0.0588681,0.0916984,0.0640497,0.159408,0.0906081,0.0260626,-0.00549042,0.104052,0.161287,0.0970998,0.134479,0.0737453,0.00540076,0.0632999,0.066242,0.094658,0.108693	-0.271502,-0.360428,-0.252784,-0.293477,-0.425085,-0.387496,-0.233224,-0.194959,-0.323117,-0.407339,-0.245629,-0.202059,-0.190664,-0.249038,-0.301313,-0.472147,-0.37798,-0.40623,-0.399955,-0.392912	0.369374,0.40279,0.331263,0.346361,0.497395,0.44061,0.378558,0.28061,0.346263,0.402749,0.340967,0.351878,0.282533,0.37109,0.366905,0.476333,0.430969,0.460091,0.476571,0.48106
0.0925812,0.0506076,0.107504,0.0554871,0.0896396,0.0711561,0.182329,0.080718,0.0227288,0.00976521,0.132962,0.148401,0.100621,0.174818,0.0753929,0.0029623,0.0601492,0.062642,0.0961829,0.1014	-0.263911,-0.367807,-0.241149,-0.285291,-0.42108,-0.347163,-0.199909,-0.179051,-0.320454,-0.414097,-0.221107,-0.212096,-0.177804,-0.20584,-0.299836,-0.478359,-0.389821,-0.411553,-0.399428,-0.401272	0.34799,0.410768,0.339843,0.335467,0.492143,0.408235,0.368796,0.256068,0.340701,0.422155,0.343957,0.349497,0.273531,0.367436,0.366934,0.48064,0.439662,0.462277,0.477275,0.483018
0.540791,0.608266,0.583127,0.711084,0.758131,0.585196,0.519717,0.652965,0.562268,0.634742,0.58862,0.427558,0.65676,0.623209,0.602935,0.62842,0.720399,0.785622,0.757002,0.607511	0.453645,0.711311,0.574113,0.60791,0.730959,0.621963,0.501494,0.695878,0.617551,0.590976,0.600996,0.509695,0.623821,0.611732,0.622843,0.656985,0.719727,0.745073,0.795631,0.625662	0.115476,-0.18163,0.0135498,0.181731,0.0609459,-0.0578069,0.0246474,-0.0786506,-0.0846901,0.070038,-0.0191515,-0.105025,0.0558001,0.0185478,-0.0318804,-0.0486521,0.00139532,0.0977915,-0.0971299,-0.0292807
-0.0939405,0.0691183,-0.0701802,-0.15608,-0.00694985,-0.0320265,-0.0940968,-0.0159428,-0.00939789,0.0367259,-0.0963048,0.0628691,-0.136419,-0.0456563,-0.0222035,-0.142798,-0.0705306,-0.0272016,-0.0211969,0.00636463	-0.546138,-0.290576,-0.464711,-0.396337,-0.23373,-0.187036,-0.349341,-0.24238,-0.28413,-0.318072,-0.261495,-0.106448,-0.351821,-0.28081,-0.290665,-0.357796,-0.431098,-0.25425,-0.284508,-0.192193	0.476652,0.352613,0.407832,0.256099,0.227149,0.155944,0.26392,0.227316,0.275467,0.350701,0.169457,0.168192,0.226262,0.238208,0.270205,0.226574,0.371874,0.228629,0.264909,0.198315
-0.0983263,0.0252897,-0.0453089,-0.132437,-0.000708626,-0.0451547,-0.118705,-0.0225253,0.0137574,0.0581719,-0.0685422,0.0454956,-0.123878,-0.0751925,-0.00778066,-0.161275,-0.0538767,-0.032983,-0.0343897,-0.00222761	-0.540385,-0.325901,-0.450428,-0.392323,-0.223092,-0.211703,-0.360149,-0.2354,-0.275243,-0.314142,-0.239765,-0.119884,-0.33124,-0.291671,-0.282032,-0.371949,-0.424557,-0.253506,-0.297023,-0.206419	0.466866,0.34832,0.413559,0.274129,0.222418,0.168155,0.252227,0.214009,0.287911,0.365633,0.174084,0.164482,0.216235,0.221333,0.274854,0.224118,0.379357,0.222382,0.265343,0.204285
-0.0212597,0.0990549,0.011565,-0.0885197,-0.012755,-0.0248685,-0.0884609,-0.0227455,-0.0152025,0.0136586,-0.0375223,0.0242814,-0.120273,-0.10311,0.0302345,-0.0678795,-0.0217898,-0.0250126,-0.0244675,0.00157829	-0.477774,-0.208688,-0.377069,-0.328403,-0.193248,-0.191142,-0.338517,-0.2375,-0.284755,-0.321487,-0.199454,-0.163561,-0.339048,-0.325079,-0.264332,-0.326183,-0.369682,-0.267547,-0.295874,-0.188462	0.461199,0.30151,0.386946,0.247066,0.180939,0.167068,0.257776,0.215921,0.270724,0.33368,0.163153,0.187099,0.228075,0.229667,0.292231,0.264152,0.350717,0.244168,0.273386,0.189983
-0.074153,0.103146,-0.0435286,-0.140594,-0.0175516,-0.0310778,-0.113526,-0.0362097,-0.0383551,0.040337,-0.0408746,0.035805,-0.111634,-0.0959959,-0.0195688,-0.11126,-0.0347162,-0.026461,-0.034976,-0.00340386	-0.541185,-0.253917,-0.438007,-0.384076,-0.210661,-0.205136,-0.35425,-0.258997,-0.297624,-0.304113,-0.196736,-0.133542,-0.31129,-0.318484,-0.28917,-0.34067,-0.408024,-0.257482,-0.292171,-0.189851	0.486558,0.34795,0.402145,0.25738,0.193826,0.175175,0.250811,0.224897,0.262263,0.340276,0.157124,0.168541,0.206844,0.229505,0.271135,0.238449,0.378671,0.232605,0.25985,0.186567
0.228968,-0.0710748,0.156232,0.0358057,0.223825,0.0453523,0.137484,0.109487,0.103366,0.225966,0.15269,0.0737713,0.203161,0.0466717,0.0210598,0.121708,0.161182,0.0542939,0.192127,0.0588474	0.162198,0.0678057,0.250158,0.145268,0.121279,0.00198769,0.0858693,0.173867,0.153515,0.140415,0.108506,0.0482885,0.15926,0.075567,0.0698182,0.126681,0.0495339,0.0921246,0.126292,0.0699585	0.0693457,-0.138214,-0.0977457,-0.110034,0.105407,0.0433685,0.052231,-0.0656294,-0.0509572,0.0883549,0.0449282,0.0255739,0.0453682,-0.0289976,-0.0488301,-0.0050509,0.112547,-0.0380208,0.0674726,-0.0111571
0.230757,-0.0258121,0.199769,0.0629029,0.206359,-0.010038,0.118209,0.10255,0.0864217,0.225295,0.110838,0.0614702,0.21639,0.0727965,0.00903858,0.134876,0.169503,0.0277568,0.193329,0.0503272	0.187525,0.101375,0.290505,0.193161,0.114127,0.00232977,0.0936017,0.19877,0.144812,0.106115,0.0748167,0.0338233,0.184902,0.124989,0.0557384,0.132536,0.0430886,0.0632344,0.123002,0.0596197	0.0451874,-0.126855,-0.0963263,-0.131861,0.0944563,-0.0123674,0.0248822,-0.0982223,-0.05913,0.122099,0.0363222,0.0277045,0.0327999,-0.0526719,-0.0467234,0.00238204,0.127344,-0.03554,0.0720403,-0.00932042
-0.0362894,0.103326,0.0106334,-0.212193,-0.0341984,-0.0117484,-0.108864,0.0443778,-0.0152276,0.0212344,-0.156311,-0.00717087,-0.186888,-0.0716078,-0.0269866,-0.142789,-0.070756,-0.0451027,-0.0412848,-0.00171759	-0.482248,-0.323471,-0.412361,-0.389343,-0.241333,-0.191772,-0.353336,-0.217074,-0.318531,-0.305795,-0.320221,-0.220546,-0.376188,-0.296335,-0.310996,-0.373627,-0.427871,-0.245115,-0.316725,-0.210977	0.453902,0.412994,0.421147,0.193104,0.208859,0.18043,0.254252,0.258957,0.304781,0.324919,0.172547,0.213713,0.203615,0.229599,0.286413,0.243848,0.368264,0.202248,0.27909,0.209335
-0.0454048,0.0814943,0.0424814,-0.19228,-0.0229706,-0.0262303,-0.152437,0.0342412,0.0378316,0.0456425,-0.121573,-0.00264343,-0.198349,-0.0914045,-0.0196858,-0.16186,-0.059995,-0.0394248,-0.0535713,-0.0140028	-0.4786,-0.343875,-0.392837,-0.386996,-0.22633,-0.217523,-0.378821,-0.213338,-0.290225,-0.299219,-0.291916,-0.213704,-0.375587,-0.300089,-0.308095,-0.386612,-0.423464,-0.234769,-0.328921,-0.228064	0.442818,0.413774,0.428173,0.21037,0.204422,0.19239,0.240259,0.245784,0.324493,0.340215,0.176611,0.21118,0.191505,0.21457,0.290169,0.239755,0.372944,0.197169,0.280288,0.214747
-0.0258142,0.136052,0.0701993,-0.12307,-0.0303835,-0.00403798,-0.110276,0.0384813,0.00273054,-0.0295795,-0.0734255,-0.00585442,-0.169151,-0.126017,-0.00270392,-0.0688135,-0.0176291,-0.0458523,-0.0338561,-0.0139845	-0.446593,-0.243017,-0.332832,-0.300386,-0.192632,-0.196274,-0.348193,-0.212202,-0.303414,-0.330348,-0.239249,-0.239006,-0.362503,-0.339654,-0.30567,-0.343811,-0.362772,-0.260771,-0.321458,-0.212662	0.425686,0.366937,0.393829,0.184123,0.163204,0.192389,0.247418,0.248653,0.305891,0.303736,0.168789,0.233478,0.205983,0.223189,0.303217,0.281662,0.347364,0.217519,0.290766,0.19927
-0.0356144,0.115236,0.0290602,-0.165287,-0.0370996,-0.0108112,-0.136878,0.0278609,0.000764695,0.018764,-0.0766033,-0.000796229,-0.151267,-0.110619,-0.0244036,-0.117981,-0.0379428,-0.0394233,-0.0510803,-0.0205481	-0.489296,-0.304054,-0.389128,-0.35115,-0.211962,-0.209983,-0.365131,-0.231368,-0.300663,-0.295875,-0.236212,-0.216739,-0.327019,-0.32642,-0.309543,-0.361016,-0.406242,-0.244715,-0.323406,-0.215461	0.461727,0.405096,0.413512,0.197315,0.176249,0.199625,0.240261,0.257568,0.301358,0.312902,0.16255,0.21598,0.184899,0.223885,0.28731,0.253847,0.374065,0.207292,0.2769,0.19578
0.156602,-0.0210194,0.120264,-0.091796,0.244915,0.0989762,0.23455,0.111729,0.11515,0.252978,0.168021,0.171488,0.253334,0.0873229,0.0364718,0.139509,0.172938,0.060113,0.210469,0.0650944	0.169149,0.0424668,0.221276,0.0857118,0.16264,0.024487,0.195619,0.138472,0.118532,0.203145,0.113065,0.0720069,0.23776,0.126751,0.0704552,0.121943,0.062312,0.130312,0.115201,0.0622292	-0.012889,-0.0634296,-0.103774,-0.176122,0.0856882,0.0746702,0.0408026,-0.0271633,-0.00342881,0.052533,0.0560205,0.100724,0.0165719,-0.0398692,-0.0340709,0.0178705,0.111831,-0.0707529,0.0976352,0.00287691
0.141621,0.0341213,0.165382,-0.0688487,0.221736,0.0324153,0.209679,0.0974351,0.0671439,0.187738,0.0744274,0.155474,0.273438,0.100025,0.0176273,0.171127,0.168723,0.0245558,0.21493,0.0543662	0.176747,0.0844691,0.264536,0.129085,0.150059,0.0154384,0.199828,0.1548,0.0788167,0.104542,0.0293553,0.0557881,0.271084,0.163637,0.0495906,0.145791,0.0446001,0.0914945,0.115177,0.0497211	-0.0360275,-0.0504933,-0.103691,-0.19619,0.0741441,0.0169854,0.0102823,-0.0582437,-0.0117349,0.0848617,0.0451708,0.100558,0.0025418,-0.0646706,-0.0319912,0.025985,0.125064,-0.0670894,0.102284,0.00465767
0.854264,0.67881,0.589568,0.660094,0.786651,0.762288,0.658025,0.685472,0.688193,0.774509,0.730367,0.606938,0.713608,0.696763,0.792431,0.734005,0.583615,0.679085,0.678715,0.79068	0.882095,0.672784,0.596509,0.632043,0.796809,0.74065,0.670493,0.7041,0.677839,0.759888,0.724741,0.607427,0.731664,0.714634,0.786534,0.735117,0.569575,0.685659,0.676673,0.781621	-0.112924,0.0110914,-0.0107059,0.0481315,-0.0272209,0.0496956,-0.0223112,-0.0360056,0.019407,0.0355331,0.0119519,-0.000775551,-0.0377836,-0.0355946,0.0156552,-0.00241404,0.0210303,-0.0123032,0.00377687,0.0237136
0.316621,0.226881,0.356474,0.440001,0.340943,0.547127,0.471441,0.451266,0.49913,0.420984,0.451254,0.488538,0.539891,0.391277,0.46568,0.369314,0.258559,0.384102,0.348323,0.332591	0.409167,0.307395,0.420524,0.466544,0.405149,0.535002,0.480395,0.464484,0.510595,0.444168,0.465122,0.459442,0.546772,0.39125,0.439641,0.328985,0.310044,0.357654,0.334086,0.345321	-0.10632,-0.0865498,-0.0753445,-0.0333999,-0.0744968,0.0171438,-0.011576,-0.0167235,-0.0153869,-0.0285163,-0.0175519,0.0375172,-0.0097621,3.21262e-05,0.0327429,0.0459063,-0.0559729,0.0306601,0.0161125,-0.0143818
0.596637,0.417489,0.448972,0.500881,0.42903,0.610712,0.513998,0.55291,0.573957,0.633506,0.445174,0.511479,0.543605,0.508493,0.678472,0.51411,0.345122,0.463082,0.445801,0.462574	0.596235,0.43268,0.470334,0.495338,0.476288,0.585054,0.528039,0.550774,0.592681,0.652001,0.465949,0.507423,0.579626,0.511352,0.675237,0.501162,0.343227,0.453045,0.451799,0.480176	0.00062497,-0.0185404,-0.0270806,0.00737247,-0.059395,0.0399212,-0.0192709,0.00307116,-0.0283767,-0.03151,-0.0262121,0.00547736,-0.0525929,-0.00386357,0.0059694,0.0174418,0.00214969,0.0127022,-0.00751178,-0.0226277
-0.643808,-0.478274,-0.53971,-0.476021,-0.273856,-0.37658,-0.399053,-0.387542,-0.39077,-0.291217,-0.318473,-0.279666,-0.415123,-0.378068,-0.424642,-0.376051,-0.375752,-0.319611,-0.278809,-0.193408	-0.305294,-0.0688543,-0.140224,-0.173087,-0.139585,-0.282257,-0.195593,-0.147528,-0.101886,0.000676534,-0.201912,-0.157382,-0.244677,-0.145699,-0.150206,-0.16528,-0.0787063,-0.081216,-0.0737169,0.0146494	-0.421326,-0.423362,-0.432195,-0.330135,-0.139607,-0.105542,-0.220685,-0.254568,-0.300862,-0.291836,-0.124571,-0.127913,-0.189715,-0.245915,-0.293132,-0.22474,-0.306099,-0.244748,-0.209396,-0.20747
-0.669695,-0.449316,-0.555238,-0.480458,-0.290923,-0.373614,-0.408979,-0.395083,-0.402524,-0.263608,-0.334948,-0.271434,-0.409995,-0.419579,-0.440878,-0.355237,-0.368799,-0.328985,-0.270149,-0.20031	-0.338998,-0.0400093,-0.16881,-0.164522,-0.152343,-0.23755,-0.189463,-0.129787,-0.110838,0.00202337,-0.214917,-0.15101,-0.23042,-0.184387,-0.17763,-0.143753,-0.0824969,-0.0920346,-0.0677625,0.00724695	-0.427823,-0.416799,-0.426393,-0.343053,-0.145006,-0.149316,-0.237954,-0.279635,-0.305307,-0.26549,-0.129342,-0.125572,-0.19831,-0.254912,-0.285615,-0.222865,-0.295286,-0.244348,-0.206161,-0.207256
0.32557,0.23473,0.284089,0.398168,0.336043,0.512691,0.471286,0.418178,0.513676,0.391772,0.43922,0.46063,0.51966,0.417555,0.466472,0.347267,0.203016,0.354967,0.352075,0.327386	0.390986,0.320381,0.341104,0.451926,0.389741,0.522471,0.467748,0.41284,0.535897,0.42983,0.458711,0.431183,0.50776,0.399585,0.446425,0.306055,0.266798,0.322578,0.339681,0.348828	-0.0749575,-0.092616,-0.0631335,-0.0655537,-0.061791,-0.0133577,0.00453952,0.00645172,-0.0306614,-0.0457638,-0.0244093,0.036746,0.0161653,0.0215695,0.0253194,0.0461131,-0.0674344,0.0365771,0.0140771,-0.0242057
0.628147,0.369788,0.503112,0.44406,0.42067,0.583256,0.52948,0.535089,0.554705,0.637071,0.471342,0.518455,0.552763,0.524121,0.672885,0.516398,0.350181,0.476574,0.4629,0.460459	0.598441,0.390336,0.517866,0.466411,0.457474,0.579404,0.531061,0.51428,0.584157,0.67066,0.497866,0.513897,0.570573,0.509007,0.675595,0.502302,0.361936,0.46017,0.470857,0.487113	0.0475979,-0.0240151,-0.0199524,-0.0281893,-0.0455746,0.00581785,-0.00219961,0.0287101,-0.0435708,-0.0586444,-0.0346573,0.00621354,-0.0260161,0.0206141,-0.00496965,0.0190323,-0.0134601,0.0210131,-0.0101738,-0.0343621
-0.63965,-0.49787,-0.533264,-0.48391,-0.234755,-0.389898,-0.394691,-0.348752,-0.387632,-0.289432,-0.303885,-0.313498,-0.377663,-0.356172,-0.427508,-0.394626,-0.367771,-0.328618,-0.288029,-0.190063	-0.310009,-0.0967756,-0.123665,-0.166742,-0.103277,-0.284365,-0.19878,-0.109607,-0.0873682,0.0184646,-0.18259,-0.197814,-0.209067,-0.131689,-0.153426,-0.1917,-0.0597891,-0.0992624,-0.0844575,0.0260641	-0.411176,-0.421398,-0.438518,-0.345006,-0.134744,-0.118692,-0.212589,-0.248651,-0.310789,-0.30626,-0.12842,-0.123332,-0.183049,-0.235531,-0.293321,-0.219535,-0.314906,-0.23709,-0.208647,-0.215061
-0.661567,-0.468877,-0.549731,-0.486915,-0.272484,-0.379042,-0.401116,-0.358596,-0.397113,-0.258969,-0.325333,-0.306972,-0.356925,-0.392454,-0.441032,-0.373735,-0.3669,-0.337001,-0.283675,-0.195521	-0.336009,-0.0663788,-0.154524,-0.15384,-0.138534,-0.23059,-0.18697,-0.093051,-0.0937907,0.0234367,-0.200941,-0.193336,-0.175367,-0.162565,-0.177387,-0.169469,-0.070333,-0.109342,-0.0833524,0.0198495	-0.418612,-0.415428,-0.431896,-0.360045,-0.139205,-0.16267,-0.231508,-0.274711,-0.315057,-0.280702,-0.133092,-0.120805,-0.193681,-0.245556,-0.286022,-0.218079,-0.304422,-0.236368,-0.205174,-0.214538
0.391837,0.298618,0.335273,0.416157,0.387087,0.517203,0.449205,0.433482,0.493943,0.411629,0.43944,0.397097,0.512313,0.38024,0.441859,0.311718,0.291081,0.313916,0.292557,0.261374	0.298731,0.23213,0.292546,0.384904,0.369767,0.503574,0.454286,0.418372,0.50128,0.407056,0.446337,0.421855,0.542105,0.383118,0.464423,0.339093,0.238737,0.330128,0.312125,0.265575	0.10545,0.0714399,0.0473728,0.0372135,0.0202127,0.018429,-0.00638363,0.0184576,-0.00975153,0.00549367,-0.00857952,-0.0297403,-0.0412472,-0.00336942,-0.0283897,-0.0306104,0.0562529,-0.0180859,-0.0215342,-0.00451443
-0.543094,-0.391232,-0.451498,-0.427275,-0.212627,-0.36018,-0.385949,-0.322588,-0.361279,-0.300731,-0.248922,-0.313526,-0.397553,-0.362002,-0.417209,-0.35796,-0.341897,-0.321591,-0.281586,-0.196588	-0.168219,-0.00845552,-0.0365799,-0.126128,-0.120493,-0.254568,-0.185598,-0.0733516,-0.0673845,-0.02942,-0.133676,-0.173924,-0.223784,-0.127817,-0.125454,-0.110614,-0.0788336,-0.0633316,-0.068539,0.000616412	-0.412567,-0.384047,-0.421886,-0.318301,-0.0945568,-0.116273,-0.215809,-0.255277,-0.301227,-0.273732,-0.119212,-0.147654,-0.190738,-0.245546,-0.307869,-0.257544,-0.27035,-0.263629,-0.21724,-0.19718
-0.554084,-0.364826,-0.464914,-0.428001,-0.225337,-0.356461,-0.401823,-0.335034,-0.374566,-0.274751,-0.256328,-0.310393,-0.397032,-0.400338,-0.423653,-0.345895,-0.345963,-0.326817,-0.275768,-0.208566	-0.170386,0.0123983,-0.0588875,-0.109439,-0.126826,-0.20801,-0.186001,-0.0589829,-0.0784826,-0.0307451,-0.135871,-0.173659,-0.214918,-0.162536,-0.140417,-0.101082,-0.095722,-0.0688537,-0.0661727,-0.0137393	-0.423699,-0.375526,-0.417455,-0.334217,-0.101409,-0.16034,-0.233255,-0.281616,-0.305051,-0.246085,-0.124804,-0.144525,-0.199103,-0.254352,-0.301151,-0.253683,-0.258812,-0.263902,-0.213491,-0.195386
-0.648045,-0.472517,-0.512491,-0.462434,-0.215575,-0.375721,-0.388929,-0.358038,-0.394019,-0.280462,-0.250045,-0.313769,-0.354595,-0.368649,-0.445275,-0.365721,-0.365283,-0.314768,-0.278686,-0.171301	-0.304029,-0.0709779,-0.102625,-0.157614,-0.110579,-0.264109,-0.193913,-0.107915,-0.119627,0.000709838,-0.141005,-0.194169,-0.194007,-0.137569,-0.180226,-0.144442,-0.0665265,-0.0717448,-0.0804213,0.0270584	-0.428426,-0.415473,-0.432619,-0.328784,-0.10756,-0.123908,-0.210923,-0.260175,-0.287965,-0.281116,-0.113024,-0.127359,-0.172452,-0.243425,-0.288175,-0.233619,-0.306197,-0.248638,-0.20281,-0.197444
-0.665755,-0.44426,-0.522029,-0.465733,-0.226836,-0.368894,-0.402106,-0.370383,-0.402064,-0.251427,-0.258046,-0.308298,-0.35056,-0.41025,-0.449676,-0.350762,-0.364915,-0.322898,-0.271096,-0.177704	-0.323987,-0.0445975,-0.117173,-0.145663,-0.11526,-0.213905,-0.19134,-0.095177,-0.124543,0.00339714,-0.143786,-0.191182,-0.180929,-0.176434,-0.191487,-0.130358,-0.0768472,-0.0809332,-0.0754445,0.019851	-0.435759,-0.407741,-0.431234,-0.343364,-0.114571,-0.168267,-0.228334,-0.285262,-0.29215,-0.254607,-0.118663,-0.124452,-0.181119,-0.252061,-0.282516,-0.230964,-0.296379,-0.248458,-0.199737,-0.19686
0.760851,0.862962,0.812281,0.817023,0.858188,0.725095,0.770196,0.812917,0.839941,0.785011,0.814439,0.846635,0.853969,0.821599,0.773975,0.821788,0.83428,0.805029,0.885999,0.790217	0.78958,0.84103,0.805469,0.840186,0.869384,0.806956,0.805378,0.851564,0.850431,0.74299,0.823644,0.842976,0.869562,0.849266,0.772642,0.812956,0.81639,0.802803,0.879499,0.787893	-0.0719575,0.079978,0.019704,-0.0738751,-0.0440949,-0.197314,-0.0926557,-0.125581,-0.0367176,0.100832,-0.0279601,0.0127796,-0.0605726,-0.0915392,0.00331394,0.0266094,0.0561011,0.00629247,0.0294463,0.00615865
0.492332,0.571855,0.505691,0.604613,0.729261,0.498889,0.469913,0.63312,0.550398,0.647711,0.582361,0.318484,0.619644,0.558032,0.549898,0.604198,0.704923,0.710107,0.708466,0.578876	0.370988,0.652609,0.500233,0.547755,0.709801,0.578527,0.431275,0.6598,0.591723,0.599034,0.590502,0.486724,0.574633,0.565369,0.576322,0.614657,0.70691,0.708646,0.769582,0.598727	0.14846,-0.128836,0.00730638,0.0850134,0.0403419,-0.111948,0.0484584,-0.0458217,-0.0612853,0.0795371,-0.012408,-0.199104,0.0699,-0.0107192,-0.0386836,-0.0166382,-0.00396165,0.0029404,-0.134387,-0.0303806
0.0200643,0.108167,-0.0831422,-0.108413,0.0761452,-0.077914,-0.079399,0.104788,0.0609722,0.102757,-0.0182221,0.146051,-0.0275073,-0.0138845,0.025253,-0.150984,-0.0823344,-0.00907566,-0.0113702,-0.00340011	-0.580973,-0.370992,-0.550957,-0.506494,-0.286995,-0.290381,-0.422125,-0.297001,-0.313856,-0.294369,-0.276819,-0.171391,-0.408625,-0.36716,-0.362706,-0.416645,-0.454338,-0.383038,-0.378322,-0.239603	0.594111,0.460672,0.490273,0.42121,0.355374,0.217386,0.354611,0.389662,0.36779,0.385466,0.259908,0.30969,0.385451,0.355086,0.384438,0.283495,0.38646,0.375267,0.368537,0.236396
0.0162054,0.0585413,-0.0383341,-0.0732646,0.0725885,-0.0885898,-0.0957609,0.0864381,0.0956737,0.126196,0.0185167,0.118284,-0.011916,-0.0437994,0.036982,-0.161832,-0.0731203,-0.0228725,-0.0184759,-0.0110326	-0.577434,-0.404326,-0.532617,-0.498789,-0.279018,-0.3114,-0.430817,-0.292573,-0.303837,-0.29029,-0.253201,-0.183515,-0.388583,-0.376856,-0.354807,-0.427945,-0.450263,-0.38306,-0.389826,-0.253801	0.588136,0.452165,0.504585,0.441664,0.344627,0.229131,0.349474,0.369663,0.388226,0.401768,0.27045,0.295387,0.378419,0.338647,0.386715,0.285914,0.389983,0.363371,0.374044,0.24345
0.0447822,0.109954,-0.00956788,-0.0406474,0.0451067,-0.0672036,-0.0747646,0.0732988,0.04289,0.0625086,0.0578214,0.101495,-0.0180984,-0.0760899,0.0726353,-0.0756757,-0.0342965,-0.00329855,-0.0114774,-0.0199938	-0.528156,-0.300005,-0.473839,-0.446629,-0.253537,-0.293717,-0.410643,-0.296097,-0.316371,-0.298594,-0.213719,-0.226369,-0.400529,-0.404111,-0.338024,-0.386458,-0.39656,-0.391624,-0.387426,-0.238176	0.5597,0.396867,0.466385,0.413488,0.295267,0.231074,0.346516,0.361549,0.354451,0.354486,0.268226,0.320501,0.385223,0.338427,0.400818,0.320145,0.367258,0.388828,0.377628,0.219226
0.0310437,0.136814,-0.0526117,-0.0852557,0.0413008,-0.0728045,-0.0947725,0.0606373,0.0198661,0.0941997,0.0538505,0.10805,-0.00967554,-0.0660144,0.0324898,-0.120714,-0.0431654,-0.0128972,-0.026673,-0.0263782	-0.577877,-0.338733,-0.524476,-0.491593,-0.270208,-0.306817,-0.424874,-0.31581,-0.328723,-0.280671,-0.210737,-0.198505,-0.374418,-0.400784,-0.360642,-0.400548,-0.431336,-0.384968,-0.385821,-0.240549	0.598189,0.454485,0.485255,0.424112,0.308071,0.23936,0.343951,0.369374,0.346327,0.365214,0.261619,0.300118,0.366069,0.343868,0.388579,0.294052,0.395535,0.373927,0.362883,0.215539
0.167555,-0.108908,0.109208,-0.00397657,0.171932,0.00212155,0.0161483,0.0481408,0.0886501,0.222929,0.0747715,-0.0513641,0.134389,-0.0577469,-0.0311,0.124205,0.118092,0.0154013,0.143404,-0.00973453	0.0415773,-0.0601906,0.103685,-0.0460437,0.0446354,-0.114743,-0.0208377,0.08547,0.0969365,0.161846,0.0902042,-0.0393983,0.0584968,-0.0508268,-0.0432631,0.0476815,0.0160069,-0.0796084,0.0100062,0.0128957	0.126861,-0.0490388,0.00558594,0.0420748,0.128281,0.116836,0.0369736,-0.0374834,-0.00835824,0.063369,-0.0155374,-0.0119901,0.0764938,-0.00694051,0.0121795,0.0769799,0.102279,0.0948934,0.133589,-0.0226274
0.180533,-0.0605078,0.141763,0.0298402,0.15505,-0.0627089,-0.0225951,0.0482879,0.0733123,0.213018,0.010008,-0.0533134,0.145905,-0.0628878,-0.0449898,0.13964,0.128534,-0.0115575,0.143419,-0.0133694	0.0669595,-0.023764,0.149781,-7.02622e-05,0.0368148,-0.120871,-0.0148274,0.10885,0.087361,0.12919,0.054997,-0.0536221,0.0857463,-0.000867554,-0.056439,0.0534713,0.00950197,-0.108019,0.00781934,0.00186246	0.114963,-0.0367967,-0.00819155,0.0299104,0.118915,0.0586065,-0.00777035,-0.060882,-0.0141392,0.0861999,-0.0450138,0.00030962,0.0609211,-0.0620237,0.0114784,0.0868172,0.119178,0.0965822,0.135752,-0.0152315
0.075841,0.145863,0.00735428,-0.181893,0.0468152,-0.0587641,-0.0955517,0.166858,0.0561127,0.0854408,-0.0804245,0.0777532,-0.0861456,-0.0434029,0.0223126,-0.149244,-0.0827058,-0.0303992,-0.0339075,-0.0119615	-0.510188,-0.387352,-0.503644,-0.527106,-0.299716,-0.320637,-0.420088,-0.261272,-0.336826,-0.278263,-0.331295,-0.321654,-0.43137,-0.393934,-0.387003,-0.421528,-0.452789,-0.398553,-0.415654,-0.258556	0.564199,0.504699,0.509112,0.381821,0.341736,0.266901,0.338108,0.410245,0.38565,0.355257,0.257738,0.389662,0.358548,0.356629,0.405811,0.290564,0.384482,0.372669,0.387204,0.24736
0.0676094,0.120701,0.059623,-0.151127,0.0485552,-0.0714879,-0.132484,0.145722,0.121766,0.111879,-0.0365717,0.0729143,-0.0968126,-0.062668,0.0261288,-0.160636,-0.0792504,-0.0310895,-0.0400672,-0.023446	-0.509049,-0.406699,-0.480727,-0.52069,-0.287484,-0.342125,-0.442692,-0.259931,-0.307901,-0.272062,-0.301364,-0.315372,-0.430361,-0.396866,-0.384495,-0.43186,-0.450676,-0.389164,-0.427018,-0.275746	0.557472,0.502721,0.525293,0.401127,0.331413,0.277422,0.329535,0.390849,0.41414,0.3726,0.267743,0.379558,0.348049,0.342721,0.406539,0.291441,0.385183,0.36246,0.393687,0.253942
0.0361005,0.148679,0.0567655,-0.0862566,0.0261072,-0.046945,-0.098056,0.137673,0.0626283,0.0186218,0.0216233,0.0738868,-0.0741052,-0.102085,0.0382744,-0.075812,-0.0299094,-0.0279463,-0.0219432,-0.0363474	-0.48806,-0.316397,-0.43487,-0.449117,-0.258741,-0.323658,-0.413019,-0.260139,-0.323861,-0.304369,-0.249376,-0.338957,-0.421945,-0.428842,-0.381843,-0.393082,-0.39113,-0.408335,-0.419492,-0.262381	0.515085,0.444181,0.479792,0.377483,0.282937,0.280982,0.328257,0.384057,0.378806,0.32117,0.269546,0.402757,0.359067,0.341717,0.414066,0.327015,0.365497,0.384779,0.401242,0.22821
0.0669921,0.149168,0.0282027,-0.121079,0.0202388,-0.0531036,-0.120088,0.128384,0.0618336,0.0714375,0.0176607,0.0739364,-0.055533,-0.0831521,0.0296989,-0.126343,-0.0464579,-0.0284564,-0.0448417,-0.0445042	-0.518528,-0.37079,-0.480908,-0.487586,-0.277115,-0.335609,-0.429333,-0.277941,-0.320883,-0.26904,-0.245679,-0.320145,-0.387853,-0.420072,-0.384459,-0.409652,-0.430967,-0.396555,-0.423138,-0.266522	0.565864,0.492707,0.502298,0.389502,0.295695,0.287631,0.326055,0.392326,0.375271,0.334057,0.262202,0.384969,0.339635,0.349115,0.409482,0.298773,0.392365,0.3723,0.385613,0.224683
0.0885984,-0.0555141,0.0676312,-0.15186,0.194869,0.0596567,0.121795,0.0487922,0.100257,0.247374,0.088645,0.0511174,0.187652,-0.0138679,-0.0159204,0.141819,0.13083,0.0233058,0.163972,-0.00400195	0.0701982,-0.0611387,0.0664483,-0.154431,0.0796817,-0.116194,0.114724,0.064038,0.0750473,0.227458,0.0976727,-0.0750692,0.14694,-0.0118792,-0.048231,0.0572826,0.0277208,-0.0712163,-0.0112753,0.00407903	0.0185153,0.00564384,0.00118828,0.0026331,0.117004,0.17464,0.00717105,-0.0152936,0.0254003,0.021104,-0.00910649,0.125704,0.0418662,-0.00198901,0.0323354,0.0852285,0.103484,0.0943654,0.174924,-0.00808085
0.083816,0.00308007,0.100972,-0.121955,0.171694,-0.0176595,0.0778227,0.0410855,0.0524804,0.176544,-0.0284238,0.04569,0.206693,-0.0341325,-0.0372961,0.176382,0.128366,-0.0145554,0.16776,-0.0100072	0.0768259,-0.0165981,0.113386,-0.112423,0.0661195,-0.132167,0.120021,0.078629,0.0336711,0.133232,0.00923573,-0.0897265,0.18293,0.0246858,-0.0681092,0.0809977,0.0097178,-0.109715,-0.0100261,-0.00926672	0.00703537,0.0196771,-0.0125578,-0.0096643,0.106786,0.114775,-0.0425959,-0.0376652,0.0188426,0.044355,-0.0376496,0.134864,0.0246968,-0.0587689,0.0308916,0.0967669,0.118796,0.0953115,0.177488,-0.000740535
0.865569,0.688952,0.600915,0.685191,0.797036,0.760471,0.671084,0.710302,0.708314,0.787004,0.759603,0.627363,0.737238,0.704911,0.798524,0.73668,0.57375,0.680178,0.686351,0.789703	0.891783,0.684208,0.595243,0.651705,0.815929,0.735155,0.674385,0.737289,0.69017,0.771837,0.746269,0.635407,0.752719,0.719793,0.795912,0.730072,0.566174,0.693059,0.677509,0.779209	-0.114922,0.00897329,0.00882999,0.0605023,-0.05403,0.0574153,-0.00602985,-0.0566604,0.0354971,0.0386345,0.0307862,-0.0133758,-0.0347825,-0.0302102,0.00716574,0.0142985,0.0112208,-0.0243678,0.0165257,0.0272805
0.33544,0.22468,0.346532,0.464164,0.367932,0.537533,0.481127,0.488247,0.517178,0.439796,0.501538,0.519609,0.574954,0.406062,0.48094,0.366541,0.251026,0.397566,0.356951,0.318025	0.466217,0.330075,0.424963,0.498434,0.452569,0.521526,0.491599,0.521194,0.539712,0.477118,0.500237,0.497113,0.59085,0.405889,0.463599,0.329323,0.303608,0.368216,0.339794,0.34186	-0.15502,-0.113838,-0.0919758,-0.0445852,-0.101547,0.0222419,-0.0137163,-0.044192,-0.0312586,-0.0472327,0.00173695,0.0303301,-0.0240733,0.000206649,0.0223178,0.0423274,-0.05692,0.0343838,0.0195257,-0.0267422
0.622788,0.427584,0.45167,0.533678,0.451442,0.604933,0.528408,0.583706,0.588881,0.646559,0.497722,0.536896,0.576922,0.521866,0.693735,0.51072,0.341538,0.470429,0.450215,0.448909	0.632181,0.450485,0.47312,0.522982,0.518585,0.573783,0.537528,0.600853,0.617275,0.674266,0.502881,0.54264,0.619068,0.521905,0.686721,0.500406,0.337355,0.464278,0.456268,0.479232	-0.0154932,-0.0283656,-0.0272783,0.0148369,-0.0876669,0.0477089,-0.0127374,-0.0264085,-0.0446099,-0.0491224,-0.00688134,-0.00810542,-0.0655601,-5.40907e-05,0.0133959,0.0138555,0.00472798,0.00786969,-0.00761838,-0.0386347
-0.659157,-0.491255,-0.572592,-0.486554,-0.309416,-0.410273,-0.479021,-0.415208,-0.390131,-0.282414,-0.367537,-0.367468,-0.452308,-0.444191,-0.457447,-0.379167,-0.40799,-0.349108,-0.324584,-0.249507	-0.214438,-0.0371807,-0.150211,-0.106898,-0.0695244,-0.319706,-0.191345,-0.0321295,-0.0300113,0.0648836,-0.135834,-0.0938489,-0.14831,-0.121629,-0.109153,-0.166053,-0.0912899,-0.0643337,-0.0661759,0.00521536	-0.517928,-0.462522,-0.462128,-0.400486,-0.245166,-0.10424,-0.316705,-0.388258,-0.364386,-0.341048,-0.243879,-0.283392,-0.325857,-0.340984,-0.3666,-0.227433,-0.328952,-0.291317,-0.264081,-0.254391
-0.677904,-0.463345,-0.596949,-0.490139,-0.325025,-0.411297,-0.499009,-0.416963,-0.399831,-0.262886,-0.398345,-0.352031,-0.450218,-0.507749,-0.473835,-0.356722,-0.399724,-0.356745,-0.317037,-0.252998	-0.246374,-0.00828528,-0.182609,-0.0969631,-0.0828803,-0.278195,-0.187045,-0.00880266,-0.0385586,0.0644322,-0.151065,-0.0865477,-0.132702,-0.169689,-0.139431,-0.144036,-0.094977,-0.0752532,-0.0599986,-0.00266244	-0.518054,-0.456814,-0.465032,-0.412794,-0.248848,-0.1503,-0.344079,-0.409664,-0.36693,-0.321867,-0.263114,-0.273826,-0.337692,-0.369933,-0.35806,-0.224206,-0.316773,-0.289257,-0.262022,-0.250504
0.344,0.232998,0.270964,0.421614,0.365859,0.501214,0.477299,0.461613,0.528181,0.412063,0.489147,0.495875,0.556128,0.431345,0.482171,0.342565,0.196238,0.370257,0.35903,0.312455	0.448471,0.342459,0.354059,0.488507,0.430776,0.510778,0.484383,0.467176,0.569673,0.465191,0.501372,0.465332,0.555686,0.416156,0.467517,0.311979,0.254947,0.328872,0.350084,0.346333	-0.123529,-0.118952,-0.0919138,-0.084243,-0.0770625,-0.0128547,-0.00921416,-0.00709246,-0.0593501,-0.0657273,-0.0161978,0.039705,0.000640826,0.0185121,0.0189199,0.0342463,-0.0618009,0.0471226,0.0102327,-0.0379892
0.65265,0.381829,0.501566,0.476357,0.44662,0.575739,0.540392,0.571113,0.567808,0.650231,0.520077,0.547972,0.585553,0.536495,0.689008,0.510744,0.347827,0.486005,0.465573,0.446146	0.634076,0.408799,0.528759,0.499195,0.49416,0.570081,0.546158,0.560788,0.615061,0.693805,0.538814,0.545676,0.611971,0.521517,0.684614,0.506953,0.351042,0.467195,0.480084,0.486918	0.0316871,-0.0319583,-0.0370082,-0.0299623,-0.0610045,0.00842122,-0.00818025,0.0151899,-0.0726116,-0.0793901,-0.0260307,0.0032756,-0.041171,0.0207977,0.00831803,0.0051159,-0.00366178,0.0243361,-0.018688,-0.0520877
-0.652598,-0.510371,-0.563814,-0.492476,-0.273878,-0.420733,-0.472742,-0.382325,-0.384545,-0.280295,-0.353204,-0.39844,-0.416007,-0.421802,-0.460184,-0.394815,-0.401585,-0.358527,-0.3336,-0.245158	-0.216768,-0.0672291,-0.117558,-0.092875,-0.041548,-0.317924,-0.184261,-0.00268865,-0.00446934,0.0849107,-0.108419,-0.146977,-0.105786,-0.103096,-0.116946,-0.184169,-0.079104,-0.0894485,-0.0712194,0.0185254	-0.507642,-0.458887,-0.477934,-0.418755,-0.235005,-0.118683,-0.316008,-0.380027,-0.38073,-0.356716,-0.254532,-0.267105,-0.324502,-0.333196,-0.362761,-0.227164,-0.333062,-0.277994,-0.268766,-0.262492
-0.668235,-0.482707,-0.589073,-0.494393,-0.309273,-0.413437,-0.489824,-0.386487,-0.391809,-0.257957,-0.389429,-0.384864,-0.399017,-0.480626,-0.473822,-0.372682,-0.399187,-0.36524,-0.330191,-0.246742	-0.240837,-0.0367084,-0.152012,-0.0776224,-0.0781145,-0.266925,-0.17338,0.0192804,-0.0105799,0.0882435,-0.129241,-0.141445,-0.0686593,-0.141489,-0.143355,-0.161606,-0.0896958,-0.0996732,-0.0700704,0.0119057	-0.509374,-0.454044,-0.480048,-0.433403,-0.236881,-0.164686,-0.345812,-0.402767,-0.382816,-0.338495,-0.273977,-0.257433,-0.339663,-0.363882,-0.35455,-0.224603,-0.320985,-0.2756,-0.266282,-0.25789
0.442649,0.314958,0.339069,0.45263,0.417607,0.506897,0.463127,0.478152,0.51531,0.438943,0.487151,0.431497,0.553035,0.397589,0.468064,0.309765,0.287076,0.322249,0.297987,0.247106	0.320445,0.230807,0.282054,0.408924,0.400046,0.491665,0.461825,0.462494,0.521304,0.429701,0.49354,0.459631,0.580287,0.397801,0.478091,0.336567,0.231329,0.345057,0.320438,0.252378	0.142403,0.0907476,0.0630444,0.0536327,0.021083,0.0202879,0.00165601,0.020104,-0.00819539,0.0113904,-0.00841162,-0.0350941,-0.0401311,-0.000251887,-0.0129171,-0.0299209,0.0597121,-0.0256615,-0.0248218,-0.00562207
-0.574141,-0.412163,-0.491674,-0.442348,-0.255813,-0.394527,-0.467471,-0.359994,-0.362441,-0.292716,-0.303173,-0.400583,-0.438778,-0.422734,-0.449687,-0.361285,-0.37588,-0.348955,-0.326334,-0.255019	-0.116029,-0.00749357,-0.0597342,-0.0696063,-0.0721504,-0.290723,-0.182309,0.0229857,-0.00767514,0.0179926,-0.0491421,-0.117151,-0.133889,-0.100395,-0.0928681,-0.114256,-0.0926568,-0.0423343,-0.0578695,-0.0211484	-0.490808,-0.405923,-0.44501,-0.384583,-0.187116,-0.117252,-0.311729,-0.379837,-0.355755,-0.30908,-0.257873,-0.297388,-0.323919,-0.336625,-0.372369,-0.257665,-0.293444,-0.311218,-0.273632,-0.235139
-0.578147,-0.386887,-0.515204,-0.441526,-0.26685,-0.394365,-0.493349,-0.366626,-0.373206,-0.274588,-0.32642,-0.389345,-0.44049,-0.481234,-0.456239,-0.347869,-0.378434,-0.352818,-0.321595,-0.26299	-0.115816,0.0138275,-0.0843948,-0.0508246,-0.0783685,-0.246551,-0.185051,0.0422022,-0.0185161,0.0149434,-0.051621,-0.116284,-0.123932,-0.141662,-0.109476,-0.10449,-0.109853,-0.0478032,-0.0554819,-0.0362158	-0.49551,-0.398582,-0.450392,-0.39967,-0.192507,-0.163734,-0.339272,-0.402599,-0.357158,-0.288349,-0.279509,-0.286009,-0.334837,-0.364415,-0.364993,-0.252559,-0.280231,-0.310247,-0.270948,-0.228955
-0.662602,-0.487685,-0.54558,-0.47215,-0.258032,-0.409665,-0.467878,-0.392781,-0.394623,-0.271976,-0.303005,-0.400972,-0.398158,-0.431536,-0.476036,-0.368414,-0.39682,-0.343815,-0.32382,-0.229908	-0.220693,-0.0489556,-0.110548,-0.0869107,-0.0612203,-0.299467,-0.183715,-0.0126141,-0.0598723,0.053627,-0.0574016,-0.145415,-0.101485,-0.108784,-0.137112,-0.147248,-0.075977,-0.0586251,-0.0732433,0.00548239	-0.517599,-0.44946,-0.462955,-0.401724,-0.19997,-0.125608,-0.310886,-0.38206,-0.342851,-0.320923,-0.24995,-0.27138,-0.309166,-0.33865,-0.36259,-0.233852,-0.330817,-0.291057,-0.256664,-0.235094
-0.673301,-0.460797,-0.564486,-0.473712,-0.267972,-0.406399,-0.491018,-0.399158,-0.400338,-0.250855,-0.326962,-0.388078,-0.396875,-0.494414,-0.480661,-0.352089,-0.394838,-0.350212,-0.317364,-0.232518	-0.237714,-0.022481,-0.127571,-0.0726924,-0.0657086,-0.251642,-0.183069,0.00473925,-0.0645088,0.0547658,-0.0605661,-0.141575,-0.0870982,-0.155875,-0.150078,-0.132899,-0.0863907,-0.0678617,-0.0680814,-0.00228606	-0.518589,-0.442904,-0.470819,-0.415322,-0.205889,-0.172387,-0.338365,-0.403134,-0.344732,-0.301479,-0.271778,-0.260834,-0.320868,-0.366807,-0.356284,-0.22995,-0.319341,-0.289224,-0.254787,-0.230355
0.756487,0.859303,0.787822,0.807275,0.851982,0.702384,0.724559,0.805971,0.834035,0.779639,0.78005,0.832286,0.838767,0.772241,0.763378,0.81716,0.825122,0.798897,0.874174,0.77715	0.771318,0.837981,0.805447,0.827272,0.862105,0.794509,0.790758,0.835855,0.841283,0.751331,0.821269,0.81458,0.860579,0.849057,0.764006,0.80635,0.803236,0.792838,0.869543,0.766969	-0.0356079,0.07617,-0.0482277,-0.0602041,-0.0381285,-0.20845,-0.155016,-0.0915789,-0.0242969,0.0683385,-0.114696,0.0549827,-0.0784138,-0.223094,-0.00150559,0.0316927,0.0648994,0.0165273,0.0193046,0.0252051
0.0975409,0.0715512,0.157811,-0.164357,-0.0813639,0.0436063,-0.0258879,0.141267,-0.0103573,-0.029253,-0.112062,-0.106527,-0.117282,-0.0574419,-0.00730866,0.00869524,-0.00351318,-0.0564947,-0.0734724,-0.0172393	-0.730861,-0.768976,-0.730768,-0.820419,-0.820851,-0.670371,-0.689527,-0.727341,-0.707301,-0.738057,-0.732062,-0.584789,-0.786398,-0.745065,-0.716121,-0.780632,-0.840886,-0.832912,-0.861681,-0.696102	0.773276,0.796693,0.796701,0.758315,0.79241,0.693698,0.675701,0.787675,0.702087,0.724445,0.675408,0.510036,0.737099,0.718368,0.712542,0.784006,0.839854,0.814756,0.841483,0.687108
0.0883965,0.121032,0.168884,-0.171841,-0.0666983,0.041621,-0.0592123,0.133616,0.0427313,-0.0225405,-0.102215,-0.0740979,-0.165,-0.0348468,-0.0216946,0.00511584,-0.0208781,-0.0217875,-0.0693261,-0.0247125	-0.729521,-0.759642,-0.721946,-0.823008,-0.816939,-0.680148,-0.701904,-0.727899,-0.68543,-0.736954,-0.722784,-0.575424,-0.789292,-0.737713,-0.716085,-0.784421,-0.842873,-0.825968,-0.863731,-0.70468	0.768368,0.806522,0.794019,0.75843,0.793476,0.7019,0.670562,0.785152,0.707441,0.726482,0.670074,0.523653,0.71777,0.721411,0.705348,0.786381,0.836719,0.818918,0.845003,0.692018
-0.00968986,0.0753147,0.118511,-0.0970488,-0.0524004,0.0446204,-0.0376571,0.139504,0.0338898,-0.0885068,-0.0674847,-0.0465691,-0.11109,-0.0473401,-0.0631246,0.00191464,0.0108285,-0.067126,-0.0326761,-0.0335282	-0.729774,-0.739346,-0.711116,-0.782871,-0.802849,-0.674754,-0.685486,-0.719178,-0.693473,-0.76296,-0.694966,-0.589925,-0.784275,-0.750034,-0.720473,-0.773827,-0.824746,-0.839347,-0.856634,-0.704473	0.725212,0.77169,0.765144,0.742213,0.783407,0.698348,0.664994,0.780387,0.710661,0.723296,0.658358,0.558705,0.737434,0.728563,0.688669,0.774594,0.828178,0.818327,0.847686,0.687176
0.0639844,0.0156339,0.141193,-0.0819461,-0.0576404,0.0437354,-0.0408663,0.147956,0.0740448,-0.0419901,-0.0670526,-0.0569214,-0.0915741,-0.0299739,-0.00767171,-0.0110487,-0.0109013,-0.0420861,-0.0567006,-0.036889	-0.738966,-0.769739,-0.723979,-0.7915,-0.808115,-0.680211,-0.693977,-0.727213,-0.683697,-0.740447,-0.691813,-0.57815,-0.767885,-0.745082,-0.71662,-0.78001,-0.839853,-0.83253,-0.860768,-0.706665	0.766699,0.776034,0.784936,0.758768,0.787139,0.703032,0.672174,0.790152,0.72123,0.720869,0.655152,0.538965,0.727465,0.731444,0.712868,0.775646,0.836611,0.819145,0.845325,0.687703
-0.109872,0.133264,-0.076121,-0.304595,0.0734133,0.114441,0.171566,0.00115674,0.0180597,0.0623287,0.0261827,0.143769,0.115227,0.0893683,0.0291421,0.0403472,0.0412784,0.0227092,0.0560334,0.0123208	-0.451417,-0.611935,-0.47964,-0.710434,-0.696028,-0.583923,-0.362561,-0.612557,-0.506874,-0.507506,-0.513043,-0.373529,-0.513107,-0.544888,-0.560807,-0.569942,-0.696032,-0.724447,-0.736141,-0.584169	0.359369,0.689011,0.41881,0.517913,0.732036,0.654619,0.502848,0.613279,0.520172,0.552362,0.532078,0.490934,0.593259,0.604805,0.580463,0.59657,0.716718,0.735063,0.760793,0.592227
-0.139116,0.154963,-0.0772936,-0.309539,0.053552,0.0918534,0.164958,-0.0163351,-0.0427714,-0.080438,-0.0718869,0.138368,0.132172,0.0601953,0.0164217,0.0842723,0.00525915,-0.008668,0.0693414,0.00744467	-0.450706,-0.591512,-0.454199,-0.696568,-0.703856,-0.592821,-0.366301,-0.613108,-0.551327,-0.591548,-0.575984,-0.379516,-0.487035,-0.540955,-0.568153,-0.550672,-0.709922,-0.741506,-0.733825,-0.593311	0.332434,0.683796,0.390619,0.493418,0.729896,0.649317,0.500988,0.60281,0.520838,0.536645,0.525871,0.492046,0.581758,0.582193,0.579171,0.606786,0.712521,0.737579,0.764276,0.598114
0.858417,0.683826,0.593001,0.692528,0.79143,0.776548,0.695994,0.702533,0.675694,0.752962,0.73099,0.595262,0.731786,0.724521,0.788213,0.776393,0.59728,0.692606,0.70212,0.790066	0.881793,0.635143,0.620778,0.688283,0.807744,0.741701,0.68591,0.714559,0.687155,0.756621,0.751008,0.576412,0.75908,0.713911,0.795541,0.76137,0.596975,0.693106,0.686818,0.772268	-0.0961746,0.0860615,-0.0439604,0.00811154,-0.0452252,0.0821804,0.0192945,-0.0241501,-0.0213941,-0.00850378,-0.0443838,0.0286961,-0.0614002,0.0219789,-0.019647,0.0367435,0.000475262,-0.00096259,0.0295548,0.0456524
0.309607,0.158638,0.335193,0.462134,0.351306,0.554748,0.505939,0.468338,0.506186,0.416022,0.453752,0.482423,0.575011,0.459289,0.434447,0.395115,0.262558,0.398436,0.366639,0.333361	0.45472,0.271103,0.463614,0.548653,0.409909,0.550751,0.518901,0.4745,0.512231,0.418495,0.523972,0.410117,0.598745,0.404953,0.45819,0.425547,0.353008,0.373971,0.349207,0.341343	-0.16889,-0.117519,-0.152049,-0.115907,-0.0684624,0.00575561,-0.0175768,-0.007923,-0.0081618,-0.00299492,-0.0921217,0.0901406,-0.0361959,0.0667505,-0.0296442,-0.0365829,-0.0996907,0.0287493,0.0199926,-0.00900699
0.605925,0.355315,0.459547,0.553773,0.440915,0.625424,0.56086,0.578044,0.592783,0.618613,0.448661,0.501145,0.570014,0.561096,0.679087,0.553007,0.353995,0.479117,0.469398,0.464102	0.622649,0.40534,0.501948,0.560359,0.477595,0.601327,0.556124,0.555373,0.584178,0.640764,0.521355,0.466599,0.625545,0.517142,0.678184,0.569405,0.381454,0.469445,0.462078,0.471587	-0.0268553,-0.0584416,-0.0551142,-0.00954912,-0.0464649,0.0386228,0.00688379,0.0333899,0.013163,-0.0366975,-0.094889,0.0450898,-0.086304,0.0619222,0.00167388,-0.0239345,-0.031746,0.0124778,0.00934631,-0.00958178
-0.710983,-0.442366,-0.619893,-0.44748,-0.43965,-0.408756,-0.469385,-0.461693,-0.454901,-0.4574,-0.426311,-0.347215,-0.52997,-0.404704,-0.416684,-0.443687,-0.463227,-0.36334,-0.426984,-0.242007	-0.250741,-0.136616,-0.0823375,0.000238555,-0.154226,-0.264034,-0.114367,-0.140472,-0.0971733,-0.0410152,-0.128518,-0.224548,-0.136227,-0.103766,-0.12063,-0.0279054,-0.0130569,-0.0578598,-0.0634936,0.00862301	-0.560091,-0.325416,-0.566468,-0.447671,-0.306186,-0.16223,-0.375157,-0.343499,-0.374272,-0.424346,-0.315054,-0.133039,-0.424383,-0.314129,-0.311723,-0.420994,-0.452909,-0.31204,-0.373619,-0.250108
-0.735763,-0.447852,-0.657667,-0.468097,-0.441721,-0.359006,-0.466748,-0.464975,-0.453863,-0.434516,-0.412068,-0.327843,-0.536366,-0.469564,-0.421385,-0.435328,-0.460966,-0.349924,-0.421335,-0.241417	-0.290091,-0.11327,-0.121398,0.0118443,-0.166383,-0.20417,-0.105191,-0.120932,-0.104943,-0.0384012,-0.13944,-0.214815,-0.120351,-0.150293,-0.144709,-0.00334082,-0.0184056,-0.0671776,-0.0567905,0.000805662	-0.566607,-0.352462,-0.582799,-0.477295,-0.29718,-0.167083,-0.380225,-0.364541,-0.36637,-0.402837,-0.289248,-0.121591,-0.444722,-0.343514,-0.294642,-0.432616,-0.446347,-0.289553,-0.373481,-0.242176
0.316729,0.162917,0.269846,0.429112,0.348759,0.519117,0.499502,0.435356,0.525058,0.38907,0.449095,0.452271,0.561623,0.479108,0.438263,0.371187,0.211341,0.367356,0.367492,0.326048	0.438543,0.318657,0.371835,0.519569,0.390855,0.550653,0.522587,0.429547,0.519452,0.387872,0.49889,0.398094,0.556504,0.4353,0.454584,0.416991,0.300645,0.342789,0.364303,0.351278	-0.141463,-0.164268,-0.113364,-0.116412,-0.0487401,-0.04416,-0.0312401,0.00714481,0.00770921,0.00141195,-0.0641726,0.0660728,0.00744661,0.055352,-0.0203809,-0.054192,-0.0953641,0.0281066,0.00368213,-0.0284942
0.633655,0.300422,0.517918,0.507439,0.434765,0.596319,0.566168,0.56148,0.580861,0.627311,0.480944,0.504024,0.584959,0.568114,0.677704,0.550304,0.363247,0.489761,0.485506,0.460075	0.625649,0.395927,0.533135,0.518244,0.454906,0.607789,0.571537,0.52662,0.560544,0.645871,0.533723,0.487862,0.612968,0.534775,0.669447,0.582072,0.390974,0.479677,0.492812,0.485331	0.0132645,-0.108399,-0.0210225,-0.0146606,-0.025107,-0.0179915,-0.00793733,0.0494951,0.0301253,-0.0312032,-0.0710055,0.0214324,-0.043665,0.0478881,0.0151143,-0.0467392,-0.0323172,0.0131806,-0.00960458,-0.0325161
-0.709529,-0.44702,-0.617571,-0.457945,-0.406763,-0.416106,-0.464049,-0.424177,-0.455895,-0.461389,-0.416238,-0.379231,-0.496958,-0.37496,-0.424268,-0.4565,-0.460591,-0.372334,-0.434484,-0.239156	-0.253439,-0.114737,-0.0910528,-0.0188457,-0.119516,-0.251499,-0.0920607,-0.0923702,-0.10726,-0.0446865,-0.135041,-0.250602,-0.104214,-0.0567794,-0.139367,-0.0395219,-0.00962412,-0.0713998,-0.0623293,0.0298777	-0.556087,-0.350247,-0.557889,-0.442922,-0.301925,-0.183847,-0.38859,-0.345338,-0.366559,-0.425475,-0.297944,-0.142137,-0.414195,-0.325102,-0.302805,-0.42464,-0.452974,-0.309153,-0.382514,-0.267125
-0.730281,-0.451184,-0.655076,-0.476098,-0.430418,-0.361947,-0.458114,-0.42892,-0.452209,-0.435603,-0.404147,-0.361578,-0.488738,-0.433791,-0.427796,-0.448592,-0.463541,-0.358563,-0.432331,-0.236837	-0.283492,-0.0901077,-0.132156,-0.0028534,-0.159046,-0.183999,-0.075615,-0.073595,-0.112173,-0.0369871,-0.150322,-0.242383,-0.0638871,-0.0921031,-0.160495,-0.0139018,-0.0220144,-0.0798408,-0.0612147,0.0230505	-0.563437,-0.376378,-0.572481,-0.473888,-0.291315,-0.190645,-0.396224,-0.366907,-0.358206,-0.405144,-0.270243,-0.130645,-0.438544,-0.355908,-0.287006,-0.437418,-0.446079,-0.286937,-0.381205,-0.258476
0.424383,0.23253,0.365915,0.49237,0.398093,0.535306,0.502596,0.458664,0.512293,0.382978,0.459817,0.370271,0.550235,0.426756,0.45741,0.384404,0.312228,0.330456,0.318737,0.265094	0.295015,0.166574,0.278704,0.413993,0.376203,0.515267,0.485068,0.430348,0.497546,0.402457,0.46294,0.407979,0.58363,0.436472,0.43301,0.370751,0.24961,0.345125,0.328793,0.264411	0.147883,0.0686143,0.0971158,0.0984428,0.025746,0.0276712,0.0231792,0.0352801,0.0197924,-0.0230284,-0.00396855,-0.0444176,-0.0491926,-0.01194,0.0304268,0.0159224,0.0679114,-0.0165572,-0.0112338,0.000734422
-0.646722,-0.356243,-0.558647,-0.418128,-0.393339,-0.397049,-0.462786,-0.399937,-0.423583,-0.464944,-0.369198,-0.37732,-0.518951,-0.378119,-0.421012,-0.437526,-0.44836,-0.36218,-0.42994,-0.24623	-0.174774,-0.111064,-0.0572242,-0.0281132,-0.128504,-0.244127,-0.1104,-0.0534264,-0.0536942,-0.050728,-0.110453,-0.206996,-0.129574,-0.0245247,-0.15028,-0.0495003,-0.0663805,-0.0402619,-0.054658,-0.00100896	-0.53209,-0.255279,-0.517981,-0.394654,-0.278934,-0.169336,-0.371359,-0.354076,-0.378497,-0.424222,-0.269745,-0.184754,-0.417447,-0.356904,-0.289018,-0.396616,-0.393696,-0.326682,-0.384313,-0.245282
-0.658223,-0.367033,-0.594582,-0.435229,-0.391729,-0.348911,-0.465482,-0.407491,-0.424602,-0.442008,-0.344492,-0.363313,-0.526917,-0.436263,-0.416462,-0.436043,-0.456808,-0.346278,-0.426359,-0.250803	-0.177699,-0.093565,-0.0861658,-0.00960512,-0.13416,-0.185466,-0.108054,-0.036982,-0.0644512,-0.0518547,-0.109946,-0.203793,-0.119298,-0.0625876,-0.161219,-0.0397493,-0.0859772,-0.0447618,-0.0520883,-0.0159701	-0.544174,-0.283193,-0.535871,-0.427411,-0.271856,-0.174754,-0.376357,-0.376178,-0.370284,-0.399305,-0.24378,-0.172276,-0.434961,-0.384165,-0.273614,-0.403284,-0.385991,-0.306263,-0.382771,-0.235777
-0.720197,-0.439905,-0.597506,-0.43942,-0.392369,-0.411352,-0.461225,-0.431709,-0.451276,-0.450715,-0.368939,-0.377287,-0.478883,-0.387373,-0.438849,-0.436244,-0.464476,-0.357488,-0.426338,-0.221384	-0.271656,-0.172417,-0.0676566,-0.00296376,-0.111482,-0.248673,-0.0929187,-0.0762273,-0.0836338,-0.0454232,-0.115047,-0.237026,-0.100918,-0.0426318,-0.153276,-0.0400251,-0.038529,-0.0485022,-0.0571772,0.0321889	-0.557641,-0.289441,-0.552172,-0.437025,-0.293735,-0.181216,-0.384797,-0.367578,-0.382062,-0.413763,-0.265145,-0.154037,-0.397159,-0.35053,-0.306167,-0.40326,-0.433709,-0.314438,-0.378385,-0.251778
-0.736628,-0.448469,-0.626499,-0.458185,-0.389357,-0.36013,-0.46153,-0.439051,-0.446959,-0.425343,-0.343897,-0.360444,-0.485422,-0.450433,-0.43355,-0.431062,-0.467296,-0.343445,-0.420062,-0.220083	-0.294403,-0.153555,-0.0863107,0.0125005,-0.115218,-0.185079,-0.0872153,-0.0609283,-0.0875051,-0.0409343,-0.114527,-0.230276,-0.0861142,-0.0865643,-0.162332,-0.0244936,-0.0503292,-0.0564442,-0.0512062,0.0243269	-0.564685,-0.316725,-0.571068,-0.468005,-0.287015,-0.187552,-0.390014,-0.388516,-0.374085,-0.39122,-0.238774,-0.14195,-0.416728,-0.378632,-0.291751,-0.410907,-0.42701,-0.292674,-0.376964,-0.243108
0.682516,0.843661,0.741659,0.776652,0.843572,0.759803,0.747172,0.78079,0.831054,0.717466,0.806556,0.843337,0.789632,0.791784,0.779514,0.790939,0.802048,0.808016,0.863801,0.785934	0.72579,0.893588,0.815774,0.845451,0.830494,0.760176,0.756851,0.811175,0.81699,0.666412,0.753558,0.822998,0.833558,0.859047,0.760533,0.800027,0.791833,0.766801,0.860103,0.770785	-0.0857535,-0.202862,-0.187645,-0.200357,0.0436775,-0.000883249,-0.0222762,-0.0828717,0.043808,0.0978278,0.135125,0.066481,-0.128514,-0.210314,0.0466179,-0.0247495,0.0279925,0.108343,0.0143849,0.0384288
0.858674,0.654122,0.566734,0.710307,0.794121,0.775043,0.71077,0.684918,0.659993,0.751605,0.741349,0.606627,0.755398,0.722255,0.800466,0.777094,0.601063,0.691708,0.705866,0.792446	0.878539,0.626733,0.600573,0.703562,0.815139,0.738669,0.684585,0.693559,0.698095,0.758345,0.764956,0.611862,0.76216,0.720787,0.800959,0.760744,0.595542,0.703473,0.69206,0.771346	-0.0808786,0.0464193,-0.0512997,0.013483,-0.0595947,0.0850845,0.0510004,-0.0164592,-0.070657,-0.0156753,-0.0545304,-0.00832404,-0.0159375,0.0030619,-0.00137234,0.0399927,0.00859914,-0.0229153,0.0269903,0.0542758
0.319593,0.136289,0.311943,0.4709,0.357923,0.549364,0.520241,0.434956,0.4896,0.442844,0.466413,0.489535,0.593079,0.467449,0.46181,0.396358,0.25943,0.410304,0.366622,0.342319	0.418065,0.250845,0.427505,0.578265,0.424988,0.545444,0.526983,0.442606,0.517506,0.420112,0.55658,0.46206,0.619913,0.417513,0.457828,0.424397,0.353958,0.382883,0.359723,0.343075	-0.113657,-0.118611,-0.133345,-0.147541,-0.0790974,0.00559736,-0.00928891,-0.00947399,-0.0373765,0.0279288,-0.121781,0.0355065,-0.042436,0.0620453,0.00504931,-0.0337101,-0.104087,0.0325319,0.00794719,-0.000856446
0.602347,0.356658,0.43481,0.555419,0.44729,0.618828,0.572904,0.549567,0.56348,0.626628,0.461032,0.508241,0.579813,0.561847,0.68422,0.555987,0.356497,0.486251,0.472703,0.471878	0.603451,0.38478,0.472068,0.591358,0.490998,0.594173,0.560697,0.530243,0.596659,0.643032,0.553197,0.510858,0.643792,0.529581,0.683145,0.565075,0.381821,0.481348,0.469947,0.47048	-0.00173413,-0.0325955,-0.0468802,-0.0535169,-0.0560082,0.0389926,0.0179835,0.0272704,-0.0499846,-0.0274753,-0.123717,-0.00353469,-0.102086,0.0459336,0.00201906,-0.0132513,-0.0293142,0.00640148,0.00354334,0.00179657
-0.705343,-0.482403,-0.623947,-0.350749,-0.452178,-0.443329,-0.530536,-0.469441,-0.455469,-0.476111,-0.426347,-0.397518,-0.559384,-0.432395,-0.43334,-0.455279,-0.464126,-0.365192,-0.429218,-0.245869	-0.304317,-0.171312,-0.17518,0.0700216,-0.128247,-0.286627,-0.107964,-0.201491,-0.090286,-0.0246998,-0.0673498,-0.162067,-0.079109,-0.0800714,-0.121349,-0.0322259,-0.0114985,-0.0382659,-0.041066,0.0171973	-0.510632,-0.339116,-0.503837,-0.410684,-0.343872,-0.179512,-0.448248,-0.295942,-0.380845,-0.456783,-0.36961,-0.251665,-0.502512,-0.36496,-0.329307,-0.429352,-0.455056,-0.33156,-0.395117,-0.261959
-0.72295,-0.494628,-0.663817,-0.367962,-0.450128,-0.386205,-0.524913,-0.469399,-0.435042,-0.404301,-0.371422,-0.378447,-0.567479,-0.485366,-0.431511,-0.460581,-0.451737,-0.345647,-0.42605,-0.244932	-0.337629,-0.150024,-0.217537,0.0820626,-0.140551,-0.224289,-0.0975473,-0.184707,-0.0962221,-0.0209604,-0.0756414,-0.153069,-0.0597574,-0.125651,-0.144552,-0.00762612,-0.0164312,-0.0478952,-0.0344744,0.00938702	-0.509744,-0.372225,-0.521602,-0.436834,-0.330485,-0.177272,-0.45043,-0.311718,-0.353623,-0.386617,-0.304331,-0.239236,-0.525544,-0.383078,-0.306049,-0.454551,-0.438561,-0.302764,-0.397413,-0.253736
0.326409,0.14281,0.24408,0.437532,0.356904,0.513139,0.50934,0.400165,0.515899,0.417044,0.46192,0.464867,0.574733,0.489409,0.462381,0.370584,0.207015,0.383006,0.367758,0.334467	0.405649,0.280532,0.327834,0.550934,0.402733,0.546367,0.542848,0.399313,0.50547,0.387679,0.527438,0.432173,0.594518,0.440602,0.457906,0.415167,0.304957,0.344615,0.373714,0.355693	-0.091334,-0.14347,-0.0910388,-0.149421,-0.0535228,-0.0461725,-0.046314,0.00101407,0.0141089,0.0350291,-0.0866228,0.0409138,-0.0300529,0.0622249,0.00567636,-0.052689,-0.104543,0.044229,-0.00690485,-0.0240924
0.629013,0.302758,0.497985,0.507123,0.443123,0.589368,0.573326,0.530675,0.561128,0.635822,0.493636,0.517526,0.588925,0.571784,0.680482,0.551963,0.364233,0.50037,0.48875,0.467309	0.609247,0.356185,0.50212,0.549412,0.465534,0.601658,0.587489,0.502642,0.556104,0.645417,0.561999,0.514964,0.646836,0.540865,0.67891,0.577635,0.394894,0.483834,0.499192,0.486913	0.0320467,-0.0598852,-0.00551364,-0.0586229,-0.0282361,-0.0190426,-0.0213567,0.0382315,0.00730308,-0.016273,-0.0946106,0.00349187,-0.0935463,0.0447615,0.00292092,-0.0376878,-0.035812,0.0218172,-0.0138112,-0.0253787
-0.705435,-0.491059,-0.624514,-0.362063,-0.421066,-0.448564,-0.522629,-0.432205,-0.466248,-0.481701,-0.415571,-0.429924,-0.522509,-0.404785,-0.43788,-0.466166,-0.460697,-0.377697,-0.436902,-0.242702	-0.304868,-0.171688,-0.192042,0.0549151,-0.098246,-0.272451,-0.0608623,-0.152001,-0.132718,-0.0325838,-0.0799611,-0.210796,-0.0133767,-0.0419251,-0.132312,-0.0420609,-0.00156894,-0.0644616,-0.0412319,0.0424148	-0.510318,-0.348775,-0.491408,-0.408849,-0.336751,-0.200632,-0.476937,-0.299907,-0.35553,-0.456278,-0.347146,-0.240966,-0.512716,-0.369124,-0.32436,-0.432587,-0.45946,-0.321052,-0.402928,-0.282211
-0.719766,-0.501634,-0.663991,-0.376629,-0.440636,-0.387677,-0.513331,-0.432356,-0.442507,-0.407434,-0.363622,-0.412243,-0.516472,-0.452199,-0.434216,-0.47184,-0.454069,-0.356532,-0.436847,-0.239902	-0.330587,-0.149469,-0.235931,0.0714717,-0.13859,-0.202937,-0.0421173,-0.135311,-0.13467,-0.0233605,-0.0923874,-0.202988,0.0331943,-0.07698,-0.152138,-0.0166946,-0.0135678,-0.0726362,-0.0402144,0.0356844	-0.510698,-0.380711,-0.507574,-0.436355,-0.32169,-0.200515,-0.481627,-0.315502,-0.327344,-0.387764,-0.280664,-0.228364,-0.540402,-0.388752,-0.30203,-0.458759,-0.443232,-0.291443,-0.403726,-0.273247
0.400236,0.23089,0.330357,0.506203,0.409075,0.527645,0.515284,0.426028,0.488126,0.390365,0.477246,0.393248,0.565267,0.430645,0.456276,0.386743,0.314815,0.337096,0.327449,0.274932	0.302611,0.141951,0.250915,0.434828,0.385622,0.506948,0.496415,0.399509,0.493542,0.429526,0.480183,0.422873,0.604798,0.447701,0.459116,0.36833,0.246029,0.359318,0.331586,0.272829	0.111078,0.0919529,0.086622,0.0915196,0.027846,0.0282552,0.0253554,0.0319593,-0.00713462,-0.0470497,-0.0038108,-0.0355341,-0.0600655,-0.0211299,-0.00359176,0.0214721,0.0745604,-0.0252847,-0.00464102,0.00227427
-0.618375,-0.403403,-0.550413,-0.31862,-0.410845,-0.43409,-0.528176,-0.405444,-0.43242,-0.482202,-0.376362,-0.432111,-0.550066,-0.404818,-0.428059,-0.448381,-0.453621,-0.36342,-0.437184,-0.248396	-0.161384,-0.147983,-0.124088,0.0160066,-0.112701,-0.268615,-0.0968322,-0.117745,-0.0735188,-0.000602086,-0.0751307,-0.183517,-0.0761123,-0.00124787,-0.120193,-0.0508327,-0.0699876,-0.017219,-0.0450196,0.0152381	-0.507653,-0.271636,-0.457577,-0.332929,-0.31262,-0.187316,-0.454594,-0.302122,-0.370685,-0.481739,-0.309997,-0.270005,-0.494663,-0.403774,-0.324565,-0.406821,-0.396212,-0.348382,-0.400038,-0.26264
-0.620732,-0.420407,-0.587698,-0.332875,-0.405485,-0.378256,-0.52743,-0.407868,-0.413672,-0.413815,-0.309112,-0.417757,-0.560555,-0.451579,-0.41726,-0.46048,-0.452065,-0.34071,-0.436338,-0.251521	-0.160996,-0.131824,-0.15419,0.0339636,-0.118443,-0.20733,-0.093627,-0.103732,-0.0826687,-0.00343751,-0.0717101,-0.1807,-0.0637983,-0.0393757,-0.13097,-0.0417834,-0.0879512,-0.0219193,-0.0426358,0.000183152	-0.510781,-0.305515,-0.476706,-0.362737,-0.301524,-0.185471,-0.456337,-0.317572,-0.342724,-0.410962,-0.242783,-0.256414,-0.515181,-0.419665,-0.302839,-0.426911,-0.37919,-0.32119,-0.401166,-0.251692
-0.712209,-0.479028,-0.597652,-0.345863,-0.409149,-0.447861,-0.524656,-0.438862,-0.462899,-0.469947,-0.375039,-0.42923,-0.51061,-0.415672,-0.454744,-0.446839,-0.467313,-0.360628,-0.432241,-0.223457	-0.306509,-0.186075,-0.150524,0.0326795,-0.0931069,-0.273119,-0.0750454,-0.143548,-0.126085,-0.022015,-0.0797803,-0.207673,-0.0559088,-0.0291653,-0.154601,-0.0355053,-0.0341284,-0.0343849,-0.0403909,0.0501797	-0.518995,-0.321621,-0.491328,-0.374312,-0.328558,-0.199095,-0.468039,-0.315169,-0.357691,-0.452615,-0.304365,-0.243239,-0.468064,-0.39125,-0.322839,-0.417965,-0.440205,-0.330339,-0.398813,-0.270603
-0.721221,-0.493773,-0.627978,-0.362487,-0.402296,-0.388928,-0.521085,-0.441479,-0.438361,-0.39571,-0.308379,-0.412444,-0.520198,-0.467306,-0.442963,-0.455082,-0.460698,-0.339492,-0.428164,-0.220909	-0.323717,-0.168412,-0.171833,0.0476346,-0.0968541,-0.206661,-0.0681097,-0.130521,-0.126851,-0.0169163,-0.0764391,-0.201525,-0.0388891,-0.0732134,-0.162035,-0.0201027,-0.0451083,-0.042358,-0.0345211,0.0423327	-0.518577,-0.354871,-0.511321,-0.403161,-0.317826,-0.198197,-0.469643,-0.329972,-0.329852,-0.381347,-0.23754,-0.230039,-0.491247,-0.408054,-0.30265,-0.438996,-0.424409,-0.301469,-0.399548,-0.260803
0.719186,0.825505,0.75439,0.810039,0.844178,0.751646,0.725372,0.781515,0.855247,0.771818,0.847104,0.827064,0.760714,0.793787,0.7914,0.76521,0.804345,0.810273,0.855011,0.786087	0.730289,0.891515,0.824929,0.865489,0.821208,0.735861,0.727184,0.799812,0.79566,0.617489,0.719575,0.802408,0.821917,0.842073,0.762496,0.80309,0.775532,0.755009,0.857083,0.767633	-0.0233843,-0.24999,-0.186768,-0.185501,0.0748832,0.0353204,-0.00383399,-0.0488011,0.186492,0.294852,0.326626,0.0733035,-0.163313,-0.145628,0.0728849,-0.0982707,0.0765872,0.142347,-0.00775697,0.0465318
0.0182259,0.0235066,-0.14993,-0.0790285,-0.0217182,-0.0726448,-0.00417949,-0.0926904,0.0347956,-0.079319,-0.030279,-0.0598551,-0.0754176,0.0523584,0.00453385,-0.0629665,-0.0933663,-0.06927,0.00827314,-0.0130729	-0.78078,-0.501571,-0.395639,-0.36419,-0.654375,-0.474818,-0.334572,-0.468742,-0.32079,-0.595774,-0.480138,-0.298812,-0.434241,-0.459602,-0.606239,-0.611521,-0.429717,-0.515039,-0.491878,-0.660259	0.787795,0.518959,0.261202,0.293612,0.641778,0.416541,0.330855,0.393133,0.35166,0.542072,0.456495,0.243309,0.370972,0.49993,0.609099,0.570523,0.350409,0.462261,0.498124,0.652821
0.116415,-0.0951401,0.104077,-0.113706,-0.0377161,-0.0522319,0.0327071,-0.059964,-0.0524666,0.0164985,0.0736922,0.0123219,0.00246006,0.0236992,-0.0232838,0.00193989,0.0198642,0.0366529,0.0482983,-0.00136835	-0.644136,-0.463884,-0.12885,-0.351796,-0.61334,-0.385228,-0.243583,-0.345511,-0.265606,-0.309169,-0.421491,-0.174374,-0.335598,-0.356243,-0.337181,-0.437725,-0.317204,-0.370023,-0.357646,-0.579132	0.707498,0.385769,0.229845,0.248011,0.589255,0.339834,0.274107,0.291588,0.216152,0.324015,0.480266,0.186295,0.337779,0.376761,0.316381,0.439291,0.334957,0.401234,0.399051,0.578222
0.108519,-0.0541773,0.0360199,-0.0399285,0.120105,-0.0570842,0.0175825,0.105492,0.00568156,0.00319035,0.0271596,-0.0782974,0.116568,0.0607898,-0.0272648,-0.0585504,0.00371158,-0.0227726,-0.0265426,0.00714076	-0.881703,-0.708195,-0.615587,-0.70539,-0.78564,-0.80937,-0.713573,-0.696741,-0.700683,-0.768163,-0.764275,-0.696911,-0.748042,-0.723731,-0.812345,-0.783551,-0.603318,-0.707214,-0.711874,-0.78235	0.90375,0.680113,0.637472,0.684748,0.827648,0.788727,0.722095,0.747305,0.703564,0.769467,0.77534,0.654317,0.795265,0.75146,0.802862,0.759861,0.605673,0.695645,0.69853,0.785104
0.131407,-0.0522078,0.0345117,-0.0318734,0.0646315,-0.0368517,0.0292566,0.102443,0.00925225,0.0127116,0.0159591,-0.0814656,0.155583,0.0732188,-0.0201368,-0.055616,-0.0049973,-0.0216161,-0.0364547,0.0102066	-0.880068,-0.700124,-0.628053,-0.70258,-0.80356,-0.798222,-0.710068,-0.694449,-0.700023,-0.764853,-0.772195,-0.69356,-0.736343,-0.724906,-0.808266,-0.778615,-0.610907,-0.708878,-0.714653,-0.784782	0.906626,0.672498,0.648508,0.68607,0.825328,0.784445,0.724278,0.743965,0.704711,0.770077,0.778559,0.648749,0.800248,0.757898,0.801169,0.755724,0.607765,0.697957,0.696339,0.788672
-0.340798,-0.166853,-0.187641,-0.135244,-0.0862732,-0.177127,-0.112407,-0.203045,-0.167715,-0.379491,-0.0108516,-0.190664,-0.0777189,-0.198364,-0.405276,-0.283588,-0.0774935,-0.203315,-0.210439,-0.287305	-0.0397108,0.0041314,-0.11112,-0.0848938,0.030097,-0.0658647,-0.0301077,-0.0548935,-0.0161026,-0.0410696,-0.0104035,-0.118867,-0.0131954,-0.0155403,0.00604009,-0.0473437,-0.0221888,-0.0781511,-0.0546083,-0.118904	-0.305218,-0.170867,-0.0781506,-0.0509346,-0.116069,-0.112575,-0.0825792,-0.149821,-0.152023,-0.343779,-0.000448143,-0.0734612,-0.0645897,-0.183389,-0.410312,-0.23946,-0.0554,-0.127185,-0.157642,-0.174357
0.235245,0.137882,0.169842,0.082456,0.0946674,0.030999,0.0239255,0.106103,0.0579896,-0.0057423,0.109298,-0.0584051,0.0482117,0.0180522,-0.00812219,0.014387,0.05416,-0.0104378,-0.0114898,-0.00135853	-0.359173,-0.225166,-0.351282,-0.479148,-0.398285,-0.62357,-0.547281,-0.464785,-0.515834,-0.441218,-0.49576,-0.575127,-0.615774,-0.453486,-0.505865,-0.416265,-0.302301,-0.408904,-0.390282,-0.335898	0.548106,0.352117,0.491783,0.540259,0.475041,0.642156,0.563823,0.544057,0.557158,0.436582,0.573957,0.534682,0.644842,0.467709,0.499796,0.428088,0.350719,0.400174,0.380499,0.334692
0.259017,0.132141,0.176482,0.0916523,0.10282,0.0284002,0.0167189,0.101535,0.0549546,-0.0102553,0.123725,-0.0675417,0.0400019,0.0209849,0.00502894,0.000634141,0.041886,-0.00494066,-0.0156975,-0.00900168	-0.354664,-0.2136,-0.360408,-0.469591,-0.399646,-0.608661,-0.547936,-0.463206,-0.519827,-0.444321,-0.495162,-0.575329,-0.614572,-0.466022,-0.504354,-0.414857,-0.314382,-0.411576,-0.390988,-0.347926	0.562049,0.336251,0.504784,0.538085,0.482634,0.626236,0.559529,0.539373,0.558818,0.436053,0.58316,0.528317,0.638868,0.48229,0.508094,0.415382,0.351637,0.407464,0.377608,0.339989
0.0123982,0.0163719,0.0674044,0.00538654,0.0944992,-0.00583064,0.020376,0.0506978,0.0046668,0.0319671,0.105484,-0.06341,0.129209,0.0127967,-0.0564016,0.00845268,0.00910056,-0.0025443,-0.00241144,0.0387175	-0.666902,-0.447936,-0.477153,-0.551252,-0.470131,-0.683982,-0.59026,-0.576968,-0.616333,-0.636191,-0.495721,-0.609657,-0.597423,-0.564198,-0.723436,-0.568258,-0.375507,-0.489598,-0.488469,-0.444807	0.673729,0.460928,0.527589,0.554991,0.540613,0.680866,0.603379,0.609828,0.619219,0.65484,0.57133,0.568213,0.674561,0.572858,0.695409,0.573954,0.383298,0.487661,0.486631,0.475338
0.0283061,0.0136126,0.0840722,0.0105457,0.105551,-0.00057718,0.0163823,0.04317,0.00955221,0.0343836,0.119305,-0.0691814,0.126547,0.0114442,-0.0317509,-0.00136072,0.00326257,-0.000904245,-0.00349733,0.039382	-0.666236,-0.437762,-0.48153,-0.545264,-0.46963,-0.669334,-0.589998,-0.576243,-0.616016,-0.636408,-0.495469,-0.607477,-0.593537,-0.574892,-0.716101,-0.563669,-0.3833,-0.494514,-0.487236,-0.451578	0.681686,0.448701,0.543596,0.552632,0.548016,0.669016,0.600576,0.604378,0.621908,0.656428,0.580462,0.56191,0.669777,0.582504,0.700272,0.56274,0.38608,0.493831,0.484564,0.482381
0.909334,0.924954,0.921371,0.900262,0.90471,0.818476,0.861681,0.881356,0.914561,0.833756,0.883171,0.879379,0.905627,0.91169,0.881722,0.881468,0.894786,0.869051,0.91541,0.832373	0.892081,0.946282,0.901596,0.909332,0.892714,0.879241,0.869489,0.900333,0.907729,0.835084,0.872134,0.884599,0.919723,0.879789,0.856134,0.900529,0.890525,0.859988,0.921057,0.824124	0.0913799,-0.170989,0.116804,-0.0500063,0.0623687,-0.216736,-0.0311361,-0.091905,0.0402266,-0.00437443,0.0480374,-0.0235019,-0.0843689,0.161194,0.104389,-0.0924333,0.0209749,0.0358758,-0.0359995,0.0262691
-0.371942,-0.111635,-0.242132,-0.0490078,-0.0691065,-0.138813,-0.134895,-0.154786,-0.134987,-0.376636,-0.0541993,-0.193067,-0.0759584,-0.218964,-0.397201,-0.27768,-0.086668,-0.214823,-0.237987,-0.285814	-0.0480536,-0.0105787,0.012169,-0.0221638,0.0397503,-0.0148682,-0.027116,0.0151056,-0.0438355,0.0168931,0.00812329,-0.0688527,0.0411205,-0.0535902,0.00284649,-0.00828894,0.0479641,-0.0319375,-0.0614759,-0.112518	-0.329783,-0.101176,-0.253554,-0.0268733,-0.108559,-0.124202,-0.108175,-0.169495,-0.0916943,-0.391041,-0.0622951,-0.125888,-0.116714,-0.167337,-0.399595,-0.270012,-0.134075,-0.184149,-0.179132,-0.179054
0.206846,0.167046,0.135216,0.105868,0.0397205,0.064374,0.0111429,0.0345453,0.0552068,-0.00716678,0.0919469,0.00393972,-0.0340788,-0.0191745,0.00529753,0.043269,0.0492087,0.00307341,0.00343818,-0.00430076	-0.366993,-0.229444,-0.287238,-0.443061,-0.401965,-0.594422,-0.547542,-0.441586,-0.530812,-0.415877,-0.489872,-0.538149,-0.612682,-0.483785,-0.505467,-0.39039,-0.252422,-0.378459,-0.389043,-0.332625	0.533352,0.381854,0.40666,0.524335,0.434745,0.634516,0.555297,0.468977,0.569334,0.409932,0.556742,0.540942,0.590941,0.468961,0.509401,0.426455,0.29793,0.381089,0.391957,0.328794
0.224168,0.16036,0.142755,0.109296,0.0740661,0.0494768,-0.00425759,0.0314283,0.0492147,-0.0163149,0.113102,-0.0021046,-0.0684,-0.0243858,0.0152637,0.0283866,0.0434349,0.00782368,0.00476221,-0.0132015	-0.363239,-0.218323,-0.297165,-0.434815,-0.399971,-0.581496,-0.550994,-0.438659,-0.534656,-0.419599,-0.488289,-0.538443,-0.616224,-0.497771,-0.50491,-0.388348,-0.264815,-0.381592,-0.388062,-0.345214	0.543178,0.365874,0.422017,0.519426,0.460398,0.613327,0.548022,0.463695,0.568901,0.406063,0.569917,0.536947,0.571931,0.479202,0.516196,0.41219,0.304745,0.388257,0.3921,0.333533
-0.0319786,0.0490275,0.0408898,0.0330265,0.0347024,0.0330612,0.00693917,-0.0270483,-0.000103474,0.0305744,0.0933416,0.0018109,0.0472316,-0.0298007,-0.0371066,0.0447099,0.00646084,0.0128942,0.0148088,0.0352063	-0.693426,-0.399149,-0.528742,-0.503985,-0.472041,-0.659407,-0.603633,-0.571224,-0.60205,-0.645536,-0.523948,-0.60437,-0.616258,-0.582791,-0.717038,-0.560844,-0.385082,-0.500343,-0.500997,-0.444891	0.676448,0.439575,0.557577,0.528219,0.498577,0.677694,0.608025,0.552715,0.601984,0.663024,0.588508,0.605518,0.644723,0.562764,0.698517,0.590741,0.390571,0.509947,0.512008,0.472693
-0.0250955,0.0452896,0.0598352,0.0321976,0.0738909,0.0243773,-0.00612834,-0.0323707,0.00171137,0.0259639,0.115153,-0.00127187,0.0171036,-0.0403652,-0.0174423,0.0330186,0.00692469,0.0139204,0.0201052,0.0343441	-0.693778,-0.388171,-0.530681,-0.499956,-0.466994,-0.647717,-0.606203,-0.570008,-0.602137,-0.647075,-0.522716,-0.602469,-0.617677,-0.595678,-0.712306,-0.557148,-0.392187,-0.505508,-0.498754,-0.451796	0.680531,0.425971,0.572343,0.523723,0.522843,0.661647,0.602312,0.547744,0.603227,0.661919,0.601655,0.601658,0.628144,0.568994,0.703606,0.579506,0.39803,0.515799,0.513708,0.478712
0.907231,0.922448,0.921112,0.896555,0.910868,0.817124,0.861914,0.877982,0.912796,0.832548,0.881725,0.886945,0.895109,0.905621,0.880953,0.881943,0.893254,0.869947,0.918059,0.831432	0.894441,0.943907,0.899745,0.909511,0.876753,0.88618,0.876002,0.895874,0.90781,0.837916,0.865725,0.88965,0.928185,0.879296,0.857942,0.901697,0.883668,0.861526,0.918905,0.824365	0.0678389,-0.165973,0.12478,-0.0701966,0.169394,-0.250308,-0.0575102,-0.0838264,0.0291016,-0.0177533,0.0676049,-0.012826,-0.195515,0.129237,0.0942313,-0.0964804,0.045505,0.0336158,-0.00541277,0.0224654
-0.225233,-0.124045,-0.103316,-0.0707195,-0.00805274,-0.0346361,-0.00461834,-0.0576031,-0.0541942,0.0280797,-0.00296725,-0.00217339,0.0784993,-0.00676852,-0.030907,-0.00713449,-0.0440028,0.00769586,0.00886613,0.032281	-0.530374,-0.343124,-0.389473,-0.485191,-0.442545,-0.619864,-0.53638,-0.485666,-0.552321,-0.404315,-0.511063,-0.504673,-0.578226,-0.449757,-0.519718,-0.396254,-0.324436,-0.354091,-0.345798,-0.238445	0.346538,0.228819,0.298154,0.429198,0.436046,0.598068,0.533082,0.440384,0.513497,0.427541,0.508867,0.503052,0.628211,0.444341,0.496791,0.390223,0.284495,0.360803,0.35358,0.268659
-0.237925,-0.1205,-0.0961034,-0.0751974,-0.00590837,-0.0276635,-0.00132326,-0.0591127,-0.0466748,0.0340098,-0.00350234,0.000897731,0.0832978,-0.0107595,-0.027141,-0.00169647,-0.0375001,0.00389543,0.0119346,0.0398433	-0.537621,-0.328744,-0.394891,-0.48152,-0.444289,-0.601395,-0.534753,-0.48298,-0.551146,-0.401923,-0.513687,-0.501701,-0.571085,-0.46564,-0.519535,-0.388693,-0.329352,-0.360446,-0.343355,-0.244008	0.343654,0.216833,0.310573,0.421588,0.439535,0.583438,0.533807,0.436325,0.517792,0.430054,0.511104,0.502373,0.624668,0.457171,0.499436,0.387252,0.295501,0.363831,0.35384,0.281118
0.88459,0.910978,0.906675,0.888056,0.896628,0.816211,0.864165,0.876798,0.912268,0.838917,0.868283,0.889149,0.908655,0.907671,0.870679,0.883602,0.895679,0.87121,0.919803,0.838473	0.885252,0.929422,0.889306,0.904545,0.890842,0.87597,0.866746,0.892189,0.903095,0.836586,0.866904,0.887681,0.91788,0.877789,0.855569,0.891542,0.879663,0.86677,0.921804,0.822847	-0.00305559,-0.120303,0.0896786,-0.0838196,0.0287519,-0.209663,-0.0102811,-0.0706879,0.0520773,0.00781811,0.00557738,0.00696531,-0.0555847,0.147012,0.059238,-0.0374076,0.0755065,0.0181308,-0.0131511,0.0503955
0.905395,0.920139,0.907774,0.89373,0.893213,0.815826,0.86337,0.880398,0.912104,0.831348,0.868414,0.887739,0.900728,0.910314,0.876226,0.880206,0.89652,0.86743,0.916082,0.829778	0.896052,0.939481,0.8983,0.906209,0.889289,0.879705,0.86848,0.894646,0.908254,0.834011,0.866642,0.888523,0.91416,0.877392,0.863811,0.892657,0.887168,0.859627,0.920888,0.821409	0.0495078,-0.142693,0.0513397,-0.0656463,0.0190751,-0.226269,-0.0204254,-0.0670981,0.0224389,-0.00868604,0.0071647,-0.00370955,-0.0760619,0.16355,0.0510689,-0.0581052,0.0457001,0.030678,-0.0307295,0.0262861
