0.0911298,-0.109683,0.0270939,0.0843064,0.153574,0.124707,-0.00922544,-0.0827895,0.0753776,0.123853,0.187129,0.130049,0.0703381,0.173645,0.105875,0.15349,0.0695559,0.0450318,0.127958,0.360188	-0.528741,-0.555381,-0.582083,-0.316635,-0.330345,-0.346148,-0.455709,-0.480805,-0.462805,-0.193294,-0.270677,-0.342357,-0.475167,-0.167052,-0.289494,-0.293946,-0.482789,-0.388096,-0.0690199,0.227119	0.591376,0.474609,0.599718,0.390517,0.460554,0.451371,0.448369,0.414515,0.520041,0.309731,0.435735,0.45227,0.527862,0.331093,0.383612,0.428121,0.5344,0.425688,0.195254,0.144924
0.0981853,-0.107114,0.0198196,0.0956085,0.157556,0.114788,-0.0321131,-0.114203,0.0909705,0.14569,0.226155,0.149124,0.0389899,0.24335,0.0863578,0.15482,0.065447,0.0312569,0.148596,0.373827	-0.516183,-0.553286,-0.589486,-0.311912,-0.313209,-0.309879,-0.474472,-0.486677,-0.440993,-0.229968,-0.239316,-0.355551,-0.444183,-0.172314,-0.304801,-0.354935,-0.466159,-0.424619,0.0197576,0.310083	0.584733,0.47428,0.602269,0.39572,0.448626,0.41008,0.449204,0.394395,0.511446,0.36348,0.441573,0.479264,0.474947,0.398936,0.381127,0.483202,0.515867,0.449905,0.129218,0.0721023
-0.0795579,-0.0579768,0.0214388,-0.0162101,-0.083571,-0.00367291,0.00715992,0.0069233,-0.115117,-0.0991516,-0.115818,-0.0179221,-0.155521,-0.149451,-0.154664,-0.119411,-0.0402548,-0.0277794,-0.229044,-0.105794	-0.743499,-0.669732,-0.713704,-0.508947,-0.723242,-0.638737,-0.509035,-0.620015,-0.664205,-0.586784,-0.577764,-0.634983,-0.633301,-0.587265,-0.482309,-0.562521,-0.496908,-0.353976,-0.610672,-0.494399	0.705683,0.636469,0.724064,0.496836,0.680822,0.636558,0.51432,0.624258,0.594547,0.517756,0.495074,0.624164,0.529979,0.479937,0.354056,0.475018,0.465974,0.329436,0.443688,0.410052
-0.0799699,-0.0651904,0.0124458,-0.00631855,-0.0816999,-0.0127872,0.0143787,0.0111233,-0.108023,-0.100789,-0.122823,-0.0292256,-0.16373,-0.146086,-0.14779,-0.113937,-0.0382754,-0.0353548,-0.217608,-0.104062	-0.741653,-0.67869,-0.716066,-0.50034,-0.725314,-0.636763,-0.489243,-0.629145,-0.659836,-0.589817,-0.580664,-0.646224,-0.639137,-0.587175,-0.469688,-0.563082,-0.502097,-0.378305,-0.604982,-0.488915	0.703402,0.641899,0.722077,0.495589,0.684156,0.629098,0.500104,0.635819,0.594163,0.519936,0.493002,0.628876,0.530971,0.482475,0.345909,0.479937,0.47291,0.3476,0.446103,0.405483
-0.0749797,-0.0564586,0.0120139,-0.0294984,-0.0803348,-0.00373757,0.0298925,-0.025569,-0.0887666,-0.0867086,-0.0898332,-0.0234107,-0.146485,-0.135651,-0.103763,-0.0935644,-0.0393185,-0.0293252,-0.174181,-0.0884407	-0.738777,-0.659331,-0.708335,-0.524856,-0.722555,-0.620686,-0.511284,-0.645788,-0.649586,-0.58114,-0.578515,-0.640647,-0.626801,-0.576421,-0.454478,-0.52883,-0.515172,-0.394229,-0.56531,-0.492127	0.702724,0.626182,0.714271,0.503148,0.681796,0.618383,0.53303,0.630632,0.595136,0.520668,0.515471,0.626635,0.528876,0.478159,0.368073,0.457924,0.485691,0.369172,0.433849,0.422056
-0.0747782,-0.063195,0.00652222,-0.0299773,-0.0840988,-0.00156519,0.0251087,-0.0184272,-0.0933432,-0.0948857,-0.108903,-0.0312159,-0.141995,-0.147696,-0.116451,-0.0930418,-0.046519,-0.0341129,-0.179372,-0.104144	-0.742295,-0.663913,-0.711024,-0.518158,-0.724221,-0.625517,-0.51124,-0.620559,-0.651105,-0.583903,-0.588167,-0.642536,-0.623588,-0.58471,-0.450541,-0.531986,-0.510197,-0.371126,-0.577527,-0.499625	0.706747,0.627026,0.714234,0.495883,0.681638,0.624564,0.529551,0.609097,0.593853,0.5177,0.512063,0.623832,0.528378,0.478322,0.352589,0.461802,0.474951,0.341334,0.444167,0.417189
0.0653037,-0.051164,0.0701474,0.0626712,0.13504,0.122961,0.066956,0.0929261,0.111514,0.111002,0.220232,0.0555082,0.0529007,0.1446,0.0803437,0.204225,0.038586,-0.0317817,0.065271,0.343102	-0.560973,-0.515947,-0.530053,-0.332349,-0.307324,-0.347821,-0.378536,-0.413871,-0.464144,-0.264765,-0.240913,-0.348229,-0.42785,-0.207865,-0.322677,-0.0525766,-0.474121,-0.513798,-0.317738,0.200925	0.604144,0.477385,0.578684,0.38696,0.424737,0.451473,0.43448,0.488028,0.54733,0.365038,0.437911,0.396081,0.47011,0.34218,0.392837,0.254074,0.503496,0.490018,0.375227,0.152704
0.0677889,-0.0446203,0.0673592,0.065495,0.126508,0.109169,0.106114,0.0825986,0.118939,0.12467,0.247306,0.0523537,0.054065,0.143157,0.0913638,0.209575,0.039592,-0.0340246,0.0857291,0.354945	-0.55213,-0.504808,-0.539782,-0.326892,-0.318898,-0.334819,-0.319334,-0.410017,-0.453816,-0.212234,-0.232739,-0.331568,-0.432461,-0.200192,-0.316983,-0.0239132,-0.478043,-0.520612,-0.288878,0.186184	0.597553,0.470792,0.585841,0.384163,0.428134,0.428332,0.411504,0.476479,0.543423,0.32822,0.453918,0.377371,0.475411,0.333783,0.396853,0.232324,0.50802,0.495362,0.365554,0.180704
0.733815,0.729435,0.816081,0.593185,0.613435,0.621183,0.621302,0.610495,0.669867,0.606049,0.58251,0.699757,0.318895,0.665192,0.586315,0.713024,0.651211,0.702477,0.531499,0.523445	0.760877,0.740948,0.787527,0.575895,0.64627,0.710266,0.603046,0.645074,0.715701,0.515674,0.590886,0.650201,0.423472,0.569381,0.590421,0.572891,0.690429,0.639019,0.640231,0.600195	-0.0612738,-0.0250535,0.0799137,0.0262618,-0.0544018,-0.15942,0.0291954,-0.0570434,-0.0880436,0.131459,-0.0127731,0.0909253,-0.120905,0.154221,-0.00628079,0.236905,-0.071257,0.115147,-0.164816,-0.111909
-0.000535391,-0.0102325,-0.0793776,0.0154109,0.0414836,-0.127472,-0.213368,-0.104582,-0.115562,-0.0436794,-0.0740038,0.028531,-0.176511,-0.154099,-0.148219,-0.0137155,-0.178264,-0.262069,-0.173928,-0.25903	-0.337908,-0.289971,-0.337709,-0.169997,-0.438405,-0.437605,-0.308023,-0.386791,-0.324038,-0.372178,-0.26993,-0.323478,-0.260044,-0.41263,-0.184143,-0.195442,-0.122718,-0.185678,-0.516585,-0.561466	0.337434,0.280571,0.265447,0.184923,0.471317,0.328455,0.101314,0.294105,0.216587,0.333927,0.19992,0.34879,0.0875517,0.276087,0.0369315,0.182215,-0.0567881,-0.0802989,0.376484,0.353907
-0.00871274,-0.00094927,-0.0735079,0.0293607,0.0490926,-0.128857,-0.210294,-0.108382,-0.0833282,-0.0416995,-0.0769085,0.0205843,-0.178384,-0.151268,-0.146112,-0.0533251,-0.152811,-0.244381,-0.160657,-0.257608	-0.335202,-0.295073,-0.334498,-0.157313,-0.441923,-0.427997,-0.287837,-0.405989,-0.293916,-0.373295,-0.273023,-0.33988,-0.264004,-0.412982,-0.168523,-0.23456,-0.104118,-0.188915,-0.507785,-0.557146	0.327446,0.294206,0.267569,0.185815,0.480589,0.3166,0.0825393,0.311306,0.215875,0.336839,0.200321,0.35796,0.0898514,0.279152,0.0229765,0.18353,-0.0494811,-0.0581506,0.377962,0.349734
-0.00375313,-0.0294358,-0.0668328,0.0391029,0.0120131,-0.0902082,-0.171278,-0.0641316,-0.12211,-0.0119745,-0.0242967,0.0130887,-0.141395,-0.119837,-0.132259,-0.0299613,-0.164745,-0.23243,-0.122991,-0.212833	-0.326159,-0.28601,-0.30925,-0.175298,-0.458931,-0.385873,-0.285487,-0.381635,-0.32167,-0.349967,-0.250173,-0.334057,-0.224398,-0.382108,-0.16891,-0.175801,-0.127431,-0.197202,-0.461011,-0.53901	0.322801,0.258753,0.247533,0.212941,0.468362,0.306328,0.120081,0.325469,0.207719,0.339415,0.227258,0.345635,0.085723,0.274857,0.0374883,0.146612,-0.0381144,-0.0369202,0.358338,0.368445
-0.0221586,-0.0267837,-0.0691497,0.0505799,0.00975019,-0.113179,-0.154612,-0.0919495,-0.105707,-0.0177238,-0.0418209,0.0316197,-0.179052,-0.139256,-0.147104,-0.0288803,-0.184164,-0.253894,-0.143813,-0.249067	-0.351275,-0.286628,-0.312827,-0.160014,-0.460175,-0.41248,-0.268427,-0.366618,-0.309547,-0.352587,-0.264941,-0.322341,-0.254422,-0.399834,-0.168892,-0.179229,-0.137769,-0.189531,-0.487126,-0.561372	0.331699,0.261855,0.249065,0.208903,0.467826,0.313958,0.118743,0.28425,0.210735,0.336969,0.22562,0.350389,0.078967,0.275942,0.0223434,0.151131,-0.0476026,-0.0676157,0.369176,0.363069
0.123011,0.244551,0.207033,0.0872286,0.167754,0.244029,-0.0434717,-0.0436518,0.0716766,0.0807855,0.128437,0.0420383,0.0262838,0.0222199,0.0365934,-0.119199,0.0828631,0.0200321,0.159233,0.295385	0.0910118,0.27006,0.299895,0.102866,0.219169,0.263955,0.016072,-0.0829453,0.0372521,0.00971613,0.146388,0.128161,0.128077,0.0148444,0.0458719,0.122221,0.134204,-0.107031,-0.100859,0.276005	0.0323615,-0.0273124,-0.0990091,-0.0157791,-0.0533783,-0.0212977,-0.0595021,0.0394363,0.0345167,0.0711252,-0.0182947,-0.0865894,-0.102137,0.00737793,-0.00929414,-0.237954,-0.0519181,0.126792,0.255981,0.0210996
0.11403,0.215294,0.196073,0.0686439,0.1147,0.206815,-0.0978435,-0.0479673,0.0705347,0.031559,0.157205,0.032808,0.0802744,0.0581137,0.0518616,-0.14016,0.0858242,0.0426095,0.195022,0.337332	0.0936337,0.260369,0.269311,0.0934525,0.153372,0.262355,0.00324307,-0.0736038,0.0487384,0.0189202,0.171076,0.151989,0.166442,0.0618506,0.0594322,0.126521,0.122941,-0.0965213,-0.04954,0.29169	0.0206164,-0.047752,-0.077321,-0.0249687,-0.0393643,-0.0587261,-0.101055,0.0257273,0.0218715,0.0126464,-0.0142539,-0.119779,-0.0873346,-0.00375039,-0.00759395,-0.262035,-0.0375128,0.138561,0.242222,0.0506226
0.00774503,-0.00953706,-0.0890161,0.0652542,0.0313391,-0.152567,-0.247328,-0.104289,-0.0989135,-0.0931783,-0.141658,0.000952832,-0.213767,-0.250455,-0.210653,-0.00296328,-0.133198,-0.28636,-0.181897,-0.300104	-0.342835,-0.299149,-0.329044,-0.112313,-0.462123,-0.491919,-0.329329,-0.40356,-0.331395,-0.364778,-0.329229,-0.321389,-0.354254,-0.433774,-0.246885,-0.0984185,-0.101442,-0.177613,-0.551695,-0.60008	0.349651,0.290441,0.247271,0.176276,0.486417,0.366887,0.0892722,0.31242,0.240361,0.281156,0.196748,0.322243,0.151998,0.205663,0.0382198,0.0954831,-0.0321918,-0.114575,0.411047,0.365863
0.00325506,0.00636406,-0.083831,0.100749,0.0436166,-0.165099,-0.24507,-0.0981967,-0.057929,-0.0794974,-0.128784,-0.0153587,-0.214511,-0.266324,-0.211403,-0.03659,-0.102305,-0.275648,-0.169648,-0.287319	-0.337502,-0.298809,-0.325872,-0.0806863,-0.462128,-0.491079,-0.30989,-0.417825,-0.295868,-0.357055,-0.31864,-0.345188,-0.356408,-0.448829,-0.234823,-0.134516,-0.0779615,-0.18761,-0.544696,-0.588881	0.340383,0.304593,0.248839,0.179972,0.495752,0.354741,0.0701471,0.333304,0.242088,0.285666,0.19798,0.331587,0.153643,0.207282,0.0246426,0.0984101,-0.024539,-0.0928391,0.413234,0.362976
-0.00969702,-0.0465633,-0.0694266,0.120949,-0.00631912,-0.120202,-0.226141,-0.063169,-0.144598,-0.040029,-0.0676378,-0.0148958,-0.160963,-0.240556,-0.204278,-0.0258862,-0.14417,-0.262622,-0.114489,-0.255167	-0.343705,-0.30748,-0.293806,-0.0915164,-0.483359,-0.446032,-0.324545,-0.398596,-0.361938,-0.324235,-0.289341,-0.332143,-0.306028,-0.420907,-0.241086,-0.08239,-0.13167,-0.194313,-0.491265,-0.578831	0.335125,0.264706,0.229051,0.21014,0.478502,0.344288,0.106198,0.344091,0.229343,0.287943,0.226129,0.318824,0.15258,0.200669,0.038714,0.0566246,-0.0127417,-0.0719821,0.39923,0.379753
-0.0190925,-0.0330351,-0.073341,0.15137,-0.0138517,-0.142526,-0.19902,-0.100989,-0.0959022,-0.0414988,-0.0973271,0.0148948,-0.215636,-0.248598,-0.215277,-0.0397929,-0.153031,-0.275284,-0.13576,-0.290923	-0.360609,-0.300379,-0.299364,-0.0600904,-0.487809,-0.470158,-0.297758,-0.390633,-0.324045,-0.324076,-0.313148,-0.311331,-0.347929,-0.430952,-0.238147,-0.099649,-0.1308,-0.177669,-0.514969,-0.600748	0.343884,0.270023,0.231097,0.209554,0.477181,0.351163,0.104958,0.30154,0.23546,0.286429,0.222605,0.32472,0.143023,0.204235,0.024106,0.0600944,-0.0226851,-0.102635,0.407713,0.375441
0.177575,0.287557,0.198452,0.159113,0.168732,0.269218,-0.0561002,-0.0186286,0.107198,0.0530037,0.243772,-0.0239928,0.0367427,0.0417732,0.114066,-0.196967,0.12004,0.0132528,0.247356,0.378066	0.124283,0.304266,0.315527,0.190541,0.194003,0.211761,0.0146568,-0.083195,0.0357413,0.0543161,0.255548,0.0977941,0.0509873,0.118288,0.120507,0.128211,0.140251,-0.0723767,-0.109113,0.288998	0.0544949,-0.0183114,-0.124896,-0.0324115,-0.0261269,0.0609308,-0.0706988,0.0646666,0.0717317,-0.00131615,-0.012558,-0.121502,-0.0142714,-0.0768944,-0.00653086,-0.317168,-0.0205567,0.0855475,0.347101,0.0999936
0.178746,0.258863,0.182937,0.120649,0.079716,0.216331,-0.130465,-0.0337234,0.0984671,0.00622074,0.305325,-0.0662019,0.0509711,0.106001,0.122463,-0.199558,0.10592,0.0464889,0.29352,0.43779	0.137393,0.296099,0.279374,0.161236,0.0932994,0.194558,-0.0216654,-0.0839957,0.0396656,0.0656999,0.312526,0.0842909,0.0484371,0.198979,0.127041,0.15687,0.111844,-0.0518906,-0.0521912,0.320735	0.0423939,-0.0403271,-0.101631,-0.0413926,-0.0136852,0.0227295,-0.109108,0.0504151,0.0590321,-0.0595034,-0.00796042,-0.149658,0.00254032,-0.0949819,-0.00465076,-0.345608,-0.00599517,0.0981428,0.340495,0.136176
0.869991,0.791397,0.810998,0.655918,0.801916,0.697573,0.659802,0.617947,0.740756,0.774384,0.707164,0.721562,0.70679,0.842197,0.887817,0.85736,0.836766,0.713379,0.86361,0.86037	0.88631,0.770457,0.805829,0.654471,0.785513,0.718285,0.690687,0.591904,0.748612,0.772653,0.705088,0.710797,0.704152,0.836849,0.906015,0.851648,0.826983,0.681473,0.873023,0.863505	-0.0712843,0.053658,0.0149207,0.0025342,0.0443207,-0.041512,-0.0567441,0.0410619,-0.0176356,0.00431085,0.00414135,0.0220999,0.00525221,0.0181182,-0.0930243,0.0211697,0.0317607,0.0620933,-0.038254,-0.0121946
0.386666,0.384864,0.309848,0.404626,0.412102,0.30667,0.304198,0.32969,0.40244,0.48626,0.357343,0.401702,0.42297,0.417449,0.41193,0.39645,0.398278,0.524521,0.625149,0.763058	0.414551,0.406932,0.333458,0.364936,0.402596,0.353201,0.284016,0.29726,0.410917,0.491651,0.332739,0.420214,0.428553,0.431771,0.412633,0.446984,0.373147,0.462812,0.685187,0.755578	-0.0332082,-0.0261663,-0.02633,0.0465656,0.0113967,-0.0521831,0.0220912,0.0359537,-0.0101569,-0.00708535,0.027924,-0.0222705,-0.00681945,-0.0174707,-0.000846563,-0.0614173,0.0295182,0.081492,-0.105024,0.0176646
0.558897,0.462865,0.55162,0.413718,0.527531,0.382291,0.371111,0.379254,0.489791,0.465687,0.45986,0.474852,0.463388,0.544566,0.584362,0.384186,0.608033,0.598902,0.70373,0.832597	0.56251,0.482355,0.57687,0.381435,0.519708,0.41258,0.355445,0.405353,0.499353,0.473841,0.433528,0.488935,0.475432,0.551365,0.604194,0.429377,0.595854,0.579725,0.72962,0.816852	-0.00526907,-0.0250931,-0.0370352,0.0383313,0.0107782,-0.0359612,0.0180468,-0.0308394,-0.0126586,-0.0104621,0.0328888,-0.0183422,-0.0154475,-0.00971684,-0.0306557,-0.0541182,0.0190979,0.0293773,-0.0532123,0.0492196
-0.324005,-0.341197,-0.423571,-0.284675,-0.445197,-0.46904,-0.419268,-0.385763,-0.39061,-0.360404,-0.31301,-0.379654,-0.351697,-0.49942,-0.236134,-0.48134,-0.175573,-0.208247,-0.44219,-0.505065	-0.0157786,-0.0632402,-0.127451,-0.103056,0.0746651,-0.159086,-0.296542,-0.13332,-0.225444,-0.0700858,-0.110863,0.0247866,-0.197523,-0.278583,-0.193147,-0.187155,-0.191567,-0.368682,-0.214745,-0.193258	-0.309811,-0.284086,-0.313018,-0.187108,-0.503138,-0.334947,-0.140151,-0.26613,-0.181115,-0.297841,-0.209414,-0.40067,-0.165684,-0.256529,-0.0450412,-0.32331,0.0165507,0.173778,-0.251309,-0.345534
-0.316876,-0.338481,-0.410286,-0.307466,-0.41443,-0.472313,-0.40614,-0.400586,-0.379787,-0.401261,-0.322401,-0.394612,-0.343021,-0.502826,-0.249951,-0.471601,-0.133365,-0.223489,-0.472077,-0.501746	0.00243691,-0.0435482,-0.123198,-0.121606,0.121058,-0.138792,-0.245982,-0.143272,-0.206063,-0.0718195,-0.12289,0.0301571,-0.203279,-0.275049,-0.208817,-0.147085,-0.160245,-0.387667,-0.239668,-0.198836	-0.319067,-0.299346,-0.302372,-0.193079,-0.509906,-0.356919,-0.177934,-0.272981,-0.188474,-0.339217,-0.207742,-0.419774,-0.150217,-0.264335,-0.0433997,-0.348704,0.0274666,0.179751,-0.262058,-0.336479
0.389339,0.378552,0.312516,0.391134,0.398442,0.307082,0.315936,0.261116,0.394323,0.485315,0.375634,0.347435,0.44471,0.44418,0.420964,0.381996,0.379961,0.445851,0.626773,0.761522	0.401471,0.421024,0.340923,0.352998,0.404698,0.334421,0.266713,0.252927,0.39492,0.492471,0.353118,0.376633,0.452966,0.463916,0.403019,0.438399,0.365243,0.416385,0.676901,0.750572	-0.0143792,-0.0505243,-0.031794,0.0442454,-0.00745947,-0.030468,0.0537515,0.00876776,-0.000706148,-0.00940389,0.0259599,-0.0335946,-0.0103385,-0.0248576,0.0216112,-0.067748,0.0170894,0.0361832,-0.0870678,0.0255583
0.564963,0.446524,0.548219,0.417349,0.517169,0.398302,0.39405,0.31861,0.484085,0.469345,0.460956,0.447956,0.484306,0.556224,0.594396,0.364957,0.571268,0.518288,0.693552,0.828322	0.552169,0.486691,0.578435,0.386352,0.525557,0.408789,0.349053,0.369167,0.485694,0.479307,0.436945,0.473328,0.499158,0.568579,0.595318,0.416047,0.569552,0.531341,0.709799,0.809099	0.0185946,-0.0513199,-0.044247,0.0369551,-0.0115179,-0.0125266,0.0521729,-0.0572964,-0.00210294,-0.0128532,0.0300662,-0.0321996,-0.0195871,-0.0180692,-0.0014263,-0.0602356,0.0025436,-0.0180127,-0.0319997,0.0582849
-0.319165,-0.343426,-0.426814,-0.280223,-0.44408,-0.459626,-0.3905,-0.426859,-0.391227,-0.365395,-0.332297,-0.389153,-0.356201,-0.501444,-0.226278,-0.480589,-0.177048,-0.199894,-0.433575,-0.501112	-0.0208408,-0.0526281,-0.129545,-0.0987997,0.0845746,-0.154697,-0.281099,-0.164725,-0.230016,-0.075423,-0.135193,0.0208102,-0.201112,-0.276654,-0.196893,-0.18164,-0.185363,-0.343186,-0.207159,-0.193344	-0.300322,-0.29615,-0.314668,-0.186589,-0.509518,-0.32827,-0.122891,-0.281959,-0.177153,-0.29819,-0.206375,-0.40667,-0.167056,-0.260996,-0.0307543,-0.327542,0.00859712,0.153847,-0.24876,-0.340785
-0.312102,-0.342162,-0.407318,-0.309866,-0.412803,-0.469193,-0.383531,-0.445151,-0.380146,-0.40149,-0.344783,-0.402851,-0.349078,-0.503618,-0.239879,-0.469295,-0.134141,-0.217682,-0.463289,-0.497263	-0.00165467,-0.0348102,-0.115906,-0.125663,0.133461,-0.141714,-0.238061,-0.180066,-0.211107,-0.0713356,-0.151328,0.0269903,-0.208998,-0.271436,-0.212191,-0.1385,-0.153335,-0.365096,-0.230949,-0.198472	-0.310607,-0.311056,-0.305851,-0.191665,-0.51774,-0.350805,-0.160087,-0.288185,-0.183788,-0.339889,-0.204103,-0.425218,-0.151104,-0.268947,-0.0291728,-0.353791,0.0195971,0.160141,-0.260178,-0.331509
0.366648,0.342296,0.312885,0.364985,0.397053,0.311372,0.276665,0.260865,0.376837,0.43691,0.36296,0.381225,0.423107,0.435735,0.380394,0.39469,0.400369,0.440028,0.680237,0.76612	0.342331,0.339572,0.312771,0.371592,0.398937,0.294406,0.281235,0.31804,0.377829,0.439725,0.361769,0.376711,0.42964,0.428035,0.39928,0.389062,0.413562,0.482829,0.647883,0.757047	0.0278078,0.00308182,0.000126465,-0.00764317,-0.00223786,0.0186778,-0.00495616,-0.0623479,-0.00115697,-0.00348552,0.00137078,0.00527085,-0.0079846,0.00946648,-0.0222679,0.00664862,-0.0158112,-0.0543482,0.0578499,0.0216031
-0.309186,-0.332738,-0.404749,-0.293338,-0.445515,-0.410809,-0.354173,-0.371817,-0.37328,-0.352778,-0.32312,-0.383622,-0.317574,-0.456404,-0.200135,-0.410928,-0.166947,-0.155122,-0.347883,-0.475226	-0.01738,-0.0726956,-0.119796,-0.08847,0.0830259,-0.10753,-0.203669,-0.0839282,-0.211752,-0.0659954,-0.0982599,0.0208355,-0.16129,-0.228462,-0.155179,-0.120732,-0.164124,-0.289523,-0.135644,-0.137795	-0.293383,-0.266489,-0.299474,-0.210326,-0.509688,-0.317295,-0.162205,-0.297162,-0.175391,-0.293619,-0.232233,-0.40125,-0.164722,-0.254477,-0.046396,-0.305345,-0.00290263,0.140721,-0.22275,-0.361076
-0.308413,-0.328504,-0.396862,-0.331741,-0.426299,-0.411309,-0.344087,-0.378592,-0.388284,-0.39003,-0.339186,-0.405203,-0.302709,-0.456239,-0.217588,-0.418223,-0.132613,-0.163912,-0.374756,-0.467001	-0.0065299,-0.0507825,-0.121853,-0.127028,0.111415,-0.0804414,-0.152915,-0.0830505,-0.223212,-0.0620205,-0.119378,0.0194735,-0.160828,-0.220974,-0.174799,-0.106981,-0.140527,-0.30453,-0.151673,-0.13716	-0.302493,-0.282433,-0.288983,-0.213719,-0.513333,-0.342189,-0.201789,-0.305136,-0.180736,-0.336141,-0.229084,-0.421352,-0.149142,-0.261643,-0.0444812,-0.325819,0.00806416,0.148006,-0.236526,-0.352415
-0.333509,-0.320897,-0.416865,-0.287239,-0.454017,-0.434275,-0.325688,-0.351942,-0.369941,-0.36025,-0.3374,-0.394229,-0.31792,-0.46365,-0.228301,-0.421032,-0.176807,-0.209619,-0.400616,-0.503698	-0.03128,-0.0524825,-0.136203,-0.0875701,0.0707329,-0.127063,-0.172256,-0.103887,-0.206804,-0.0796784,-0.116252,0.00717269,-0.166015,-0.232764,-0.199378,-0.129296,-0.183804,-0.360768,-0.179093,-0.180557	-0.305415,-0.273012,-0.297557,-0.204821,-0.508423,-0.325154,-0.162551,-0.257468,-0.176651,-0.288864,-0.230177,-0.40027,-0.160369,-0.258818,-0.0303027,-0.308532,0.00723173,0.163515,-0.238645,-0.355469
-0.328517,-0.318624,-0.406829,-0.315586,-0.436758,-0.434538,-0.325413,-0.355737,-0.374817,-0.390177,-0.351441,-0.423799,-0.306272,-0.460497,-0.245911,-0.421349,-0.137482,-0.216202,-0.432405,-0.500119	-0.013421,-0.0321177,-0.134803,-0.114322,0.0955964,-0.100158,-0.132379,-0.0987642,-0.206506,-0.0658912,-0.134627,-0.00621798,-0.169327,-0.221179,-0.218823,-0.105734,-0.155236,-0.372919,-0.204478,-0.185826	-0.316491,-0.289468,-0.28781,-0.208798,-0.511018,-0.349595,-0.201723,-0.26633,-0.182432,-0.332843,-0.227582,-0.418684,-0.144435,-0.266458,-0.0286288,-0.330332,0.0181419,0.170461,-0.250035,-0.346494
0.832136,0.85108,0.864853,0.819161,0.799552,0.797324,0.766157,0.819936,0.770515,0.701267,0.788454,0.84645,0.818289,0.847823,0.873544,0.813618,0.869301,0.802183,0.854482,0.716024	0.846816,0.8751,0.842269,0.830968,0.78644,0.841321,0.827052,0.839909,0.787239,0.778734,0.782487,0.890727,0.796066,0.863241,0.871102,0.85116,0.851592,0.786587,0.890005,0.692622	-0.0497058,-0.0941161,0.0831652,-0.0369765,0.0353236,-0.13365,-0.166224,-0.0641533,-0.0425073,-0.17067,0.0155778,-0.179959,0.0637507,-0.0575064,0.0102168,-0.122096,0.0681848,0.042265,-0.148319,0.0464275
0.715142,0.745229,0.813445,0.558269,0.564061,0.591557,0.631585,0.646506,0.65173,0.54552,0.491215,0.655973,0.303144,0.553617,0.561156,0.655015,0.638794,0.701114,0.458183,0.268993	0.7488,0.759267,0.779828,0.55345,0.602873,0.676781,0.593277,0.651689,0.712154,0.472924,0.542411,0.620551,0.384171,0.52774,0.542862,0.509695,0.676964,0.621653,0.609187,0.430128	-0.0724605,-0.0323329,0.0919379,0.0069738,-0.0588108,-0.142123,0.0612639,-0.00895622,-0.112759,0.0978369,-0.0697915,0.0597406,-0.0917078,0.0365584,0.0263082,0.218152,-0.0672514,0.140852,-0.209472,-0.182219
0.0407684,0.021933,-0.0895242,0.0282064,0.103305,-0.1318,-0.213498,-0.10483,-0.0481587,0.0342503,0.00710691,0.0428127,-0.0852785,-0.0399178,-0.0388158,0.0800657,-0.159206,-0.250677,0.042129,-0.207848	-0.361909,-0.241753,-0.346197,-0.2212,-0.48373,-0.488917,-0.299466,-0.348114,-0.346175,-0.421696,-0.355339,-0.378207,-0.279077,-0.472886,-0.238852,-0.267677,-0.162071,-0.214505,-0.524899,-0.705026	0.396822,0.262296,0.264882,0.24786,0.559096,0.381714,0.0918398,0.252499,0.303069,0.449455,0.361533,0.414312,0.198524,0.441299,0.201908,0.340446,0.0029406,-0.0382269,0.55476,0.582543
0.0322644,0.0346467,-0.0791848,0.0357981,0.110567,-0.127525,-0.214946,-0.111093,-0.0190002,0.0377219,0.00952727,0.0420574,-0.082165,-0.039902,-0.0420043,0.0343588,-0.133923,-0.227537,0.0447445,-0.207753	-0.359765,-0.246465,-0.342012,-0.209454,-0.486592,-0.479834,-0.279982,-0.368418,-0.317932,-0.422322,-0.356625,-0.393395,-0.282649,-0.474252,-0.225926,-0.304465,-0.14375,-0.217078,-0.518464,-0.701665	0.387531,0.278732,0.270144,0.243427,0.566672,0.375273,0.0692007,0.268306,0.300748,0.45283,0.364912,0.428365,0.205251,0.442728,0.185684,0.335316,0.0100201,-0.0110021,0.55044,0.578197
0.0347831,0.00209682,-0.0718516,0.0634204,0.0691585,-0.093152,-0.18676,-0.0454295,-0.0716399,0.0586324,0.0429067,0.0297062,-0.0541657,-0.0137965,-0.061941,0.0427993,-0.145588,-0.219069,0.0414501,-0.17248	-0.351441,-0.237348,-0.315729,-0.223491,-0.503158,-0.442326,-0.279958,-0.338611,-0.345267,-0.402806,-0.340127,-0.387703,-0.24681,-0.451778,-0.231669,-0.254626,-0.166955,-0.225484,-0.490437,-0.695172	0.38156,0.239326,0.249538,0.282901,0.553071,0.36418,0.0983393,0.297762,0.280567,0.450792,0.377524,0.412656,0.195254,0.440729,0.172199,0.294219,0.0218993,0.00674793,0.52129,0.593903
0.0156247,0.0083126,-0.0716722,0.0759765,0.0691418,-0.11888,-0.167586,-0.0759802,-0.0514239,0.0594308,0.038198,0.0551056,-0.0971995,-0.0246199,-0.0678143,0.0431714,-0.161482,-0.237869,0.0232572,-0.197185	-0.375453,-0.237441,-0.319464,-0.207986,-0.503623,-0.467612,-0.262383,-0.321096,-0.334422,-0.404761,-0.350993,-0.375912,-0.276341,-0.463643,-0.229255,-0.256787,-0.176615,-0.217686,-0.512252,-0.704634	0.388797,0.245269,0.253599,0.279545,0.553491,0.369259,0.099158,0.251246,0.28795,0.453288,0.384042,0.42227,0.184086,0.444093,0.163991,0.296669,0.0155776,-0.0212859,0.529204,0.589332
0.0950347,0.26073,0.172166,0.0458574,0.0898241,0.174546,-0.0846729,-0.0994815,0.00459108,-0.00283114,-0.0250017,0.00819797,-0.00529884,-0.0993055,-0.0212063,-0.28105,0.0611005,0.0441395,0.113184,-0.0748789	0.0479874,0.325092,0.291097,0.0423219,0.129481,0.189236,0.022945,-0.0288013,-0.00775614,-0.0854711,0.0165212,0.0383439,0.083694,-0.135805,-0.0374957,-0.00852898,0.091542,-0.135768,-0.205372,-0.0950438	0.0472629,-0.0703227,-0.125205,0.00354241,-0.0401235,-0.015192,-0.107409,-0.0708833,0.0123468,0.0826599,-0.0415057,-0.0301555,-0.0889534,0.0369983,0.0163023,-0.273176,-0.0306127,0.178835,0.311319,0.0203094
0.0843803,0.229608,0.162551,0.0239407,0.0384267,0.143606,-0.162754,-0.096482,-0.00223493,-0.0664321,-0.0134514,0.000807064,0.0485326,-0.0587587,-0.0130279,-0.307114,0.0634671,0.0690261,0.13409,-0.026841	0.050744,0.317784,0.259037,0.0311266,0.0594865,0.183834,0.010151,-0.0184891,0.00317049,-0.0819976,0.0426928,0.0601024,0.123805,-0.0870283,-0.023295,-0.00692421,0.0807234,-0.12487,-0.157521,-0.0755709	0.033781,-0.0951162,-0.100727,-0.00719132,-0.021108,-0.0413185,-0.17262,-0.0781322,-0.00540539,0.0156508,-0.056112,-0.0592982,-0.0757271,0.0284149,0.0102703,-0.30083,-0.0173451,0.192239,0.285579,0.048829
0.0497905,0.0235443,-0.0983056,0.080577,0.0949707,-0.158026,-0.246397,-0.103602,-0.030411,-0.0231106,-0.0705189,0.0130543,-0.115462,-0.164454,-0.104434,0.0854772,-0.112702,-0.274021,0.0464088,-0.275106	-0.368944,-0.252948,-0.334061,-0.170613,-0.508086,-0.537393,-0.31037,-0.35152,-0.358166,-0.427697,-0.43197,-0.385259,-0.350598,-0.52841,-0.285128,-0.182155,-0.138295,-0.197259,-0.564273,-0.748909	0.411181,0.274855,0.24376,0.247784,0.575297,0.414574,0.0692703,0.257289,0.331364,0.408625,0.372807,0.39632,0.245056,0.398593,0.18624,0.263529,0.0259983,-0.0811487,0.595098,0.596751
0.0451035,0.0426848,-0.0887616,0.111132,0.107455,-0.165572,-0.247319,-0.10066,0.00820809,-0.00666002,-0.0501569,0.00309037,-0.112072,-0.185656,-0.110703,0.0465077,-0.0818997,-0.258369,0.0475809,-0.257877	-0.364297,-0.251944,-0.329921,-0.13943,-0.508143,-0.537173,-0.290036,-0.367194,-0.325327,-0.420752,-0.419496,-0.407445,-0.353049,-0.542801,-0.275155,-0.216382,-0.115183,-0.206659,-0.559528,-0.738671	0.402782,0.291494,0.248435,0.246738,0.583725,0.407878,0.0460177,0.276764,0.332647,0.415255,0.377277,0.410019,0.250905,0.397169,0.169619,0.260271,0.0335999,-0.0546268,0.591365,0.59393
0.0294,-0.0139697,-0.0737794,0.148929,0.050813,-0.124338,-0.238966,-0.0435408,-0.0945523,0.0254881,-0.00543598,-0.000445686,-0.0678348,-0.166216,-0.137523,0.0429785,-0.12443,-0.248549,0.0625331,-0.24252	-0.371194,-0.260969,-0.296816,-0.147166,-0.528144,-0.49521,-0.307435,-0.341365,-0.390175,-0.391739,-0.397727,-0.39445,-0.307647,-0.525783,-0.287709,-0.172823,-0.168655,-0.213254,-0.527369,-0.741545	0.39627,0.247903,0.22803,0.289745,0.563826,0.395206,0.0738973,0.302318,0.306946,0.413102,0.393141,0.394074,0.244923,0.394,0.156373,0.214211,0.0451729,-0.0372703,0.571069,0.608448
0.0192869,0.00304897,-0.0752856,0.180874,0.0451534,-0.149631,-0.20957,-0.0830714,-0.0405475,0.0307524,-0.0243848,0.0372151,-0.128246,-0.164765,-0.138592,0.02694,-0.129396,-0.258495,0.042954,-0.26547	-0.386869,-0.253,-0.302584,-0.11602,-0.531495,-0.518784,-0.279651,-0.330049,-0.354044,-0.391206,-0.416382,-0.374421,-0.348489,-0.531072,-0.281625,-0.186853,-0.167125,-0.196764,-0.546594,-0.749843	0.403148,0.255851,0.232597,0.290791,0.563134,0.400221,0.0744441,0.25394,0.318063,0.416942,0.396019,0.405979,0.230546,0.401433,0.148842,0.212723,0.0385626,-0.0650387,0.576024,0.604756
0.152534,0.30161,0.16378,0.123867,0.0898631,0.197563,-0.0950113,-0.0758872,0.0395011,-0.0283635,0.10566,-0.0616529,0.00349396,-0.0765653,0.061187,-0.349739,0.0992495,0.03666,0.212044,0.0533566	0.0791666,0.355681,0.310804,0.124225,0.10038,0.142017,0.0371309,-0.0073497,-0.0180226,-0.057505,0.109377,-0.00732964,0.0263386,-0.0953475,0.05813,-0.00476149,0.100006,-0.0929778,-0.22886,-0.0905071	0.0742642,-0.0605683,-0.15491,-0.000363476,-0.0106124,0.0571497,-0.131678,-0.0685757,0.0574828,0.0291891,-0.00375967,-0.0543478,-0.0228468,0.0189203,0.00306795,-0.345553,-0.000763972,0.129197,0.420498,0.143172
0.152879,0.271521,0.149643,0.0806857,-0.000721744,0.149393,-0.190724,-0.0828037,0.0249195,-0.0887389,0.15664,-0.104254,0.0168761,-0.000774505,0.0620295,-0.357148,0.0840107,0.0724453,0.245121,0.143038	0.0931763,0.350658,0.272763,0.0922191,-0.00663162,0.119998,0.000340008,-0.00754741,-0.0152304,-0.0514499,0.175191,-0.0241819,0.0245108,-0.0102799,0.0655646,0.0241703,0.0716125,-0.0723773,-0.176463,-0.039757	0.0605652,-0.0874644,-0.128359,-0.0116199,0.0059099,0.0299324,-0.191052,-0.0753034,0.0401347,-0.03746,-0.0190748,-0.0802745,-0.00763787,0.00950552,-0.00354953,-0.378055,0.0124732,0.144067,0.404104,0.181761
0.874997,0.800527,0.81202,0.656129,0.810367,0.701157,0.653588,0.61241,0.752599,0.7888,0.731067,0.725615,0.736239,0.855447,0.896819,0.865996,0.841785,0.722853,0.874011,0.872189	0.891038,0.77631,0.802107,0.662202,0.795077,0.71624,0.690445,0.589032,0.764333,0.78654,0.724044,0.709157,0.729154,0.852689,0.918771,0.865202,0.833636,0.6853,0.891191,0.87543	-0.0727993,0.0639728,0.0284298,-0.0107392,0.0429865,-0.0302976,-0.0671668,0.0365698,-0.0276254,0.00595271,0.0149228,0.0339052,0.0152966,0.0101958,-0.124708,0.00316649,0.0273229,0.0744166,-0.0777074,-0.0137069
0.403473,0.40324,0.307258,0.420471,0.433975,0.306783,0.286307,0.341982,0.426591,0.51429,0.389594,0.406849,0.468355,0.46466,0.444346,0.428386,0.416679,0.53277,0.643527,0.773399	0.433512,0.425564,0.326418,0.370523,0.425734,0.352979,0.282426,0.290494,0.449717,0.5291,0.383684,0.422677,0.479293,0.48888,0.487249,0.4965,0.393061,0.471404,0.73645,0.779116	-0.0364068,-0.0269483,-0.0212957,0.0591649,0.010108,-0.0518061,0.0042227,0.0571675,-0.0286157,-0.0203476,0.00694834,-0.0191146,-0.0141035,-0.0313385,-0.054759,-0.0865152,0.0282448,0.0819472,-0.176635,-0.0143864
0.571486,0.480821,0.551732,0.428268,0.547103,0.381634,0.356673,0.38932,0.511453,0.497184,0.495912,0.483291,0.503678,0.586362,0.608849,0.416911,0.623906,0.609345,0.717958,0.846239	0.577348,0.497066,0.569225,0.385328,0.538925,0.413036,0.353985,0.399462,0.532975,0.508717,0.476223,0.490418,0.524056,0.594362,0.658662,0.481004,0.60801,0.585365,0.772275,0.83164	-0.00874978,-0.0213472,-0.0255024,0.0514269,0.0115966,-0.0372777,0.00307622,-0.012009,-0.029588,-0.0154373,0.0257763,-0.00934154,-0.0276861,-0.0122809,-0.0831641,-0.0801701,0.0256111,0.0372753,-0.121914,0.0492798
-0.34,-0.319559,-0.449794,-0.319976,-0.487283,-0.512101,-0.452872,-0.432149,-0.42447,-0.409187,-0.414744,-0.399646,-0.357936,-0.538262,-0.274287,-0.550315,-0.1963,-0.186941,-0.437838,-0.652868	0.0229854,-0.0305895,-0.141568,-0.0951722,0.142518,-0.162271,-0.309156,-0.145422,-0.167012,0.0074825,-0.0333589,0.0378722,-0.0984849,-0.176442,-0.0813425,-0.0971423,-0.170886,-0.351344,-0.0246186,-0.12281	-0.360171,-0.291822,-0.329187,-0.231865,-0.588904,-0.381536,-0.167112,-0.305954,-0.277102,-0.415398,-0.386736,-0.430995,-0.268931,-0.399789,-0.197348,-0.478767,-0.0262954,0.175959,-0.417721,-0.576261
-0.333273,-0.320228,-0.434819,-0.343809,-0.454899,-0.510255,-0.460213,-0.444997,-0.415962,-0.455415,-0.438152,-0.413507,-0.350395,-0.540945,-0.294115,-0.546233,-0.155177,-0.201101,-0.473076,-0.653553	0.0417715,-0.0104805,-0.136523,-0.11446,0.192426,-0.140607,-0.263025,-0.156775,-0.147443,0.0101549,-0.0471112,0.0437375,-0.107324,-0.171384,-0.0988004,-0.0498301,-0.139091,-0.370719,-0.0497278,-0.131819	-0.369895,-0.310791,-0.317121,-0.238744,-0.595222,-0.398218,-0.224345,-0.309838,-0.286063,-0.463427,-0.399283,-0.449122,-0.252569,-0.407324,-0.20116,-0.510292,-0.0164403,0.183282,-0.433548,-0.57092
0.406399,0.395236,0.308601,0.408801,0.420568,0.306424,0.299273,0.274312,0.41896,0.512603,0.405176,0.352381,0.487929,0.488554,0.45395,0.416154,0.398294,0.455162,0.648084,0.772613	0.420795,0.441407,0.336849,0.353242,0.427244,0.338727,0.26079,0.244727,0.43002,0.529747,0.406435,0.384723,0.506148,0.515513,0.473277,0.485128,0.383529,0.431521,0.722494,0.774671	-0.0173646,-0.0559289,-0.0315254,0.0649365,-0.00813828,-0.0360437,0.0417398,0.0317143,-0.0134906,-0.0235351,-0.00150741,-0.0374149,-0.0241937,-0.0360343,-0.024616,-0.0864216,0.017428,0.0294187,-0.139931,-0.00512677
0.577705,0.463411,0.546603,0.43348,0.536916,0.396642,0.380993,0.328555,0.50689,0.500504,0.494689,0.455086,0.523031,0.59728,0.619469,0.400931,0.588075,0.529454,0.712297,0.84258	0.567333,0.503764,0.573706,0.384722,0.544007,0.413688,0.343385,0.360806,0.516352,0.514438,0.48241,0.47935,0.550918,0.608188,0.645741,0.466041,0.580944,0.543448,0.749012,0.824397	0.0154287,-0.0526418,-0.0394857,0.0585159,-0.0100166,-0.0203919,0.0432682,-0.036588,-0.0128169,-0.018765,0.0161285,-0.031033,-0.0391756,-0.01713,-0.0437883,-0.0800717,0.0108311,-0.0196458,-0.0787063,0.0595434
-0.335673,-0.321219,-0.450844,-0.317769,-0.484718,-0.505647,-0.425452,-0.472186,-0.426851,-0.41337,-0.43017,-0.409274,-0.36237,-0.540865,-0.266428,-0.551719,-0.197954,-0.178109,-0.43151,-0.64963	0.017761,-0.0162186,-0.13846,-0.098545,0.150813,-0.153098,-0.297452,-0.180874,-0.176154,0.00243556,-0.0559875,0.0416858,-0.0977429,-0.176317,-0.0915338,-0.096816,-0.165525,-0.320972,-0.0273082,-0.124959	-0.351339,-0.306598,-0.333183,-0.226311,-0.592238,-0.382131,-0.146545,-0.318515,-0.27108,-0.415388,-0.383416,-0.443395,-0.274344,-0.402977,-0.179266,-0.480573,-0.0335277,0.151525,-0.409021,-0.571025
-0.329149,-0.322904,-0.429562,-0.348551,-0.451919,-0.510195,-0.440314,-0.488902,-0.417457,-0.454698,-0.456262,-0.422269,-0.355874,-0.54283,-0.286178,-0.546295,-0.156189,-0.194977,-0.466926,-0.649705	0.0377505,0.00211069,-0.123899,-0.1267,0.203272,-0.138888,-0.259973,-0.198185,-0.157051,0.0113362,-0.0752339,0.0486573,-0.109085,-0.169694,-0.108662,-0.0459095,-0.133007,-0.343676,-0.0510108,-0.133451	-0.362396,-0.324794,-0.322845,-0.2321,-0.600068,-0.399625,-0.203654,-0.321907,-0.278676,-0.463645,-0.394572,-0.461445,-0.256756,-0.410995,-0.183213,-0.513258,-0.0236729,0.159378,-0.426063,-0.565264
0.385149,0.364298,0.310853,0.377269,0.420434,0.309767,0.264691,0.266591,0.40677,0.472974,0.407551,0.390232,0.468931,0.491167,0.433899,0.431219,0.421981,0.453627,0.712485,0.788968	0.36086,0.358231,0.30804,0.383091,0.420671,0.294178,0.265894,0.327279,0.405068,0.469905,0.393863,0.381453,0.478546,0.47483,0.441043,0.426685,0.429637,0.491443,0.676917,0.768289	0.0282102,0.00697773,0.00311029,-0.00680519,-0.000288064,0.0171511,-0.00129417,-0.0664897,0.00203775,0.00394637,0.0163061,0.010314,-0.0123971,0.0213063,-0.00883436,0.00555577,-0.00935128,-0.0486656,0.0687044,0.0525054
-0.325223,-0.310973,-0.42708,-0.326783,-0.48666,-0.461686,-0.392516,-0.412651,-0.40917,-0.402663,-0.42626,-0.404109,-0.327614,-0.504573,-0.244544,-0.497086,-0.187003,-0.133567,-0.361351,-0.634212	0.0184385,-0.0409114,-0.127244,-0.0703303,0.149356,-0.110414,-0.22946,-0.071095,-0.167611,-5.38744e-05,-0.0390635,0.0377831,-0.0674449,-0.135045,-0.0817589,-0.0483079,-0.142827,-0.270398,0.00852357,-0.0724332	-0.341613,-0.273542,-0.317067,-0.262485,-0.592919,-0.370141,-0.179195,-0.351879,-0.259345,-0.402617,-0.393753,-0.435247,-0.266047,-0.396549,-0.166106,-0.45982,-0.0453886,0.141957,-0.368739,-0.588828
-0.325297,-0.309866,-0.417592,-0.366086,-0.465771,-0.456443,-0.40349,-0.415667,-0.426056,-0.445124,-0.454887,-0.424562,-0.314247,-0.503895,-0.267763,-0.506418,-0.153792,-0.141028,-0.395736,-0.630192	0.0298448,-0.0185524,-0.128779,-0.110626,0.179914,-0.0814449,-0.182149,-0.0701382,-0.180648,0.00821204,-0.0638439,0.0369444,-0.0700326,-0.126473,-0.103259,-0.0310699,-0.118941,-0.285561,-0.00660947,-0.0726519	-0.351727,-0.292998,-0.305227,-0.266243,-0.595761,-0.389476,-0.238898,-0.355904,-0.265871,-0.451685,-0.402739,-0.454379,-0.24971,-0.403111,-0.169181,-0.482947,-0.0355002,0.150598,-0.390147,-0.584291
-0.349456,-0.298533,-0.438958,-0.319888,-0.494679,-0.484557,-0.363492,-0.394627,-0.406627,-0.408127,-0.435987,-0.413496,-0.329308,-0.507439,-0.270753,-0.506735,-0.196607,-0.187397,-0.408645,-0.651325	0.0044763,-0.0167271,-0.14118,-0.0685893,0.139112,-0.132607,-0.194062,-0.0965939,-0.159656,-0.0085237,-0.0442567,0.0292971,-0.0758618,-0.128153,-0.119023,-0.0583618,-0.158865,-0.339154,-0.033151,-0.108129	-0.353379,-0.28322,-0.317451,-0.256936,-0.592984,-0.376118,-0.182289,-0.309844,-0.264117,-0.400998,-0.399437,-0.437493,-0.25994,-0.405667,-0.156782,-0.462037,-0.0389593,0.162057,-0.380651,-0.584351
-0.345414,-0.299344,-0.427664,-0.348523,-0.475848,-0.479181,-0.384114,-0.393886,-0.413775,-0.443603,-0.46288,-0.441744,-0.318939,-0.503812,-0.294235,-0.50967,-0.158428,-0.192845,-0.446941,-0.651796	0.0233039,0.00434894,-0.139355,-0.0962526,0.165968,-0.103727,-0.157052,-0.090967,-0.160559,0.0108554,-0.065769,0.0162475,-0.0823121,-0.114949,-0.140602,-0.0301206,-0.129881,-0.351711,-0.05936,-0.116736	-0.365774,-0.303299,-0.30658,-0.261027,-0.594838,-0.395092,-0.241639,-0.314176,-0.271236,-0.45228,-0.40958,-0.454728,-0.243006,-0.412767,-0.160263,-0.487026,-0.0291463,0.170425,-0.398144,-0.579124
0.824368,0.852793,0.861668,0.811044,0.783274,0.787373,0.731894,0.81243,0.750006,0.66407,0.735097,0.84379,0.806547,0.828779,0.859867,0.773729,0.866595,0.813108,0.832787,0.618914	0.84169,0.881524,0.83565,0.825777,0.760868,0.821092,0.834022,0.824151,0.773957,0.761254,0.753814,0.886089,0.785542,0.844465,0.868819,0.825229,0.84959,0.795676,0.891838,0.589663	-0.0565839,-0.115736,0.0929371,-0.0446107,0.0554561,-0.0953875,-0.262146,-0.0354687,-0.0570911,-0.19654,-0.0419785,-0.167633,0.0573228,-0.0522638,-0.0353896,-0.142461,0.0644743,0.0493781,-0.229514,0.0460611
0.028191,0.00291932,-0.0442988,0.0988049,-0.0267558,-0.041728,-0.0830741,0.0058578,0.0435222,-0.102576,-0.136186,-0.0660389,-0.0363763,-0.224594,-0.128215,0.0267047,0.107796,-0.0787092,0.0021063,-0.0872102	-0.837553,-0.816861,-0.879333,-0.614192,-0.808891,-0.816786,-0.748345,-0.771925,-0.775724,-0.751918,-0.739049,-0.785064,-0.567356,-0.803424,-0.703151,-0.715846,-0.665044,-0.724533,-0.780196,-0.798245	0.845774,0.81783,0.86888,0.672204,0.799437,0.802406,0.709371,0.774282,0.79249,0.70361,0.670331,0.758341,0.542169,0.706273,0.631905,0.728622,0.721142,0.684881,0.781019,0.764237
0.0405728,0.0227481,-0.048224,0.141043,-0.0165043,-0.0670569,-0.0884093,0.0300574,0.0642356,-0.0789674,-0.106031,-0.0868806,-0.0373241,-0.258491,-0.135023,0.0367623,0.122117,-0.0946005,-0.000994609,-0.0645217	-0.833533,-0.816012,-0.880586,-0.588201,-0.809828,-0.822394,-0.741733,-0.774619,-0.759994,-0.746304,-0.730304,-0.797533,-0.573525,-0.811445,-0.700932,-0.729512,-0.655904,-0.733346,-0.779272,-0.788214	0.845511,0.823475,0.869276,0.67338,0.80407,0.799423,0.699173,0.786367,0.785865,0.709129,0.676671,0.76356,0.54793,0.699722,0.625067,0.746261,0.720325,0.686362,0.778881,0.762469
-0.0195287,-0.0495641,-0.0178192,0.162334,-0.0416844,-0.0600563,-0.123384,0.00552813,-0.049003,-0.0580898,-0.0891476,-0.0666199,-0.0158686,-0.270413,-0.142753,0.00668757,0.0498385,-0.0924283,0.031695,-0.0886868	-0.841393,-0.818987,-0.871684,-0.591091,-0.811394,-0.809438,-0.751156,-0.779684,-0.795608,-0.735106,-0.726483,-0.78989,-0.547926,-0.812,-0.700818,-0.717473,-0.69046,-0.73422,-0.754333,-0.794953	0.835594,0.801977,0.867337,0.68746,0.796655,0.787672,0.691897,0.781842,0.776894,0.707216,0.681471,0.763444,0.536724,0.693964,0.620102,0.720703,0.715671,0.688516,0.767674,0.759836
0.0110795,-0.0168568,-0.0231108,0.196143,-0.0543669,-0.0576809,-0.102154,-0.0156896,0.0283002,-0.0498021,-0.11369,-0.03873,-0.0376613,-0.248225,-0.135632,-0.0339235,0.0731343,-0.0701402,0.0319972,-0.0847586	-0.841734,-0.813273,-0.873166,-0.565028,-0.817352,-0.819202,-0.7414,-0.775497,-0.773955,-0.733477,-0.737121,-0.778855,-0.566829,-0.809177,-0.697189,-0.726345,-0.681375,-0.723465,-0.760892,-0.796757	0.844933,0.807486,0.867562,0.685229,0.798467,0.799289,0.691628,0.769166,0.78506,0.709595,0.680455,0.763145,0.54071,0.701942,0.620204,0.709914,0.718696,0.688249,0.774044,0.763563
0.174412,0.117111,-0.0181729,0.14834,-0.00341856,0.0381166,-0.0293592,0.0575805,0.086979,-0.0463827,0.240974,-0.159948,0.0131741,0.0425178,0.157252,-0.213674,0.082067,-0.0177788,0.145399,0.174424	-0.665902,-0.572423,-0.72137,-0.463917,-0.519445,-0.552043,-0.596517,-0.648434,-0.665308,-0.56469,-0.40189,-0.678877,-0.302561,-0.583683,-0.493129,-0.657025,-0.577714,-0.725337,-0.591132,-0.325537	0.752874,0.646214,0.712538,0.572835,0.516945,0.577997,0.577268,0.680603,0.711135,0.532248,0.586102,0.582141,0.314482,0.611037,0.603577,0.515758,0.629916,0.716801,0.678237,0.473098
0.205914,0.11752,-0.0350237,0.106937,-0.084379,0.00401587,-0.0734254,0.0335711,0.0676437,-0.046336,0.308446,-0.237631,-0.0498059,0.104331,0.143967,-0.175397,0.0424606,0.0116197,0.161266,0.219759	-0.648928,-0.577597,-0.735463,-0.493354,-0.587416,-0.570045,-0.613007,-0.649763,-0.669741,-0.562378,-0.353695,-0.700956,-0.316922,-0.536779,-0.493191,-0.644193,-0.600776,-0.714445,-0.563026,-0.284168	0.75408,0.650933,0.718959,0.570208,0.52927,0.572749,0.565013,0.668746,0.705426,0.529849,0.597009,0.555924,0.271401,0.60711,0.594917,0.528513,0.627236,0.720087,0.664003,0.474307
0.8776,0.792126,0.815255,0.634315,0.798749,0.729793,0.728729,0.657337,0.751042,0.783499,0.731231,0.713152,0.749032,0.861231,0.901667,0.877821,0.850879,0.774336,0.870155,0.882452	0.886506,0.779846,0.815543,0.648783,0.787951,0.747389,0.758865,0.631042,0.788267,0.783945,0.726208,0.695109,0.746302,0.858555,0.920159,0.832727,0.867791,0.769814,0.888633,0.884524	-0.040118,0.0321241,-0.000857671,-0.0245848,0.0291365,-0.0387101,-0.0674189,0.0449337,-0.0912405,-0.00115493,0.0107116,0.0357796,0.0061907,0.0102666,-0.10857,0.167628,-0.0646439,0.0111961,-0.0814904,-0.00944066
0.391087,0.403762,0.345066,0.375733,0.414969,0.346759,0.392418,0.361138,0.466128,0.482281,0.365666,0.390268,0.486086,0.462778,0.469572,0.430439,0.481825,0.625076,0.64305,0.78208	0.416299,0.40732,0.377751,0.361387,0.38248,0.422354,0.422794,0.368193,0.466198,0.518065,0.389764,0.394434,0.528156,0.508145,0.489437,0.463996,0.478847,0.611186,0.737302,0.805392	-0.0301155,-0.00425809,-0.037584,0.0166,0.0386182,-0.0885654,-0.0364182,-0.00813652,-8.92245e-05,-0.0477031,-0.0281035,-0.00492438,-0.0566024,-0.0593156,-0.0257928,-0.0419322,0.00387129,0.0224774,-0.179228,-0.0629855
0.572718,0.478766,0.571208,0.37577,0.536529,0.433614,0.437108,0.424004,0.537643,0.465377,0.479346,0.454005,0.547191,0.588755,0.631912,0.415916,0.669568,0.697125,0.721607,0.856674	0.556751,0.482254,0.603824,0.38111,0.503083,0.474919,0.489611,0.462278,0.555563,0.498085,0.485815,0.469602,0.554811,0.609366,0.651709,0.44515,0.656123,0.69376,0.766027,0.846912	0.0234416,-0.00453461,-0.0497889,-0.00623245,0.0458112,-0.0520175,-0.0667985,-0.0476056,-0.0255526,-0.0425773,-0.00843279,-0.0198235,-0.0109418,-0.0321431,-0.0336579,-0.0358762,0.0239793,0.00651806,-0.0993218,0.0355674
-0.401307,-0.511828,-0.548325,-0.360071,-0.557648,-0.610572,-0.345608,-0.338028,-0.430229,-0.407855,-0.398253,-0.414372,-0.333648,-0.490544,-0.242493,-0.410553,-0.223454,-0.198518,-0.51306,-0.616202	-0.0164493,-0.0655982,-0.0535058,-0.127487,0.038251,-0.0407691,-0.0780297,-0.0287718,-0.125878,-0.0271665,-0.0398263,-0.00601106,-0.00514046,-0.135153,-0.0374144,-0.169491,-0.00914643,-0.137932,-0.0715261,0.0749601	-0.387415,-0.461732,-0.509775,-0.243774,-0.583454,-0.584349,-0.274995,-0.312293,-0.321778,-0.384954,-0.364204,-0.40938,-0.329072,-0.380626,-0.206956,-0.259091,-0.214746,-0.0622916,-0.458354,-0.660647
-0.387099,-0.485071,-0.532763,-0.365511,-0.496544,-0.587922,-0.287662,-0.348833,-0.419885,-0.410683,-0.429326,-0.422921,-0.371444,-0.516717,-0.2668,-0.373116,-0.189834,-0.228627,-0.557146,-0.626095	0.00313713,-0.0393786,-0.0496819,-0.144611,0.0891326,-0.00887445,-0.0167728,-0.038261,-0.106444,-0.0252265,-0.0539714,-0.00114162,-0.0176562,-0.133824,-0.053625,-0.122943,0.0207905,-0.162059,-0.10321,0.0668315	-0.389763,-0.454371,-0.496215,-0.233228,-0.560854,-0.582085,-0.272203,-0.314773,-0.328106,-0.389492,-0.384259,-0.421983,-0.356124,-0.411337,-0.216269,-0.2622,-0.209797,-0.0691292,-0.481632,-0.665097
0.391583,0.398968,0.347546,0.367373,0.402124,0.347102,0.404798,0.2949,0.468086,0.4816,0.38313,0.334573,0.504915,0.48761,0.477451,0.404779,0.474983,0.566205,0.647341,0.781324	0.40821,0.414419,0.379867,0.338987,0.379906,0.40591,0.405598,0.326975,0.430015,0.516929,0.412348,0.356479,0.549941,0.535682,0.477776,0.487506,0.452935,0.557095,0.721234,0.802232	-0.0197905,-0.018511,-0.037237,0.0324237,0.0262236,-0.0684524,-0.000956585,-0.0354973,0.0476645,-0.047039,-0.0346992,-0.0248721,-0.0623353,-0.0650676,-0.000421914,-0.103065,0.0280913,0.0133081,-0.138608,-0.0560231
0.577227,0.465261,0.568487,0.385396,0.528098,0.448406,0.460302,0.367104,0.540731,0.467434,0.479377,0.420472,0.564159,0.600434,0.641638,0.385897,0.649888,0.638136,0.715732,0.853183	0.552228,0.480816,0.60059,0.376903,0.505118,0.472387,0.483139,0.430657,0.520085,0.499724,0.490989,0.454169,0.574638,0.6239,0.641986,0.464459,0.617855,0.639479,0.740794,0.841118	0.0366965,-0.020037,-0.0487462,0.0099369,0.0313397,-0.0304255,-0.0293686,-0.0754872,0.0287241,-0.0421314,-0.015186,-0.0416508,-0.0155054,-0.0375226,-0.000591126,-0.095718,0.0535255,-0.00226899,-0.0533475,0.0427247
-0.397031,-0.514915,-0.554379,-0.36001,-0.562285,-0.604187,-0.319041,-0.37954,-0.435698,-0.414309,-0.415118,-0.427699,-0.338207,-0.490535,-0.234718,-0.402963,-0.227687,-0.193731,-0.507691,-0.613085	-0.0135308,-0.0641745,-0.0634917,-0.13915,0.0423919,-0.0295224,-0.0674181,-0.0553821,-0.163365,-0.0355168,-0.0644597,-0.000967162,-0.0082746,-0.133536,-0.044076,-0.122368,-0.0289194,-0.12892,-0.0770664,0.072273	-0.385571,-0.466144,-0.508796,-0.232507,-0.590599,-0.585102,-0.257154,-0.331118,-0.293201,-0.384449,-0.360299,-0.426909,-0.330858,-0.382023,-0.192635,-0.295149,-0.200085,-0.0664704,-0.448159,-0.656278
-0.382814,-0.489981,-0.532085,-0.372186,-0.500347,-0.586005,-0.266236,-0.393095,-0.42543,-0.414809,-0.448899,-0.435432,-0.37723,-0.516379,-0.258965,-0.364344,-0.192944,-0.226155,-0.552087,-0.622796	0.00720003,-0.0403452,-0.0477253,-0.16491,0.0969004,-0.00639044,-0.0145191,-0.0697769,-0.14515,-0.0276915,-0.0843581,0.00510751,-0.023876,-0.130791,-0.060013,-0.0733115,0.00212022,-0.155509,-0.107244,0.0643336	-0.388942,-0.458704,-0.49698,-0.22083,-0.56963,-0.581793,-0.252693,-0.332437,-0.298727,-0.391616,-0.378889,-0.439562,-0.356565,-0.413516,-0.202093,-0.29902,-0.194984,-0.0732212,-0.472839,-0.66066
0.382003,0.353385,0.349025,0.335939,0.394573,0.374411,0.367991,0.322581,0.427924,0.44496,0.394013,0.3564,0.519878,0.502929,0.46298,0.419974,0.507305,0.582816,0.715913,0.811209	0.341474,0.353287,0.347352,0.355299,0.394701,0.339085,0.389928,0.353108,0.44552,0.442353,0.375967,0.367667,0.486443,0.477807,0.463003,0.41564,0.496121,0.59331,0.669577,0.778482	0.0466098,0.000111439,0.00190299,-0.0219845,-0.00015237,0.0404629,-0.0256115,-0.0344517,-0.0217408,0.00324698,0.021184,-0.0129656,0.0447536,0.0330672,-3.00827e-05,0.00525148,0.0149459,-0.0160419,0.0889966,0.0888121
-0.393593,-0.498096,-0.537003,-0.371364,-0.547778,-0.565211,-0.286945,-0.332607,-0.408678,-0.408351,-0.421452,-0.412033,-0.311747,-0.458206,-0.211315,-0.328625,-0.221366,-0.153215,-0.436502,-0.601131	-0.0152469,-0.0528078,-0.0585832,-0.137534,0.0840298,-0.0202109,-0.0281789,-0.0202363,-0.101503,-0.0579312,-0.0833193,0.00698329,-0.00845146,-0.119048,-0.0155453,-0.086383,0.00344134,-0.0772952,-0.0312788,0.0906402	-0.380631,-0.457317,-0.493959,-0.246416,-0.604005,-0.551298,-0.260876,-0.314487,-0.320469,-0.358911,-0.350439,-0.417814,-0.304097,-0.358725,-0.196415,-0.249319,-0.224636,-0.0768298,-0.410833,-0.656027
-0.385223,-0.471833,-0.523759,-0.391702,-0.500139,-0.541616,-0.233233,-0.33703,-0.421362,-0.408181,-0.459806,-0.425446,-0.344689,-0.483382,-0.239199,-0.312836,-0.193839,-0.178245,-0.48088,-0.606968	-0.00319863,-0.0244695,-0.0610811,-0.174827,0.111958,0.0181034,0.0259887,-0.0193957,-0.115283,-0.0504938,-0.110653,0.00505603,-0.0137283,-0.114631,-0.0357798,-0.0690906,0.0265013,-0.0957465,-0.0505249,0.0914108	-0.382496,-0.452589,-0.477969,-0.232819,-0.579641,-0.554285,-0.25766,-0.319724,-0.321706,-0.365214,-0.36787,-0.429578,-0.332534,-0.390382,-0.205175,-0.24913,-0.219214,-0.0839311,-0.441072,-0.661667
-0.409365,-0.491755,-0.545477,-0.367831,-0.558323,-0.584552,-0.265419,-0.308259,-0.410376,-0.416921,-0.429607,-0.42516,-0.301397,-0.46032,-0.234526,-0.334947,-0.226486,-0.198671,-0.481605,-0.615773	-0.0109766,-0.0315777,-0.0756211,-0.148882,0.0729544,-0.0154313,-0.0145814,-0.0123327,-0.11412,-0.0671971,-0.0832143,-0.0273724,0.0297332,-0.102129,-0.0440136,-0.0941124,0.00424432,-0.135213,-0.0613907,0.0798308	-0.400186,-0.467436,-0.490072,-0.231634,-0.606571,-0.574301,-0.251812,-0.297055,-0.310812,-0.359804,-0.359235,-0.402472,-0.328189,-0.375861,-0.1925,-0.248674,-0.230508,-0.0652098,-0.433017,-0.663011
-0.397436,-0.466575,-0.529138,-0.380763,-0.512273,-0.560549,-0.219199,-0.309541,-0.414529,-0.409209,-0.46566,-0.445849,-0.335905,-0.482335,-0.262285,-0.312329,-0.194963,-0.221234,-0.529038,-0.625391	0.00867476,-0.00541162,-0.0733754,-0.175163,0.0975858,0.0240985,0.0285374,-0.00740582,-0.115728,-0.0487734,-0.107048,-0.0414606,0.0209929,-0.0924283,-0.0642016,-0.0678022,0.0318644,-0.151316,-0.093633,0.0721442	-0.404715,-0.462331,-0.474172,-0.220292,-0.580823,-0.576855,-0.246196,-0.30283,-0.313857,-0.367776,-0.377427,-0.412004,-0.354399,-0.408101,-0.201477,-0.249817,-0.225427,-0.0723397,-0.458097,-0.667422
0.816784,0.829789,0.80501,0.803152,0.804064,0.770732,0.818233,0.842316,0.747943,0.724982,0.736857,0.846063,0.772933,0.807665,0.849199,0.858176,0.857989,0.785013,0.806799,0.627621	0.820674,0.806714,0.759469,0.786077,0.702522,0.753501,0.802138,0.855706,0.762561,0.737305,0.773629,0.876905,0.834443,0.876056,0.869092,0.86011,0.843418,0.800121,0.894624,0.65061	-0.0117985,0.0697963,0.117188,0.0463165,0.233362,0.0410994,0.0468337,-0.0479514,-0.0340242,-0.0264759,-0.0855266,-0.119502,-0.173251,-0.233864,-0.075938,-0.00738424,0.0527266,-0.0406254,-0.315672,-0.0388548
0.876145,0.788723,0.818471,0.590096,0.80052,0.738531,0.73892,0.650496,0.748735,0.782391,0.73896,0.716502,0.761079,0.880901,0.910517,0.877052,0.840204,0.785623,0.873487,0.871994	0.888527,0.782329,0.817864,0.632098,0.793331,0.747355,0.765507,0.634112,0.795132,0.794054,0.747507,0.692458,0.758217,0.863269,0.925489,0.835085,0.863174,0.775401,0.891246,0.879452	-0.0558945,0.0166957,0.00183633,-0.0669885,0.0197,-0.0196953,-0.0612101,0.0278865,-0.11466,-0.0307928,-0.0190938,0.0477209,0.00676687,0.073606,-0.095164,0.156833,-0.0836001,0.0261562,-0.0801724,-0.031991
0.394411,0.418255,0.344969,0.312084,0.429967,0.360069,0.425031,0.360728,0.484295,0.485356,0.384659,0.399591,0.489683,0.520989,0.507829,0.432788,0.471826,0.643362,0.641583,0.776418	0.407075,0.405641,0.383713,0.335451,0.391533,0.428944,0.436206,0.367558,0.450015,0.54205,0.432313,0.404254,0.54597,0.5458,0.519726,0.457477,0.443174,0.624237,0.746004,0.798583	-0.0150868,0.0151916,-0.0446552,-0.0260984,0.0462145,-0.0814553,-0.0137195,-0.00787392,0.0438332,-0.0769343,-0.0571593,-0.00556084,-0.0768262,-0.0346686,-0.016163,-0.0307837,0.0362274,0.0319609,-0.200278,-0.0583362
0.572693,0.485107,0.571389,0.296303,0.55308,0.445105,0.458825,0.430073,0.539177,0.468213,0.500355,0.454951,0.561002,0.632668,0.66002,0.432061,0.661249,0.709638,0.720756,0.851218	0.552174,0.482515,0.609163,0.361759,0.509694,0.481189,0.501199,0.459615,0.551711,0.52592,0.519219,0.480466,0.567926,0.643447,0.674834,0.433934,0.632752,0.710011,0.774415,0.841993	0.0300087,0.003385,-0.0579424,-0.0733139,0.0604187,-0.0459185,-0.0550284,-0.0368197,-0.017842,-0.0765592,-0.0254847,-0.0326519,-0.0101613,-0.0181795,-0.026712,-0.00230501,0.0489984,-0.000752224,-0.121444,0.0325674
-0.432266,-0.539417,-0.536651,-0.427726,-0.558531,-0.612376,-0.324977,-0.353613,-0.458643,-0.381304,-0.463299,-0.370943,-0.340211,-0.474137,-0.295227,-0.334287,-0.252228,-0.192838,-0.554513,-0.625757	-0.0255119,-0.0697745,-0.0379727,-0.192004,0.0531726,-0.0165722,-0.0387093,-0.0315997,-0.149098,0.0306479,0.0422433,0.0240102,0.0220567,-0.00416936,0.0309391,-0.16828,-0.0565004,-0.108193,-0.0789201,0.136836	-0.41129,-0.48801,-0.509051,-0.256813,-0.594061,-0.601912,-0.289915,-0.325652,-0.332267,-0.407193,-0.495838,-0.391467,-0.35957,-0.470898,-0.323214,-0.175902,-0.198558,-0.0864482,-0.497358,-0.702445
-0.425307,-0.512913,-0.51837,-0.41496,-0.475202,-0.583087,-0.253561,-0.356468,-0.443609,-0.385207,-0.51299,-0.35732,-0.345626,-0.519541,-0.313066,-0.312657,-0.205833,-0.232378,-0.600851,-0.6435	-0.0054348,-0.0422852,-0.0343588,-0.204922,0.0999857,0.0148839,0.020179,-0.0407223,-0.128488,0.0326871,0.0318692,0.0283156,0.00955027,0.00303329,0.0144083,-0.126703,-0.0261329,-0.134165,-0.114273,0.131984	-0.420845,-0.481061,-0.492788,-0.229559,-0.549098,-0.592826,-0.272347,-0.320397,-0.334169,-0.412698,-0.536094,-0.381773,-0.354007,-0.521752,-0.326003,-0.193624,-0.180672,-0.101373,-0.522449,-0.714776
0.396469,0.4146,0.347807,0.309782,0.41758,0.359789,0.435856,0.296085,0.489182,0.487605,0.403644,0.344045,0.506457,0.53813,0.515048,0.406337,0.466671,0.584724,0.644432,0.776791	0.39725,0.408264,0.3871,0.292588,0.386156,0.420435,0.420809,0.318488,0.408049,0.532341,0.442233,0.372649,0.565563,0.581667,0.510719,0.47634,0.412606,0.576481,0.729087,0.79049	-0.000926925,0.00762708,-0.0454061,0.0189072,0.0374647,-0.0714555,0.0184264,-0.0247354,0.101367,-0.0604197,-0.0469743,-0.0328102,-0.0828325,-0.0633738,0.00587474,-0.0868043,0.0669583,0.0124339,-0.159681,-0.0354922
0.578595,0.473396,0.569794,0.312299,0.545756,0.459537,0.48197,0.376014,0.544682,0.472429,0.503566,0.418834,0.575545,0.639788,0.669363,0.400092,0.643625,0.649308,0.713403,0.849546	0.545566,0.477112,0.608037,0.338552,0.509312,0.487064,0.498188,0.421417,0.509392,0.518218,0.513317,0.468435,0.585402,0.669764,0.66814,0.447471,0.590014,0.660458,0.748518,0.832307	0.0482633,-0.00479932,-0.0585163,-0.0293572,0.0504747,-0.0354646,-0.0213436,-0.0539528,0.0488417,-0.0606336,-0.0131508,-0.0617082,-0.0148666,-0.0524524,0.00221185,-0.0577108,0.0864339,-0.019521,-0.0753528,0.0588538
-0.428838,-0.544957,-0.541851,-0.437169,-0.565557,-0.601557,-0.297532,-0.399847,-0.468135,-0.389998,-0.479268,-0.383751,-0.342403,-0.469921,-0.287752,-0.3276,-0.257737,-0.18854,-0.549255,-0.624067	-0.0264798,-0.0765692,-0.0464018,-0.232023,0.0522381,0.00960112,-0.0258809,-0.0701179,-0.19773,0.00908209,-0.00493506,0.038622,0.0188948,0.0191068,0.0274475,-0.12776,-0.0821933,-0.0935914,-0.0831181,0.118035	-0.40698,-0.488783,-0.508227,-0.228303,-0.600067,-0.607648,-0.273759,-0.33924,-0.297988,-0.397671,-0.475458,-0.416205,-0.358975,-0.484677,-0.31273,-0.208569,-0.179343,-0.0966537,-0.488435,-0.691188
-0.422713,-0.520173,-0.516623,-0.429879,-0.481491,-0.574994,-0.230628,-0.405598,-0.453179,-0.391739,-0.531486,-0.369543,-0.348869,-0.51452,-0.305264,-0.304453,-0.209869,-0.230969,-0.595964,-0.641705	-0.00527117,-0.0512779,-0.0312066,-0.251882,0.103303,0.0314093,0.0244943,-0.0838348,-0.178156,0.0171573,-0.0244378,0.0437859,0.00351496,0.0301212,0.0112218,-0.0833937,-0.0505729,-0.122431,-0.116776,0.112772	-0.418374,-0.481745,-0.493371,-0.19961,-0.557085,-0.595646,-0.253689,-0.33309,-0.299178,-0.406166,-0.513721,-0.406747,-0.351952,-0.536329,-0.315405,-0.226819,-0.161005,-0.111696,-0.515031,-0.703563
0.377664,0.355881,0.351366,0.265841,0.409163,0.384456,0.389368,0.32863,0.416239,0.451753,0.426119,0.359483,0.535655,0.547589,0.497354,0.430983,0.484305,0.596172,0.717093,0.805332	0.345181,0.365697,0.348474,0.309052,0.405417,0.350901,0.420672,0.350834,0.462705,0.453131,0.396753,0.380099,0.487915,0.533372,0.500491,0.40868,0.483856,0.615837,0.670481,0.774238	0.0373519,-0.0112845,0.00329555,-0.0470783,0.0044911,0.0387868,-0.0374357,-0.0250978,-0.0575504,-0.00173285,0.0353409,-0.0238786,0.0646321,0.0200819,-0.00417611,0.027071,0.00058659,-0.0310743,0.0897752,0.0825907
-0.428052,-0.519753,-0.526631,-0.449103,-0.54108,-0.562844,-0.266206,-0.347809,-0.431939,-0.386625,-0.49177,-0.368312,-0.316652,-0.43756,-0.264859,-0.248868,-0.250856,-0.146958,-0.483378,-0.614519	-0.00961233,-0.0340903,-0.0513153,-0.240707,0.105653,0.0134805,0.0282334,-0.0227115,-0.0844227,-0.0256084,-0.0367088,0.0369316,0.00282844,0.0347542,0.0637987,-0.0835867,-0.0191492,-0.0404233,-0.0511613,0.155581	-0.420169,-0.494423,-0.488518,-0.233654,-0.61176,-0.571985,-0.292243,-0.327686,-0.360668,-0.364627,-0.463427,-0.399806,-0.319194,-0.46524,-0.323196,-0.168792,-0.232825,-0.107171,-0.443176,-0.702898
-0.42652,-0.493944,-0.509533,-0.44985,-0.472336,-0.531696,-0.197975,-0.343879,-0.440735,-0.387581,-0.547304,-0.360191,-0.31663,-0.481279,-0.28562,-0.250706,-0.209136,-0.181296,-0.530845,-0.629517	0.0029716,-0.00499755,-0.053466,-0.271043,0.127155,0.0507812,0.0795393,-0.0215938,-0.098998,-0.0182419,-0.0662744,0.0346459,-0.00216304,0.0470105,0.0427285,-0.0685034,0.00432442,-0.0598515,-0.0733253,0.16071	-0.428948,-0.490157,-0.468839,-0.203636,-0.565525,-0.567164,-0.273212,-0.324696,-0.357328,-0.371969,-0.499134,-0.38997,-0.314682,-0.516602,-0.32439,-0.185386,-0.213267,-0.122777,-0.47605,-0.717625
-0.441601,-0.51933,-0.536014,-0.455537,-0.551345,-0.581399,-0.246326,-0.323341,-0.439933,-0.396586,-0.493485,-0.383976,-0.305365,-0.442502,-0.287848,-0.251119,-0.255103,-0.193318,-0.527172,-0.626845	-0.0148753,-0.0259109,-0.0666225,-0.276487,0.101908,0.0169143,0.032144,-0.00563992,-0.131346,-0.0392592,-0.0209264,-0.00905,0.0575627,0.0406923,0.0295043,-0.0737409,-0.0289795,-0.108874,-0.0843023,0.141531	-0.429547,-0.500149,-0.486775,-0.20485,-0.618502,-0.592487,-0.276282,-0.318281,-0.327512,-0.362978,-0.477489,-0.376233,-0.356658,-0.474647,-0.31468,-0.180724,-0.227807,-0.0862595,-0.463467,-0.705762
-0.437403,-0.494105,-0.51586,-0.448068,-0.484687,-0.550766,-0.185031,-0.316103,-0.440099,-0.390283,-0.546417,-0.3832,-0.308859,-0.482842,-0.308853,-0.245966,-0.210323,-0.225201,-0.577407,-0.644054	0.00550667,0.00146531,-0.0641235,-0.294766,0.120308,0.0552717,0.0729332,-0.000676704,-0.132788,-0.021078,-0.0450521,-0.0219081,0.0477821,0.0581693,0.00871581,-0.050474,-0.000937169,-0.126465,-0.120848,0.136992	-0.441846,-0.495212,-0.46719,-0.17663,-0.571661,-0.588134,-0.254529,-0.315494,-0.326385,-0.372268,-0.514019,-0.36435,-0.351455,-0.526231,-0.316717,-0.19795,-0.209427,-0.101631,-0.490807,-0.717721
0.791592,0.817759,0.804174,0.799058,0.84429,0.774195,0.838656,0.848817,0.751249,0.738174,0.658465,0.887988,0.792915,0.776155,0.844191,0.856375,0.858251,0.783611,0.790889,0.527132	0.814105,0.794462,0.751477,0.746785,0.685911,0.731716,0.794244,0.848472,0.755804,0.750654,0.76222,0.865691,0.791065,0.894407,0.854819,0.883321,0.816648,0.814235,0.894152,0.585242	-0.0633181,0.0665002,0.133179,0.129623,0.376293,0.0979874,0.133006,0.00123234,-0.0105401,-0.0279885,-0.2083,0.0964092,0.0049649,-0.386695,-0.0381774,-0.11064,0.13909,-0.0846068,-0.352641,-0.0840353
-0.0182925,-0.00398951,0.0133558,-0.0292421,-0.0370374,-0.00936804,0.0183488,-0.133254,-0.0265321,-0.00265932,0.0507951,-0.134989,0.0533301,0.129899,0.0356866,-0.0644516,-0.0690944,-0.187128,-0.0333084,-4.67355e-05	-0.790478,-0.616798,-0.683223,-0.442242,-0.643738,-0.519936,-0.524223,-0.481461,-0.561152,-0.531568,-0.511218,-0.568801,-0.418209,-0.659858,-0.815277,-0.753128,-0.737019,-0.513723,-0.623034,-0.541906	0.783515,0.61432,0.69028,0.418411,0.621519,0.513067,0.537403,0.372078,0.5427,0.529657,0.547788,0.469891,0.461252,0.727407,0.826905,0.72381,0.703763,0.361331,0.602223,0.541873
-0.00612958,-0.0420668,0.000362122,0.00804075,-0.0285226,0.0273833,0.0469128,-0.117966,-0.0251996,0.00580396,0.0133048,-0.0780111,0.0441112,0.0622774,0.0461975,-0.0860211,-0.150535,-0.188603,-0.118322,-0.0696297	-0.721398,-0.580607,-0.532566,-0.401778,-0.554835,-0.454638,-0.461358,-0.394304,-0.495084,-0.549832,-0.450753,-0.477861,-0.374899,-0.604788,-0.725296,-0.764683,-0.634677,-0.394878,-0.559084,-0.352525	0.718446,0.552023,0.532825,0.408499,0.534776,0.476094,0.497503,0.289819,0.47582,0.553868,0.461291,0.415333,0.412194,0.642852,0.746481,0.726447,0.535283,0.222873,0.471985,0.290014
0.0514245,-0.0299608,-0.0215106,0.00305855,-0.0225276,0.0573844,0.0942533,-0.0838594,0.0129937,-0.0171514,-0.0544511,-0.0300188,-0.0127029,-0.00620208,0.0833582,-0.000409044,-0.00099138,0.0115996,0.0714692,0.00634468	-0.876007,-0.800041,-0.827201,-0.681882,-0.793366,-0.739421,-0.74883,-0.676028,-0.79047,-0.795206,-0.750478,-0.726833,-0.755334,-0.876283,-0.915617,-0.874744,-0.858716,-0.791426,-0.875766,-0.880007	0.887453,0.788992,0.820286,0.683515,0.784866,0.764372,0.787502,0.627757,0.795295,0.788813,0.725682,0.712357,0.749826,0.874835,0.928136,0.874648,0.858455,0.79572,0.891439,0.881431
0.0544982,-0.0339557,0.00562816,-0.0127983,-0.0165587,0.0445063,0.0743498,-0.0896908,0.00880584,-0.00364488,-0.0629852,-0.0287926,-0.0183847,-0.0012395,0.0863681,0.00977472,0.00105864,0.006186,0.0771651,0.00653449	-0.872175,-0.795519,-0.820524,-0.691954,-0.786151,-0.73917,-0.736564,-0.677197,-0.791027,-0.792852,-0.756733,-0.728031,-0.755377,-0.87581,-0.91718,-0.870671,-0.855277,-0.796881,-0.877843,-0.878984	0.884625,0.782706,0.822354,0.685224,0.779743,0.758716,0.768811,0.625498,0.7943,0.791494,0.728469,0.714209,0.747371,0.875521,0.929887,0.873015,0.855561,0.799128,0.894421,0.880461
-0.315719,-0.19119,-0.324238,-0.0565917,-0.198745,-0.0995482,-0.123492,-0.147555,-0.179607,-0.0540095,-0.134991,-0.154948,-0.0686136,-0.180137,-0.329201,0.00238907,-0.312934,-0.2596,-0.141216,-0.275125	-0.0922287,-0.0808283,0.00352233,-0.0248561,-0.0220843,-0.0226162,-0.0270375,-0.0227547,-0.0469838,-0.0790016,0.00758266,-0.0490894,0.01456,0.0144099,-0.037558,-0.028265,0.0244156,-0.0826076,0.0640369,0.089093	-0.230194,-0.112094,-0.327386,-0.0317803,-0.177439,-0.0771055,-0.0967773,-0.125221,-0.133752,0.0250991,-0.142428,-0.10667,-0.0830906,-0.194043,-0.295294,0.030652,-0.334792,-0.180871,-0.203413,-0.355504
0.0308869,0.0145006,0.0336676,-0.03233,-0.00405562,0.103532,0.0956542,0.0180642,0.0237495,0.0116625,-0.0118473,0.016914,0.0528017,0.0780995,0.0542727,0.13779,0.0119999,0.0839046,0.227548,0.0817299	-0.390865,-0.419775,-0.373711,-0.451155,-0.376781,-0.353129,-0.399358,-0.371808,-0.498201,-0.515993,-0.412299,-0.387988,-0.492002,-0.507276,-0.478212,-0.436209,-0.478977,-0.63059,-0.643264,-0.77189	0.416721,0.431648,0.402317,0.425024,0.373296,0.440555,0.476799,0.387271,0.515847,0.5245,0.402417,0.402262,0.531009,0.563068,0.519014,0.541455,0.488171,0.678591,0.759623,0.802964
0.022768,0.0173597,0.0277691,-0.0572687,-0.020467,0.10845,0.0884886,0.0291898,-0.0124282,0.0184181,-0.0218951,0.0104757,0.0607981,0.0799042,0.0488996,0.104475,0.00217572,0.0947681,0.239441,0.0911732	-0.385488,-0.406931,-0.375248,-0.472775,-0.368303,-0.337526,-0.369996,-0.366302,-0.509823,-0.512014,-0.424929,-0.388661,-0.488494,-0.502702,-0.486985,-0.43535,-0.468427,-0.636107,-0.644049,-0.768051	0.404704,0.421314,0.39886,0.427069,0.350478,0.430227,0.44395,0.391307,0.500566,0.525477,0.406818,0.397518,0.533449,0.560108,0.523421,0.516341,0.470124,0.689321,0.765449,0.802994
-0.0158512,0.0376705,0.0232389,-0.0237277,-0.0156828,0.0730783,0.147384,0.0676435,0.0384941,-0.00248394,-0.0373094,-0.00109911,0.05793,0.0766314,0.0244366,0.119634,-0.0018289,-0.000216459,0.114867,-0.0273203	-0.569487,-0.481507,-0.601178,-0.45805,-0.506163,-0.438735,-0.430787,-0.426362,-0.572845,-0.506832,-0.518938,-0.467938,-0.530862,-0.613518,-0.654899,-0.428432,-0.668322,-0.730734,-0.732077,-0.853007	0.558679,0.509929,0.615814,0.439095,0.494405,0.495914,0.543654,0.480157,0.598149,0.504984,0.491137,0.467079,0.571225,0.659159,0.668635,0.521345,0.667308,0.730633,0.781248,0.845388
-0.0160661,0.0382755,0.0202404,-0.0350855,-0.0388721,0.0790044,0.124667,0.0838061,0.0121875,0.0166696,-0.0451426,-0.0191052,0.0609486,0.0847482,0.0182174,0.0987935,-0.00659831,0.0163523,0.113861,-0.026631	-0.561854,-0.470784,-0.601207,-0.470127,-0.502239,-0.424223,-0.411569,-0.417775,-0.578486,-0.496911,-0.528885,-0.474476,-0.530704,-0.607533,-0.661657,-0.422528,-0.660042,-0.734837,-0.735682,-0.852223	0.550759,0.500049,0.613976,0.442338,0.472594,0.486909,0.510065,0.484614,0.586538,0.509362,0.495575,0.459536,0.573114,0.658383,0.671777,0.500432,0.656302,0.74227,0.783881,0.844764
0.892152,0.89334,0.915202,0.885876,0.869141,0.89346,0.849447,0.90419,0.845634,0.845811,0.85882,0.911098,0.881551,0.916775,0.904007,0.885844,0.864038,0.839337,0.930506,0.832658	0.910224,0.91248,0.917314,0.869008,0.906352,0.91248,0.90422,0.895406,0.860506,0.847449,0.848272,0.915425,0.870603,0.921937,0.887238,0.921533,0.899529,0.810016,0.909977,0.827769	-0.0961573,-0.103545,-0.0131634,0.0732867,-0.175313,-0.102957,-0.236177,0.0461398,-0.0546086,-0.00578069,0.0388512,-0.0260726,0.0470859,-0.0333438,0.0847219,-0.194315,-0.159313,0.0915921,0.133947,0.0157347
-0.313549,-0.172717,-0.326239,-0.0613802,-0.185119,-0.1137,-0.148432,-0.0669191,-0.165816,-0.0567947,-0.144163,-0.103169,-0.0985222,-0.210338,-0.338576,0.0317836,-0.257201,-0.119815,-0.083277,-0.23868	-0.0862901,-0.0775779,-0.00325611,-0.00555593,-0.00352123,-0.0172426,-0.0385355,0.0725267,-0.0308857,-0.077494,-0.0242983,0.0365417,-0.0221462,-0.043213,-0.0483375,-0.00676186,0.0557882,0.0590558,0.0812616,0.0852913	-0.233579,-0.0964314,-0.323327,-0.0558434,-0.181716,-0.0966469,-0.110529,-0.138772,-0.135625,0.0207908,-0.120286,-0.139186,-0.0765431,-0.168659,-0.295067,0.0385371,-0.308561,-0.177614,-0.163433,-0.317508
0.0178032,0.0275597,0.0417782,-0.0340105,0.00509481,0.0753936,0.0478294,0.0708012,0.0168585,0.0207262,0.0194604,0.0320503,0.06171,0.0829685,0.0363373,0.13554,0.012292,0.0684931,0.192363,0.0767259	-0.392086,-0.414463,-0.375201,-0.441092,-0.36461,-0.356643,-0.413175,-0.30331,-0.492983,-0.513862,-0.421659,-0.333378,-0.506895,-0.530298,-0.48564,-0.423939,-0.466474,-0.580573,-0.647292,-0.770981	0.407048,0.437031,0.410544,0.413281,0.369019,0.420724,0.452071,0.366247,0.505639,0.528955,0.437529,0.361565,0.551359,0.587421,0.512925,0.529078,0.476037,0.624243,0.746682,0.800362
0.00876784,0.0323394,0.0257834,-0.0485978,-0.0136232,0.0876182,0.0504324,0.0857525,-0.0167243,0.0203588,0.0141508,0.0250069,0.0734483,0.0828388,0.0305741,0.0995765,0.0017573,0.081187,0.202049,0.0858118	-0.386851,-0.401993,-0.379177,-0.461259,-0.356832,-0.341035,-0.382391,-0.298737,-0.502348,-0.511458,-0.433903,-0.334232,-0.502527,-0.525828,-0.494908,-0.423653,-0.456026,-0.584812,-0.64859,-0.76688	0.394282,0.428758,0.401039,0.422124,0.344885,0.416217,0.424634,0.374886,0.489738,0.526336,0.445319,0.356261,0.555473,0.583261,0.51765,0.50205,0.457417,0.635811,0.752081,0.800043
-0.0327419,0.0514978,0.0342146,-0.0260463,-0.00477972,0.0418077,0.0979047,0.122465,0.0302819,0.00633569,-0.00226115,0.0167696,0.0678845,0.081793,0.000774792,0.117497,-0.0012434,-0.00860047,0.073288,-0.0321223	-0.575499,-0.467448,-0.597466,-0.463882,-0.498909,-0.455015,-0.454053,-0.366381,-0.566972,-0.507635,-0.511115,-0.43944,-0.544532,-0.625832,-0.663866,-0.412568,-0.640639,-0.680687,-0.726573,-0.849089	0.55318,0.506747,0.619027,0.443191,0.49531,0.487548,0.528465,0.467854,0.587173,0.512323,0.509443,0.452873,0.590585,0.673166,0.6643,0.505558,0.639905,0.676044,0.759423,0.839874
-0.0340389,0.0542828,0.0171956,-0.0271758,-0.0309929,0.0554826,0.0852988,0.142281,0.00686606,0.0186596,-0.00468623,-0.00196949,0.0748155,0.0880276,-0.00614012,0.093816,-0.00674798,0.00956122,0.0697044,-0.0315799	-0.567628,-0.456959,-0.600544,-0.473344,-0.495938,-0.43992,-0.433539,-0.357889,-0.570834,-0.499282,-0.519595,-0.446659,-0.543396,-0.620514,-0.670783,-0.406933,-0.631381,-0.683247,-0.730931,-0.848135	0.544102,0.498868,0.611425,0.451982,0.472203,0.483599,0.500335,0.475935,0.575445,0.513161,0.516166,0.445081,0.59406,0.671844,0.667391,0.482335,0.627306,0.688311,0.761821,0.839027
0.893107,0.896048,0.909816,0.888598,0.868532,0.894171,0.849298,0.917112,0.844672,0.848372,0.860938,0.912367,0.8823,0.915672,0.902171,0.884863,0.864454,0.843186,0.930399,0.829362	0.912357,0.913325,0.920222,0.863265,0.907725,0.907949,0.898446,0.904596,0.857863,0.855118,0.846671,0.917481,0.868783,0.922044,0.885606,0.922903,0.900727,0.810861,0.911061,0.824574	-0.103958,-0.0951301,-0.0639289,0.108773,-0.185208,-0.0732334,-0.207418,0.0734551,-0.0479017,-0.0245722,0.0526319,-0.0313889,0.057895,-0.0409194,0.0823984,-0.207465,-0.163862,0.102197,0.126936,0.0151463
-0.04152,0.0184741,-0.016685,0.00800246,-0.00915912,-0.037093,0.0420985,0.0426614,0.00968085,-0.0132716,-0.0219515,-0.0177009,0.00242827,-0.0140878,-0.0352989,-0.0153067,-0.0139648,-0.0806119,-0.126253,-0.100038	-0.379658,-0.361225,-0.387738,-0.415648,-0.372054,-0.381244,-0.374231,-0.328008,-0.478046,-0.480106,-0.433636,-0.37791,-0.498808,-0.538179,-0.495987,-0.452855,-0.507231,-0.654258,-0.737316,-0.807031	0.343554,0.377182,0.373469,0.422246,0.364136,0.349087,0.409872,0.365554,0.48548,0.469828,0.415641,0.362635,0.500629,0.528095,0.468897,0.440602,0.496785,0.605586,0.673785,0.769084
-0.0340304,0.0164542,-0.0131112,0.0206182,-0.0124247,-0.0369385,0.0283176,0.0464635,0.0225172,-0.00121434,-0.0188218,-0.0280251,-0.00274994,-0.00908018,-0.0347847,-0.00425876,-0.00743456,-0.077931,-0.138678,-0.10865	-0.3682,-0.351076,-0.386947,-0.424247,-0.362095,-0.367383,-0.351395,-0.322615,-0.473701,-0.470287,-0.443297,-0.385806,-0.499971,-0.531099,-0.503851,-0.438378,-0.491875,-0.66115,-0.742568,-0.807064	0.33841,0.365419,0.375742,0.441007,0.351251,0.33499,0.375971,0.363627,0.490981,0.469341,0.428047,0.361692,0.497905,0.524548,0.477434,0.434932,0.486218,0.614901,0.673216,0.765543
0.888131,0.892738,0.915089,0.898023,0.875739,0.884944,0.838277,0.901003,0.857875,0.841872,0.866244,0.918595,0.873878,0.910194,0.902915,0.892131,0.861529,0.827086,0.921555,0.823467	0.899033,0.914785,0.912393,0.86144,0.89794,0.910794,0.891092,0.901735,0.845399,0.848364,0.846771,0.916843,0.869193,0.917178,0.880827,0.906342,0.887849,0.803828,0.907226,0.823364	-0.0540904,-0.12025,0.0163334,0.161581,-0.103921,-0.133246,-0.208738,-0.00390364,0.0454081,-0.0227169,0.0730736,0.011098,0.0194852,-0.0422778,0.10791,-0.0742417,-0.111956,0.0693921,0.0873988,0.000318387
0.891354,0.89218,0.914561,0.889244,0.88047,0.889137,0.841643,0.890769,0.850484,0.837387,0.865297,0.922853,0.874602,0.909617,0.904872,0.887112,0.861834,0.833336,0.930494,0.831619	0.908976,0.912608,0.914932,0.863304,0.899679,0.914398,0.884504,0.895323,0.848042,0.853069,0.849057,0.911261,0.865944,0.920016,0.883777,0.90946,0.893702,0.813775,0.908121,0.826937	-0.0928543,-0.109956,-0.0022747,0.111661,-0.0924123,-0.135103,-0.167714,-0.0224911,0.00876022,-0.0548979,0.0612136,0.0728892,0.0356799,-0.0637458,0.105318,-0.115666,-0.138691,0.0607769,0.144341,0.0149912
