-0.10488,0.163032,0.241048,0.188875,0.221334,0.0535027,0.0393213,0.134361,0.210248,0.177863,0.154181,0.155023,0.0675633,0.0179595,0.113022,0.0912509,0.00725602,-0.0195073,0.0599787,0.00386272	-0.130887,0.0200731,-0.0908118,-0.140473,-0.0718573,-0.326693,-0.291057,-0.0957174,-0.0697976,-0.0782544,-0.0830239,-0.0709627,-0.114941,-0.260971,-0.183931,-0.435492,-0.440908,-0.396341,-0.370133,-0.364162	0.0263685,0.143429,0.324751,0.320835,0.288601,0.373665,0.32664,0.227157,0.275996,0.252601,0.234207,0.223527,0.181098,0.277629,0.290905,0.50661,0.446734,0.37977,0.42077,0.367508
-0.0834279,0.147661,0.278267,0.219795,0.26198,0.091191,0.00795455,0.118305,0.219913,0.186719,0.185364,0.185108,0.0867662,-0.0368666,0.115279,0.0923401,-0.0171596,-0.0358036,0.0469258,-0.00838234	-0.247925,-0.0118839,-0.0140378,-0.0938576,-0.0475807,-0.286569,-0.30351,-0.07208,-0.0195355,-0.0683044,-0.0381025,-0.0716977,-0.0905311,-0.312693,-0.164831,-0.439791,-0.444792,-0.420515,-0.393908,-0.387731	0.167972,0.159265,0.291167,0.307312,0.30575,0.36814,0.310714,0.188775,0.238424,0.251812,0.2219,0.253442,0.175915,0.279043,0.274887,0.511364,0.430922,0.390592,0.432833,0.380586
-0.0127945,-0.00630838,-0.0326905,0.0232761,-0.0368145,0.0159054,-0.0931573,-0.0931598,-0.0524836,-0.142561,-0.161966,-0.139691,-0.0609722,-0.114544,-0.0533071,0.0052954,-0.0442598,-0.0159665,-0.0342162,-0.105561	-0.389404,-0.363955,-0.583792,-0.539542,-0.49818,-0.60712,-0.576307,-0.49335,-0.444097,-0.533604,-0.518172,-0.558019,-0.456754,-0.540957,-0.526516,-0.586388,-0.671827,-0.573175,-0.566058,-0.575036	0.378495,0.35847,0.561824,0.555837,0.469985,0.617067,0.51056,0.419469,0.400959,0.42324,0.38884,0.453693,0.407119,0.45458,0.486874,0.589852,0.646799,0.562355,0.542346,0.499815
-0.014546,-0.00699409,-0.0341984,0.0290834,-0.0222444,0.0102713,-0.0880386,-0.0872263,-0.0456525,-0.131305,-0.153632,-0.145017,-0.0636172,-0.119392,-0.0516164,-0.00575136,-0.0493859,-0.0230585,-0.0337808,-0.0976976	-0.393746,-0.374877,-0.582103,-0.53707,-0.49172,-0.616922,-0.574805,-0.489638,-0.445823,-0.537513,-0.518187,-0.548932,-0.441789,-0.544362,-0.509915,-0.601194,-0.668907,-0.578507,-0.571168,-0.569595	0.381384,0.36885,0.559033,0.557446,0.474667,0.623244,0.512712,0.420365,0.408484,0.437055,0.396088,0.438849,0.389108,0.45451,0.470687,0.597509,0.640686,0.562959,0.54796,0.499705
-0.0255365,0.0294838,-0.0262558,0.0019897,-0.0153681,-0.000187298,-0.0731468,-0.0712082,-0.0382729,-0.115742,-0.131826,-0.125841,-0.0482855,-0.0922059,-0.0609549,0.00298271,-0.0309225,-0.0157408,-0.0379132,-0.0831764	-0.372474,-0.318363,-0.571683,-0.546204,-0.478721,-0.596353,-0.565963,-0.471792,-0.420576,-0.489947,-0.497651,-0.507436,-0.404689,-0.516819,-0.514125,-0.606728,-0.647721,-0.553516,-0.575168,-0.571776	0.350269,0.344612,0.553739,0.547599,0.466787,0.596232,0.514099,0.41451,0.388557,0.396701,0.39151,0.407625,0.363507,0.44586,0.467831,0.60861,0.629405,0.542502,0.549232,0.512997
-0.00600269,0.00432393,-0.0482925,0.00934034,-0.0308403,0.00790447,-0.0461366,-0.0884478,-0.0349534,-0.128843,-0.161239,-0.168117,-0.0692387,-0.108315,-0.0651943,0.0067126,-0.0506918,-0.020269,-0.0362913,-0.107642	-0.385969,-0.356389,-0.592928,-0.558073,-0.513403,-0.61608,-0.535838,-0.485815,-0.431606,-0.506174,-0.52584,-0.542245,-0.41857,-0.537163,-0.520747,-0.594124,-0.670242,-0.557181,-0.572903,-0.576411	0.380849,0.360158,0.56069,0.564471,0.490327,0.62096,0.502114,0.415208,0.402729,0.403656,0.398377,0.411655,0.359757,0.45534,0.471562,0.59845,0.64134,0.543045,0.548006,0.499779
-0.107133,0.0721372,0.118216,0.0388865,0.0693672,0.0651553,0.0370675,0.150016,0.21248,0.239272,0.117606,0.195685,0.12338,0.0310412,0.0586089,0.1272,0.0799008,0.0313646,0.0853779,0.12634	-0.163011,-0.126041,-0.0879434,-0.281013,-0.197127,-0.308566,-0.306481,-0.112678,-0.049345,0.00171977,-0.0678858,-0.0594225,-0.0424171,-0.267613,-0.256971,-0.38393,-0.380077,-0.392445,-0.401148,-0.227422	0.056871,0.196392,0.204038,0.316441,0.2629,0.366356,0.339689,0.258328,0.259109,0.23765,0.184023,0.252176,0.164934,0.296194,0.310898,0.487331,0.446421,0.418656,0.470414,0.343882
-0.109037,0.0575757,0.102431,0.037945,0.0685897,0.069784,0.0636467,0.156733,0.217785,0.224825,0.133678,0.213758,0.166347,0.0570946,0.0556813,0.108617,0.0836972,0.0440615,0.0938654,0.13988	-0.182019,-0.137735,-0.250223,-0.248814,-0.211021,-0.322268,-0.285138,-0.0993047,-0.0422835,-0.00270471,-0.0451611,-0.0420252,0.0403125,-0.249205,-0.253648,-0.386845,-0.389342,-0.37671,-0.395856,-0.222515	0.0744601,0.193774,0.343841,0.284077,0.275621,0.383429,0.342568,0.252114,0.257695,0.227392,0.177766,0.253506,0.126885,0.302002,0.305021,0.475483,0.458111,0.413901,0.472177,0.351456
0.300757,0.430089,0.467483,0.628975,0.678051,0.530067,0.654505,0.68154,0.458781,0.555967,0.504653,0.597836,0.61238,0.637209,0.646588,0.707826,0.727791,0.690963,0.79982,0.633106	0.106695,0.406376,0.539756,0.666763,0.667903,0.553006,0.674815,0.736598,0.512202,0.561463,0.528797,0.56248,0.626637,0.618745,0.671185,0.698534,0.763578,0.659257,0.762365,0.599754	0.200496,0.0287351,-0.0966648,-0.0650812,0.0185468,-0.0324516,-0.0363763,-0.110562,-0.0698308,-0.00798963,-0.0329311,0.053269,-0.0231353,0.0304831,-0.0434555,0.0183804,-0.0805506,0.0582322,0.0959784,0.0537697
0.0813753,-0.130195,-0.0131415,-0.0314385,-0.0653308,0.0880507,-0.03832,-0.0093194,-0.0327923,-0.0633307,0.00305595,-0.0563811,0.00886445,0.00490171,-0.0690355,-0.026865,0.00352662,-0.0558835,-0.0677659,-0.00650515	-0.317847,-0.368584,-0.403008,-0.382778,-0.344284,-0.333582,-0.333629,-0.291704,-0.241498,-0.335579,-0.255474,-0.389742,-0.287338,-0.256948,-0.349139,-0.216074,-0.368033,-0.339972,-0.28354,-0.242712	0.389157,0.250405,0.391942,0.355619,0.285372,0.409601,0.299133,0.283154,0.210371,0.27816,0.258329,0.34085,0.29545,0.261521,0.287022,0.190313,0.371078,0.28959,0.220002,0.23658
0.0754172,-0.130172,-0.0106023,-0.0165771,-0.0637119,0.0731881,-0.0221778,-0.00469796,-0.0371831,-0.0497373,0.00348002,-0.063663,0.0104583,-0.020927,-0.0647465,-0.0154592,0.00816501,-0.047913,-0.0710747,-0.00397538	-0.324595,-0.379444,-0.398346,-0.37508,-0.347337,-0.354492,-0.327536,-0.28818,-0.252386,-0.338908,-0.26359,-0.380513,-0.261745,-0.277873,-0.32532,-0.227548,-0.359451,-0.337623,-0.292593,-0.23813	0.390454,0.262224,0.389388,0.360746,0.290044,0.416864,0.307592,0.283867,0.217241,0.294129,0.266826,0.324716,0.27146,0.258449,0.26618,0.212838,0.366541,0.294473,0.226223,0.234377
0.129866,-0.0555983,0.021828,-0.0234373,-0.0397914,0.0395353,-0.0366839,-0.00364228,-0.0349215,-0.0441682,0.0113441,-0.0614901,0.0350669,-0.0249234,-0.0550201,-0.0425991,0.0232871,-0.0737371,-0.0386571,-0.00806691	-0.254251,-0.289309,-0.368477,-0.374724,-0.315892,-0.335279,-0.333796,-0.275318,-0.227258,-0.281998,-0.247591,-0.339123,-0.208274,-0.262838,-0.319225,-0.251436,-0.321066,-0.321379,-0.272355,-0.255295	0.37184,0.237532,0.387191,0.354399,0.279616,0.369911,0.300796,0.271949,0.193875,0.240829,0.258209,0.283546,0.241576,0.239483,0.268928,0.211098,0.341798,0.253653,0.236185,0.247738
0.0877182,-0.13408,-0.0101517,-0.0148726,-0.0584264,0.083333,-0.0597466,-0.0208316,-0.0497214,-0.069483,-0.0273098,-0.0949257,-0.0416618,-0.0419086,-0.0698625,-0.0534744,0.014,-0.0690587,-0.0664164,-0.00826981	-0.314034,-0.37129,-0.402223,-0.389706,-0.361354,-0.344899,-0.327265,-0.292603,-0.255094,-0.312492,-0.293136,-0.376638,-0.270826,-0.292042,-0.334418,-0.244217,-0.356631,-0.320657,-0.288607,-0.244308	0.390982,0.249638,0.393679,0.377019,0.309461,0.416268,0.272854,0.273438,0.208011,0.248402,0.267972,0.292157,0.23178,0.253233,0.270885,0.193266,0.36879,0.257296,0.226532,0.236516
0.0395438,0.209898,0.0837635,0.0426498,-0.01331,-0.0489403,0.130455,0.178693,0.11824,0.13457,0.121208,0.253079,0.0579952,0.154933,0.104843,0.151246,0.0294751,0.176264,0.183729,0.020976	0.0050859,0.133343,0.222379,0.00933331,-0.0193303,-0.0220854,0.103259,0.147729,0.142678,0.178529,0.176637,0.227612,0.08219,0.138667,0.0642275,0.228336,0.065946,0.122097,0.110426,0.0950506	0.0344649,0.0787592,-0.141247,0.0333298,0.00602189,-0.0268839,0.0275671,0.0318036,-0.0248576,-0.0450415,-0.0566419,0.0270242,-0.0243106,0.0166228,0.0408911,-0.0798469,-0.0365419,0.0553586,0.0748211,-0.0742227
0.0280338,0.181596,0.109238,0.00368234,-0.0436288,-0.0384287,0.129147,0.178491,0.137749,0.143227,0.111425,0.260641,0.0370304,0.119189,0.119904,0.17685,0.0242837,0.179852,0.179736,0.0111759	-0.0269026,0.107653,0.0473157,0.0218675,-0.0641683,-0.0351482,0.104272,0.155276,0.166141,0.195854,0.177092,0.239582,0.10797,0.105834,0.0888973,0.264976,0.0359916,0.140221,0.108621,0.0822681	0.0548951,0.0754181,0.0622444,-0.0181866,0.0205972,-0.00328497,0.0252153,0.0238772,-0.0290572,-0.0541456,-0.0669888,0.0224613,-0.0712241,0.0135256,0.0313407,-0.0924583,-0.0117182,0.0406569,0.0725315,-0.0711576
0.324193,0.00369415,-0.0441026,-0.0955912,-0.0934337,0.0620631,-0.0473463,0.0263892,-0.0169427,-0.0987235,0.0584625,-0.0660131,0.0559882,0.0488027,-0.0291967,-0.00383164,-0.000594979,-0.055357,-0.0722615,0.00733526	0.00550548,-0.253059,-0.459468,-0.443188,-0.358332,-0.363375,-0.352608,-0.293856,-0.26276,-0.371045,-0.230417,-0.383879,-0.262467,-0.212295,-0.329962,-0.193052,-0.391935,-0.326118,-0.268358,-0.211496	0.319257,0.256513,0.423957,0.362974,0.274075,0.416055,0.310445,0.317781,0.246917,0.282676,0.28504,0.32613,0.313843,0.25842,0.303691,0.18936,0.391432,0.275739,0.199974,0.218493
0.325859,0.0027318,-0.0553343,-0.0714604,-0.094889,0.0574987,-0.0282796,0.0217789,-0.0238158,-0.0693055,0.0477902,-0.0735649,0.0717313,-0.00384628,-0.0250995,0.0149678,-0.00703488,-0.0475402,-0.0787447,0.0131119	0.00316041,-0.266478,-0.463613,-0.428326,-0.363568,-0.377104,-0.344647,-0.297182,-0.275707,-0.362399,-0.247688,-0.374635,-0.225123,-0.254888,-0.306208,-0.199467,-0.392386,-0.323971,-0.279846,-0.203929	0.323031,0.269014,0.419029,0.368133,0.278279,0.425379,0.319481,0.31691,0.253556,0.300645,0.292022,0.309603,0.292137,0.251288,0.283286,0.213796,0.386418,0.280755,0.205632,0.216462
0.311637,0.047576,-0.00659836,-0.0546838,-0.0704991,0.012797,-0.0398909,0.0158559,-0.0261334,-0.0827091,0.0172433,-0.0851775,0.0728967,-0.0102497,-0.0440258,-0.0327181,0.00691732,-0.080167,-0.0494383,0.00167766	0.0374868,-0.193597,-0.426725,-0.412029,-0.332817,-0.366264,-0.349447,-0.289629,-0.254293,-0.318036,-0.260405,-0.341409,-0.188461,-0.241167,-0.323484,-0.23931,-0.357367,-0.311268,-0.262019,-0.226955	0.27739,0.238972,0.421313,0.365583,0.26862,0.377293,0.313932,0.304088,0.229686,0.241684,0.276407,0.263906,0.257815,0.23149,0.283496,0.208222,0.363386,0.237015,0.215371,0.228545
0.328899,-0.0106306,-0.0511647,-0.0709183,-0.0924421,0.0666175,-0.0548545,-0.00892606,-0.0373667,-0.111924,-0.00918294,-0.11093,-0.00438376,-0.0304846,-0.054605,-0.0338858,0.00329937,-0.075749,-0.0761528,0.010302	0.00898496,-0.263855,-0.465845,-0.443305,-0.379235,-0.37,-0.336361,-0.311935,-0.277539,-0.352191,-0.296455,-0.374097,-0.251735,-0.27333,-0.334344,-0.22386,-0.386512,-0.310729,-0.27774,-0.207938	0.320862,0.253937,0.424806,0.384474,0.297212,0.426114,0.286798,0.303855,0.242689,0.250126,0.288056,0.274561,0.247625,0.244886,0.284941,0.191426,0.389315,0.240644,0.205943,0.217774
-0.117968,0.0925751,0.22377,0.110674,-0.0210471,-0.0120425,0.178358,0.160365,0.134274,0.2409,0.152725,0.21377,0.0282532,0.175649,0.135335,0.191972,0.0917054,0.188974,0.170955,0.0216632	0.0220548,0.0424589,0.307747,0.0483149,-0.0200582,-0.00153846,0.13418,0.0846519,0.111914,0.283326,0.187299,0.219224,0.0409441,0.174655,0.0747955,0.279168,0.103587,0.16008,0.126696,0.122843	-0.139659,0.050314,-0.0901874,0.0626944,-0.000989278,-0.0105042,0.0452612,0.0767553,0.0227013,-0.0455336,-0.0355926,-0.00572197,-0.0127056,0.00102563,0.0611589,-0.0921335,-0.0119951,0.0297948,0.0452388,-0.10145
-0.122551,0.139798,0.299945,0.0535355,-0.0675717,0.00826248,0.174619,0.159124,0.16684,0.248728,0.131372,0.236601,0.0237335,0.130415,0.159145,0.185889,0.0676326,0.188877,0.173697,0.0154159	-0.00471871,0.0894214,0.164684,0.0442535,-0.0810294,-0.00530168,0.133104,0.091219,0.147311,0.300604,0.176095,0.247033,0.0830012,0.132326,0.107297,0.28238,0.0541418,0.17469,0.131238,0.114006	-0.117901,0.0510148,0.14229,0.00930405,0.0135318,0.0135636,0.0425028,0.0689054,0.0200209,-0.0560682,-0.0457817,-0.0110794,-0.0593847,-0.0019448,0.052748,-0.101836,0.0135404,0.0146707,0.0434503,-0.0987636
0.846778,0.831885,0.829115,0.786994,0.731415,0.711719,0.697135,0.75837,0.761963,0.802793,0.742502,0.749282,0.633888,0.783654,0.725427,0.724755,0.764318,0.732926,0.769327,0.803654	0.844387,0.810214,0.830323,0.784369,0.719903,0.695909,0.682607,0.758026,0.750904,0.783327,0.72883,0.773631,0.674468,0.780729,0.760848,0.695842,0.772601,0.730031,0.760024,0.80687	0.00838979,0.0664763,-0.00387699,0.0068604,0.0243152,0.0313241,0.0277165,0.000811167,0.0258491,0.0524483,0.0297965,-0.0579277,-0.0708881,0.00753443,-0.0790547,0.0583298,-0.0202265,0.00622589,0.0223996,-0.00914856
0.660006,0.429085,0.441283,0.444674,0.319288,0.298771,0.366283,0.385861,0.340801,0.370662,0.371894,0.303442,0.257731,0.388,0.33866,0.307107,0.313756,0.36835,0.431709,0.300237	0.716958,0.467141,0.461235,0.450845,0.338594,0.350083,0.359134,0.407441,0.359377,0.428598,0.377171,0.393284,0.348049,0.415949,0.36557,0.275996,0.363881,0.415314,0.413881,0.286208	-0.10811,-0.047597,-0.0250507,-0.00771826,-0.0216454,-0.0573058,0.00823131,-0.0256058,-0.0211688,-0.0688785,-0.00613854,-0.102016,-0.0992176,-0.0333276,-0.030712,0.0339924,-0.0565851,-0.0554466,0.0217067,0.0153474
0.81506,0.625553,0.561944,0.613735,0.486008,0.48835,0.431286,0.452783,0.548257,0.542436,0.491499,0.545527,0.295234,0.519058,0.500972,0.42516,0.604997,0.447375,0.479226,0.471303	0.815001,0.624825,0.568754,0.579843,0.450318,0.472927,0.463065,0.468984,0.545248,0.586328,0.470929,0.614807,0.377913,0.52104,0.522757,0.417405,0.60877,0.490968,0.470846,0.471987	0.00017505,0.00119403,-0.0100091,0.052617,0.0456899,0.0200539,-0.0397095,-0.0205685,0.00429311,-0.0643614,0.0267655,-0.104242,-0.0930615,-0.00271718,-0.029514,0.00942806,-0.0059723,-0.0558633,0.010823,-0.000879251
-0.597092,-0.378316,-0.503754,-0.474217,-0.314096,-0.46077,-0.360875,-0.388286,-0.357848,-0.45167,-0.378224,-0.414251,-0.426892,-0.299601,-0.369753,-0.300317,-0.441907,-0.304316,-0.308371,-0.38968	-0.353371,-0.198884,-0.058563,-0.196638,-0.0285817,-0.0788159,-0.106537,-0.154709,-0.157715,-0.179398,-0.107328,-0.114001,-0.163162,-0.0587676,-0.128349,-0.0643874,-0.0698323,-0.056209,-0.1579,-0.137137	-0.308897,-0.194031,-0.458724,-0.306125,-0.2881,-0.396348,-0.264508,-0.248506,-0.212105,-0.296279,-0.282359,-0.315132,-0.283475,-0.245149,-0.253431,-0.240581,-0.383922,-0.252425,-0.158172,-0.266801
-0.612255,-0.367399,-0.293217,-0.505962,-0.315836,-0.464113,-0.36696,-0.39672,-0.354456,-0.437552,-0.390039,-0.408259,-0.431538,-0.358819,-0.370424,-0.312201,-0.432221,-0.298267,-0.314152,-0.399181	-0.389852,-0.183932,0.0780577,-0.200264,-0.0446903,-0.104514,-0.115424,-0.161099,-0.14971,-0.155505,-0.116322,-0.100688,-0.130802,-0.129609,-0.118324,-0.0748463,-0.0787313,-0.0370591,-0.163525,-0.149838	-0.292132,-0.196764,-0.362967,-0.340165,-0.275027,-0.377931,-0.26266,-0.251708,-0.216219,-0.302639,-0.286725,-0.320756,-0.318727,-0.24039,-0.263656,-0.243034,-0.365943,-0.264127,-0.158784,-0.265205
0.654308,0.400993,0.43919,0.447534,0.319982,0.299137,0.386652,0.384058,0.338705,0.347357,0.365986,0.350055,0.299951,0.370911,0.341336,0.300626,0.326689,0.373404,0.41932,0.297953	0.714126,0.460279,0.45799,0.45624,0.350381,0.365616,0.393501,0.406199,0.367973,0.424536,0.384586,0.41754,0.351567,0.401552,0.335013,0.295897,0.368653,0.423126,0.410639,0.281016	-0.112283,-0.0727056,-0.0235335,-0.0109402,-0.0342383,-0.0746427,-0.00807899,-0.026233,-0.033435,-0.0905288,-0.0216467,-0.0790377,-0.0577007,-0.0360036,0.00713951,0.00519054,-0.0477099,-0.0590528,0.0104878,0.0184844
0.813136,0.634245,0.544584,0.610825,0.513234,0.506675,0.422619,0.461022,0.528717,0.527811,0.481075,0.552407,0.333967,0.504928,0.502564,0.410823,0.600886,0.469224,0.470822,0.479862	0.815522,0.655222,0.550159,0.579752,0.48939,0.506972,0.46819,0.477755,0.536827,0.591578,0.474173,0.597481,0.37868,0.509847,0.489549,0.430665,0.596452,0.515781,0.471755,0.477415	-0.00708153,-0.0358935,-0.00795968,0.048111,0.0318409,-0.000400186,-0.0568122,-0.0214586,-0.0113253,-0.092717,0.00894166,-0.0672803,-0.0511866,-0.00662349,0.017261,-0.0241075,0.00691025,-0.0614216,-0.00119992,0.00317345
-0.609222,-0.376004,-0.513162,-0.465129,-0.305714,-0.465769,-0.360632,-0.39211,-0.368489,-0.456765,-0.396389,-0.409309,-0.3964,-0.303614,-0.345873,-0.312736,-0.433243,-0.295295,-0.313652,-0.389057	-0.368659,-0.182289,-0.077411,-0.181758,-0.0110822,-0.0700221,-0.0988695,-0.160167,-0.163418,-0.171991,-0.121317,-0.127664,-0.14902,-0.0632921,-0.124705,-0.0550819,-0.0639928,-0.041926,-0.155603,-0.139816	-0.310241,-0.20797,-0.453777,-0.30954,-0.295634,-0.409089,-0.271441,-0.247486,-0.218211,-0.309053,-0.288968,-0.297174,-0.26291,-0.245031,-0.231138,-0.26217,-0.379779,-0.256545,-0.166159,-0.263579
-0.619789,-0.361765,-0.319615,-0.501934,-0.304755,-0.466572,-0.363718,-0.402391,-0.361055,-0.437594,-0.409758,-0.404719,-0.400378,-0.347337,-0.344003,-0.321473,-0.424045,-0.289444,-0.316367,-0.396968	-0.399146,-0.162735,0.0438299,-0.192172,-0.0230681,-0.0908734,-0.103888,-0.169079,-0.149616,-0.140022,-0.132196,-0.116515,-0.114976,-0.113947,-0.111278,-0.0622703,-0.0732588,-0.0228979,-0.157646,-0.149671	-0.293169,-0.211481,-0.358424,-0.34283,-0.283681,-0.392333,-0.270033,-0.250344,-0.223513,-0.316995,-0.293459,-0.302467,-0.299174,-0.243007,-0.241988,-0.264497,-0.362033,-0.268325,-0.167053,-0.262919
0.704655,0.480003,0.390787,0.462928,0.348702,0.359613,0.300898,0.401409,0.349122,0.437173,0.365125,0.358004,0.278178,0.389488,0.346974,0.260054,0.349257,0.383866,0.371702,0.238019	0.647073,0.441302,0.37736,0.42402,0.294875,0.294154,0.33826,0.395622,0.327902,0.421993,0.339833,0.334525,0.271688,0.363673,0.340922,0.283945,0.303494,0.379796,0.381228,0.25252	0.105843,0.0491012,0.0157494,0.0484105,0.0599953,0.0732024,-0.0415954,0.00687954,0.0239642,0.0186141,0.0288743,0.0266736,0.00702059,0.0300752,0.00686398,-0.0257958,0.0511887,0.00476411,-0.011099,-0.0154283
-0.521215,-0.337035,-0.468398,-0.438025,-0.307757,-0.403696,-0.327757,-0.352528,-0.350257,-0.398114,-0.35076,-0.371569,-0.332822,-0.265526,-0.307911,-0.328552,-0.384655,-0.293997,-0.293538,-0.371519	-0.267609,-0.172362,-0.0154744,-0.151657,-0.0381737,-0.0299961,-0.0594805,-0.123243,-0.165909,-0.154638,-0.073458,-0.126635,-0.103949,-0.0387467,-0.0740455,-0.075068,-0.0275484,-0.0844384,-0.125941,-0.0988135	-0.294713,-0.174829,-0.45623,-0.306745,-0.272788,-0.37828,-0.273611,-0.2397,-0.195722,-0.259448,-0.284636,-0.257028,-0.237076,-0.229137,-0.239322,-0.259894,-0.360932,-0.214893,-0.174031,-0.283098
-0.527909,-0.330626,-0.288763,-0.467863,-0.315511,-0.404384,-0.336395,-0.356385,-0.348012,-0.384329,-0.360843,-0.367467,-0.346999,-0.308126,-0.300948,-0.325294,-0.373578,-0.29386,-0.299075,-0.383695	-0.293117,-0.163308,0.0649723,-0.150614,-0.0607328,-0.0536504,-0.07139,-0.123972,-0.160051,-0.130748,-0.0793613,-0.117551,-0.0803973,-0.0877228,-0.0535751,-0.0658558,-0.0367604,-0.0733268,-0.130534,-0.116593	-0.277775,-0.176868,-0.347221,-0.341299,-0.259756,-0.358512,-0.271526,-0.243157,-0.199047,-0.266997,-0.28978,-0.261199,-0.274253,-0.226526,-0.251426,-0.265117,-0.341507,-0.22539,-0.175388,-0.27961
-0.604784,-0.395869,-0.510649,-0.480189,-0.349405,-0.445332,-0.340685,-0.377313,-0.379777,-0.449839,-0.401377,-0.409293,-0.366695,-0.299315,-0.34021,-0.324133,-0.424095,-0.291327,-0.298427,-0.38091	-0.363841,-0.220735,-0.0651647,-0.183854,-0.0473607,-0.0359356,-0.105402,-0.148382,-0.185403,-0.211457,-0.124111,-0.160612,-0.145336,-0.0618262,-0.110818,-0.0893337,-0.0484789,-0.0770155,-0.138578,-0.126014	-0.308919,-0.191904,-0.460819,-0.32503,-0.307127,-0.416054,-0.244047,-0.242508,-0.209096,-0.263441,-0.291803,-0.26618,-0.23382,-0.241966,-0.23838,-0.241801,-0.383501,-0.21923,-0.166745,-0.267748
-0.611318,-0.386852,-0.316951,-0.511768,-0.353237,-0.446702,-0.342581,-0.386464,-0.379907,-0.436318,-0.41311,-0.406791,-0.379426,-0.341939,-0.340871,-0.320346,-0.411787,-0.292203,-0.299612,-0.387148	-0.387943,-0.208367,0.0467972,-0.18845,-0.0652583,-0.0603618,-0.108131,-0.155871,-0.181945,-0.187763,-0.133108,-0.15285,-0.121761,-0.111898,-0.100731,-0.0781753,-0.0540845,-0.0673015,-0.138165,-0.134152	-0.292818,-0.194134,-0.358432,-0.357828,-0.294774,-0.397046,-0.243469,-0.245374,-0.212661,-0.270735,-0.296295,-0.270777,-0.270145,-0.239193,-0.248679,-0.248391,-0.365851,-0.229413,-0.168419,-0.266856
0.840127,0.818228,0.629529,0.739919,0.843001,0.846399,0.809871,0.809017,0.794679,0.859604,0.784546,0.827891,0.709494,0.754738,0.789068,0.753785,0.823122,0.779713,0.853948,0.841151	0.812364,0.820432,0.392326,0.81153,0.821404,0.810795,0.812447,0.818178,0.798751,0.870017,0.797563,0.833153,0.766668,0.758403,0.80241,0.767048,0.788716,0.797073,0.856207,0.837076	0.0874406,-0.00670388,0.315002,-0.179235,0.0702231,0.11348,-0.00753414,-0.0270952,-0.0111467,-0.0412986,-0.034779,-0.016959,-0.125367,-0.0085719,-0.0363701,-0.0314423,0.0980827,-0.0458631,-0.00840316,0.0137742
0.356596,0.33992,0.306007,0.536186,0.566964,0.478461,0.648376,0.649298,0.331041,0.467296,0.39691,0.499756,0.570932,0.669014,0.608515,0.681749,0.741264,0.702641,0.796212,0.635962	0.189876,0.294667,0.432648,0.621687,0.608475,0.541445,0.635446,0.68982,0.403291,0.482541,0.461667,0.497047,0.608071,0.5942,0.639035,0.672756,0.754123,0.655653,0.744713,0.591631	0.178828,0.05029,-0.145965,-0.128253,-0.0633746,-0.0850058,0.0219898,-0.0733971,-0.083382,-0.0196828,-0.0792856,0.00360428,-0.0568901,0.124177,-0.0499396,0.0166111,-0.0291573,0.0871257,0.126516,0.0710719
0.0906193,-0.137126,0.0149871,-0.0550188,-0.0411,0.0781988,0.0337632,0.0756049,0.0118084,0.0636413,0.152227,0.075061,0.0642675,0.0931976,-0.029903,-0.0309517,0.0320968,-0.042963,-0.0465292,0.0682741	-0.251627,-0.468726,-0.52027,-0.480642,-0.461336,-0.35866,-0.336175,-0.358925,-0.369226,-0.419751,-0.326352,-0.458845,-0.318027,-0.252839,-0.41394,-0.260429,-0.364846,-0.324028,-0.311981,-0.234942	0.334616,0.354377,0.531116,0.437185,0.428358,0.424941,0.365787,0.423049,0.37938,0.470815,0.455928,0.51613,0.374637,0.338071,0.38885,0.231342,0.392348,0.285033,0.269362,0.298429
0.0870883,-0.1363,0.0193485,-0.0435088,-0.052309,0.0675692,0.0463982,0.0749466,0.000454837,0.0684777,0.144304,0.0721755,0.0680003,0.0715431,-0.0266598,-0.012138,0.0402621,-0.0300751,-0.0504797,0.0653154	-0.259333,-0.477251,-0.51537,-0.473934,-0.464515,-0.379778,-0.331371,-0.355868,-0.379638,-0.424529,-0.33277,-0.447319,-0.294818,-0.273624,-0.392804,-0.270845,-0.355642,-0.321523,-0.321477,-0.231785	0.33877,0.364673,0.529439,0.439487,0.422471,0.436155,0.372049,0.419623,0.380027,0.479079,0.455215,0.503247,0.355688,0.33854,0.370019,0.25956,0.390315,0.294294,0.275468,0.292669
0.148096,-0.0918408,0.0504321,-0.0282007,-0.0316716,0.0405111,0.0199825,0.0617221,-0.00383533,0.0589616,0.1348,0.056247,0.0801892,0.0466045,-0.00744131,-0.0456731,0.0433241,-0.060949,-0.013803,0.0506985	-0.180606,-0.404967,-0.489649,-0.472147,-0.442605,-0.359045,-0.33977,-0.348708,-0.35842,-0.376625,-0.324192,-0.415767,-0.247972,-0.262107,-0.382695,-0.294607,-0.320508,-0.3062,-0.301462,-0.248895	0.320139,0.325222,0.527066,0.449937,0.416776,0.393828,0.357326,0.401782,0.355073,0.426124,0.439774,0.461228,0.321763,0.304986,0.376326,0.252329,0.35885,0.249915,0.288861,0.295861
0.0901307,-0.152535,0.0330478,-0.0248506,-0.0389138,0.0791968,-0.0240243,0.058999,-0.0235154,0.0426249,0.120118,0.0607036,0.0198414,0.0418289,-0.0204512,-0.0592424,0.04703,-0.0530061,-0.0441411,0.0680142	-0.24873,-0.474303,-0.516393,-0.484863,-0.477934,-0.368314,-0.337249,-0.362632,-0.383026,-0.403023,-0.359494,-0.443287,-0.305654,-0.288112,-0.396975,-0.288659,-0.353741,-0.304586,-0.318282,-0.236199	0.33143,0.346863,0.540222,0.465622,0.44734,0.434827,0.315783,0.412799,0.362778,0.438121,0.459758,0.490784,0.323533,0.326012,0.379606,0.233408,0.394213,0.255708,0.278047,0.299404
0.136235,0.16331,-0.00933193,0.0139111,-0.0795114,-0.0975521,0.102526,0.0540583,-0.0607549,-0.0650521,0.0247717,0.0974676,-0.0517844,0.130074,0.063246,0.0772512,-0.0204718,0.149473,0.130353,-0.068279	0.106491,-0.0159808,0.0076719,-0.138614,-0.201948,-0.0642492,0.074618,0.0343249,-0.0366155,0.0288771,0.0458349,0.111008,0.0250677,0.124491,-0.0236338,0.178347,0.0628457,0.136643,0.0745567,0.0996496	0.0301826,0.178824,-0.0170026,0.152232,0.124435,-0.033513,0.0281235,0.0197701,-0.0241932,-0.0937531,-0.0210872,-0.013689,-0.0767525,0.00567475,0.0867501,-0.102508,-0.0832104,0.0130973,0.0563438,-0.166794
0.127386,0.146998,0.035523,-0.0293804,-0.11371,-0.0907085,0.0814003,0.046995,-0.0443807,-0.0423745,-0.00100039,0.0896806,-0.112343,0.0751605,0.0818831,0.11562,-0.0280892,0.144716,0.120849,-0.0877992	0.0750233,-0.0436687,-0.146049,-0.135396,-0.245998,-0.077657,0.0771574,0.0427995,-0.0114278,0.0480527,0.0465719,0.125893,0.0531617,0.0931715,0.000738884,0.214913,0.0321427,0.156563,0.0730884,0.0870731	0.0528682,0.18945,0.180635,0.106439,0.136094,-0.0131442,0.00426978,0.00420397,-0.0329696,-0.0902434,-0.0475701,-0.0366258,-0.164522,-0.018138,0.0811491,-0.101823,-0.0601776,-0.0121218,0.0481861,-0.173546
0.330876,0.0105506,-0.0208384,-0.130983,-0.0767173,0.0530497,0.0257643,0.115872,0.0313518,0.0285674,0.216726,0.0677342,0.11553,0.132233,0.0142674,-0.00744333,0.0288233,-0.0421562,-0.0512456,0.0805887	0.0661922,-0.353928,-0.589621,-0.55523,-0.498307,-0.407829,-0.336694,-0.352174,-0.394584,-0.460146,-0.319289,-0.476466,-0.306905,-0.177895,-0.396184,-0.240549,-0.378363,-0.301572,-0.290834,-0.199068	0.270611,0.363123,0.575858,0.45752,0.438347,0.451119,0.359341,0.449695,0.420731,0.482372,0.501325,0.527186,0.40797,0.303,0.408145,0.233523,0.402794,0.262757,0.243213,0.275241
0.335625,0.0101781,-0.0333507,-0.108328,-0.0913848,0.0527793,0.0410056,0.104866,0.0169626,0.0513447,0.197904,0.0645057,0.133669,0.0854484,0.0174765,0.019359,0.0263347,-0.0295558,-0.0584919,0.0809392	0.0642314,-0.365248,-0.594119,-0.541534,-0.502758,-0.420975,-0.330565,-0.355167,-0.407133,-0.453689,-0.33493,-0.465094,-0.272047,-0.219023,-0.375508,-0.245665,-0.378005,-0.299543,-0.302678,-0.19281	0.277373,0.374035,0.572105,0.460203,0.431184,0.463457,0.366602,0.443515,0.421187,0.493537,0.499711,0.514173,0.391481,0.298878,0.390422,0.26377,0.400354,0.272399,0.248587,0.269543
0.32745,0.0227526,0.019208,-0.0653166,-0.0699867,0.0135472,0.0178986,0.0839342,0.00719387,0.0171907,0.145954,0.0298466,0.122132,0.0591529,0.0052501,-0.0357054,0.027766,-0.0670356,-0.0252664,0.0587302	0.100095,-0.304834,-0.562993,-0.523796,-0.483634,-0.408479,-0.337616,-0.352731,-0.389346,-0.417769,-0.352472,-0.439073,-0.242341,-0.207711,-0.389692,-0.284423,-0.346301,-0.28792,-0.285088,-0.214919	0.23506,0.32533,0.575973,0.474721,0.428139,0.419704,0.353379,0.424109,0.395432,0.431858,0.474039,0.462854,0.353996,0.263625,0.394135,0.25127,0.370505,0.225232,0.261707,0.270238
0.329942,-0.0162576,-0.0132409,-0.0905787,-0.0818539,0.0636264,-0.0181006,0.0734008,-0.00896107,-0.00305646,0.145816,0.0438473,0.060814,0.0512794,-0.0033353,-0.0393518,0.0374154,-0.0594774,-0.0543703,0.0841732	0.0701544,-0.366698,-0.592654,-0.551683,-0.518987,-0.411404,-0.330588,-0.371323,-0.408909,-0.447672,-0.378619,-0.46348,-0.299812,-0.237857,-0.398669,-0.270559,-0.372939,-0.28679,-0.301417,-0.194951	0.265944,0.352543,0.583996,0.485358,0.456527,0.462914,0.314368,0.432924,0.401419,0.445225,0.496996,0.497223,0.354168,0.285652,0.39586,0.233695,0.404708,0.231257,0.251162,0.274618
-0.0219065,0.0307664,0.157439,0.0929281,-0.0900586,-0.0606543,0.147928,0.0286447,-0.0492084,0.0506939,0.0600126,0.0570697,-0.0849941,0.14568,0.0964816,0.119749,0.0387225,0.160392,0.117874,-0.0655711	0.101758,-0.094115,0.0643108,-0.12194,-0.233229,-0.0713944,0.128954,-0.0200816,-0.0817465,0.142025,0.0269356,0.0726982,-0.0370895,0.20064,-0.0145072,0.231203,0.118104,0.185425,0.100321,0.140426	-0.12339,0.124521,0.0940807,0.212461,0.146242,0.0107868,0.0193437,0.0486982,0.0326695,-0.091993,0.0331305,-0.0156936,-0.048056,-0.0566145,0.110834,-0.114628,-0.0797462,-0.0258002,0.017763,-0.204117
-0.0245544,0.0985708,0.269795,0.0276569,-0.144052,-0.0435095,0.12517,0.0204907,-0.0178517,0.0728628,0.020604,0.0643397,-0.128454,0.0842734,0.124163,0.12582,0.012563,0.152343,0.115617,-0.081326	0.0755218,-0.0456536,-0.0521733,-0.137902,-0.293053,-0.075083,0.130843,-0.0128663,-0.0436891,0.160568,0.0142336,0.103931,0.00589198,0.163941,0.0174526,0.233508,0.0667876,0.202037,0.105725,0.132705	-0.0998909,0.143578,0.317499,0.164929,0.155569,0.031677,-0.00576695,0.0333482,0.0258576,-0.0887433,0.00637236,-0.0398583,-0.134244,-0.0807839,0.106942,-0.110948,-0.0542701,-0.0512722,0.0100147,-0.211746
0.849076,0.835087,0.834826,0.783716,0.730688,0.710728,0.709884,0.769794,0.765103,0.818605,0.765672,0.776098,0.651943,0.805345,0.737543,0.728783,0.771421,0.733487,0.773014,0.814893	0.845181,0.812787,0.834851,0.785312,0.72993,0.691322,0.698488,0.773903,0.76032,0.80934,0.759302,0.793444,0.689458,0.798876,0.773215,0.692464,0.776349,0.7259,0.764328,0.823345	0.0137941,0.0694149,-8.2719e-05,-0.00415033,0.00162449,0.0381506,0.0226048,-0.0101647,0.0114359,0.0274537,0.0152175,-0.045146,-0.0681444,0.0181404,-0.0830142,0.0733192,-0.0122856,0.0162267,0.0212295,-0.0256862
0.675732,0.406618,0.449722,0.449704,0.322012,0.300572,0.389354,0.411972,0.354994,0.412564,0.423268,0.359527,0.282311,0.423321,0.37098,0.304954,0.322993,0.370495,0.445882,0.331456	0.720291,0.478348,0.473629,0.441023,0.357095,0.342354,0.395439,0.450529,0.384029,0.48664,0.452007,0.454523,0.382171,0.467231,0.391306,0.27251,0.379741,0.416683,0.425834,0.333241	-0.0868125,-0.0890498,-0.0303772,0.0108291,-0.0396419,-0.0465747,-0.0071929,-0.0473443,-0.0336183,-0.0926845,-0.0355391,-0.113551,-0.111937,-0.0547358,-0.0237772,0.035384,-0.0646812,-0.0546201,0.0247457,-0.0020069
0.811805,0.621925,0.57816,0.6176,0.495385,0.487132,0.436252,0.484476,0.554025,0.578903,0.545524,0.603936,0.332672,0.556246,0.530187,0.422115,0.616145,0.450634,0.492347,0.506587	0.818288,0.631229,0.57502,0.573264,0.465025,0.466759,0.499193,0.504557,0.565638,0.630191,0.526844,0.645208,0.40657,0.563014,0.542014,0.415171,0.615874,0.490354,0.482914,0.506005	-0.0193105,-0.0153172,0.00470268,0.0686361,0.0394479,0.0263679,-0.0804647,-0.0265778,-0.016914,-0.0807455,0.0262133,-0.0676209,-0.0854564,-0.00985428,-0.0165959,0.00842012,0.000437703,-0.0509862,0.012375,0.000781913
-0.537237,-0.422694,-0.553427,-0.497956,-0.346809,-0.494368,-0.358878,-0.458654,-0.481767,-0.554004,-0.421771,-0.502329,-0.483753,-0.301479,-0.400997,-0.35746,-0.469367,-0.317488,-0.348696,-0.437889	-0.321842,-0.201926,-0.0328295,-0.218606,0.00101714,-0.094975,-0.0372744,-0.0828718,-0.132063,-0.0639879,0.040747,0.00546867,-0.116985,0.031404,-0.092047,-0.0705883,-0.0419581,-0.0453055,-0.142708,-0.0651935	-0.260424,-0.24137,-0.530231,-0.313473,-0.347704,-0.419069,-0.325964,-0.39063,-0.373465,-0.508025,-0.454704,-0.506406,-0.388769,-0.32976,-0.320791,-0.294298,-0.435995,-0.276155,-0.216775,-0.383647
-0.550853,-0.405903,-0.33854,-0.52826,-0.347726,-0.50175,-0.376641,-0.469568,-0.483909,-0.533199,-0.443638,-0.507965,-0.510722,-0.373194,-0.400671,-0.358471,-0.462364,-0.320035,-0.35861,-0.453726	-0.355786,-0.186653,0.106574,-0.2228,-0.0157946,-0.122742,-0.0470225,-0.0900195,-0.123858,-0.0351237,0.0317282,0.0227848,-0.0826247,-0.0398323,-0.0808704,-0.0802425,-0.0521596,-0.0262992,-0.149268,-0.0790766	-0.242617,-0.237223,-0.429614,-0.346207,-0.333765,-0.403881,-0.335562,-0.3963,-0.383007,-0.507581,-0.468768,-0.524678,-0.446958,-0.338392,-0.33051,-0.286469,-0.420342,-0.296229,-0.221181,-0.388592
0.670731,0.378739,0.447854,0.45435,0.323995,0.300329,0.408406,0.411855,0.35366,0.393606,0.418421,0.400396,0.321963,0.405395,0.374231,0.29654,0.334742,0.374667,0.434031,0.330495	0.719756,0.472183,0.471832,0.444121,0.359358,0.360717,0.425506,0.446591,0.387354,0.477336,0.453479,0.47829,0.385105,0.455471,0.360276,0.297075,0.386373,0.428237,0.422593,0.324252	-0.0947824,-0.113795,-0.0304024,0.0128145,-0.0400229,-0.0677251,-0.0206971,-0.042565,-0.0390431,-0.103101,-0.0432668,-0.0963446,-0.0720791,-0.061417,0.0161296,-0.000585878,-0.0593014,-0.0638075,0.0140072,0.00699252
0.81035,0.630269,0.561345,0.61666,0.524728,0.504859,0.427786,0.495575,0.536451,0.568485,0.538933,0.606184,0.369553,0.540928,0.532705,0.405513,0.610977,0.470885,0.484422,0.516763	0.820857,0.661875,0.558172,0.570929,0.495202,0.503761,0.50108,0.511653,0.552978,0.62956,0.526732,0.629793,0.407475,0.554309,0.508992,0.433108,0.605836,0.518219,0.48378,0.507808	-0.0313817,-0.0542273,0.00462128,0.0705802,0.0398918,0.00147243,-0.0932908,-0.0215387,-0.0234972,-0.0951159,0.0170375,-0.0381873,-0.0446441,-0.0191123,0.0325346,-0.0334734,0.00816239,-0.0626138,0.000838284,0.0121415
-0.551211,-0.419618,-0.563256,-0.490109,-0.339694,-0.498273,-0.3592,-0.462381,-0.490918,-0.559538,-0.440189,-0.494549,-0.456716,-0.305552,-0.37865,-0.367052,-0.459879,-0.307862,-0.355809,-0.438509	-0.336394,-0.183954,-0.0520284,-0.207921,0.00703364,-0.0814729,-0.0330541,-0.0943227,-0.14452,-0.0680883,0.0183178,-0.00511562,-0.100096,0.0303165,-0.0898491,-0.0531565,-0.0319139,-0.0258618,-0.141437,-0.0746071	-0.263717,-0.255377,-0.526662,-0.314208,-0.345901,-0.434437,-0.330065,-0.384842,-0.372851,-0.510915,-0.454839,-0.490675,-0.373704,-0.332786,-0.298973,-0.320142,-0.434339,-0.284263,-0.225732,-0.37621
-0.560286,-0.399601,-0.365428,-0.526052,-0.338131,-0.503624,-0.373412,-0.474711,-0.489702,-0.534774,-0.46398,-0.501954,-0.483661,-0.362525,-0.376045,-0.365662,-0.4532,-0.310205,-0.362712,-0.452853	-0.36495,-0.163823,0.0729835,-0.219634,-0.00537392,-0.104322,-0.0387945,-0.104155,-0.129799,-0.0293834,0.00705331,0.00928086,-0.0632311,-0.0200999,-0.0750974,-0.0599118,-0.0424559,-0.00663545,-0.144228,-0.0852621	-0.245544,-0.252294,-0.427022,-0.346446,-0.333363,-0.421445,-0.339536,-0.38983,-0.384332,-0.513459,-0.469497,-0.508864,-0.433694,-0.344939,-0.309693,-0.312598,-0.418803,-0.304196,-0.230545,-0.382354
0.703849,0.48507,0.412243,0.460963,0.363114,0.3556,0.314195,0.442387,0.362936,0.487962,0.439701,0.436508,0.319632,0.437888,0.379246,0.255729,0.367892,0.38906,0.385755,0.288846	0.665421,0.422354,0.385088,0.42681,0.298729,0.294885,0.368744,0.423296,0.345261,0.464201,0.392673,0.382659,0.295067,0.400952,0.370436,0.28175,0.311825,0.381963,0.396492,0.286519	0.0722813,0.0788756,0.0322802,0.0425182,0.0722187,0.0678277,-0.061696,0.0234895,0.0202068,0.030719,0.056843,0.0646471,0.0271228,0.044803,0.0102496,-0.0280412,0.0633329,0.00833521,-0.0126761,0.00253687
-0.449486,-0.387858,-0.522784,-0.458912,-0.345706,-0.434319,-0.331308,-0.430992,-0.475793,-0.516291,-0.404298,-0.471874,-0.403488,-0.274781,-0.338498,-0.385232,-0.416671,-0.307706,-0.333729,-0.424058	-0.225662,-0.204649,0.00814508,-0.15718,-0.0270209,-0.0310803,-0.0052251,-0.0690334,-0.154038,-0.0651459,0.0489244,-0.0221188,-0.0664064,0.0340515,-0.0280709,-0.0806191,-0.00697333,-0.0741635,-0.106767,-0.0411658	-0.24909,-0.199004,-0.528677,-0.325188,-0.321691,-0.408756,-0.326649,-0.373058,-0.347201,-0.466848,-0.444431,-0.454499,-0.346362,-0.30597,-0.313405,-0.314377,-0.410892,-0.238996,-0.235348,-0.389695
-0.454467,-0.373928,-0.3393,-0.487909,-0.352357,-0.438664,-0.351447,-0.437264,-0.477843,-0.495698,-0.425285,-0.479437,-0.443071,-0.330747,-0.330548,-0.372817,-0.407284,-0.315549,-0.343718,-0.443112	-0.249675,-0.195133,0.0896676,-0.156299,-0.0503155,-0.0561228,-0.0175379,-0.0699745,-0.148279,-0.0355421,0.0437043,-0.0110588,-0.0405761,-0.0156758,-0.0055859,-0.0702023,-0.0171874,-0.0636268,-0.112066,-0.0609844	-0.231003,-0.192867,-0.416302,-0.358987,-0.307493,-0.392196,-0.33598,-0.378882,-0.354696,-0.468408,-0.460432,-0.470875,-0.409863,-0.316713,-0.325564,-0.310748,-0.392847,-0.257084,-0.240933,-0.392741
-0.54749,-0.43916,-0.557413,-0.500973,-0.381574,-0.475954,-0.348508,-0.45174,-0.502402,-0.559189,-0.443894,-0.497045,-0.431406,-0.305553,-0.369807,-0.382471,-0.450385,-0.30386,-0.339801,-0.428823	-0.338645,-0.232099,-0.0248645,-0.195259,-0.0235278,-0.0436798,-0.0707839,-0.0801923,-0.178996,-0.119919,0.0221046,-0.0199495,-0.0914341,0.0228421,-0.0639919,-0.0981721,-0.0148764,-0.0632111,-0.121633,-0.0516779	-0.256378,-0.230562,-0.540033,-0.338861,-0.36129,-0.441452,-0.284748,-0.385514,-0.355363,-0.470844,-0.46147,-0.481874,-0.353933,-0.326119,-0.313228,-0.29539,-0.438447,-0.245362,-0.227573,-0.385693
-0.552477,-0.423843,-0.362792,-0.531369,-0.384463,-0.481028,-0.363533,-0.462785,-0.50648,-0.539515,-0.465775,-0.506499,-0.470742,-0.360545,-0.369425,-0.369774,-0.440418,-0.312592,-0.345609,-0.442148	-0.360968,-0.219298,0.087127,-0.200193,-0.0420165,-0.0695754,-0.0744896,-0.0885441,-0.175976,-0.0899329,0.0128562,-0.009617,-0.0658839,-0.0281564,-0.0525395,-0.0856446,-0.0216022,-0.0539809,-0.121793,-0.0604599	-0.239215,-0.225506,-0.436134,-0.3706,-0.348069,-0.4257,-0.297089,-0.390232,-0.362844,-0.472508,-0.475782,-0.499314,-0.417816,-0.335798,-0.323158,-0.293422,-0.422839,-0.26305,-0.233651,-0.392171
0.853848,0.819941,0.595957,0.732406,0.833842,0.836101,0.789367,0.766585,0.742252,0.836225,0.7496,0.782768,0.634754,0.73774,0.779124,0.735574,0.807528,0.760828,0.838396,0.81649	0.826293,0.802391,0.328653,0.803988,0.809738,0.803805,0.820465,0.787357,0.753452,0.828614,0.785515,0.811435,0.755298,0.769517,0.789237,0.732784,0.776186,0.790759,0.848903,0.826399	0.0935731,0.0513046,0.33241,-0.174098,0.0742117,0.098484,-0.0882573,-0.0523995,-0.0254111,0.0247859,-0.0873475,-0.0785745,-0.231561,-0.0735074,-0.0262605,0.0060518,0.0839817,-0.0751338,-0.0364448,-0.0304648
0.298633,0.198087,-0.0525785,-0.147447,-0.072485,-0.0555598,-0.021487,0.100399,0.0257959,-0.0591525,0.0949149,-0.0189882,0.0977349,0.0940871,0.0903378,0.0604724,-0.0137524,0.000894734,-0.0199801,0.0301224	-0.204317,-0.529211,-0.739954,-0.817646,-0.798139,-0.739305,-0.801512,-0.786468,-0.607202,-0.724159,-0.617272,-0.751479,-0.708807,-0.700148,-0.755875,-0.752505,-0.852875,-0.785658,-0.844779,-0.702987	0.474027,0.658289,0.715201,0.762075,0.770214,0.713034,0.793694,0.821964,0.623236,0.694768,0.672771,0.743094,0.754289,0.745148,0.792124,0.777592,0.849081,0.786001,0.83896,0.717907
0.307873,0.197065,-0.0762333,-0.127627,-0.0802673,-0.0351385,-0.014751,0.0737529,0.0222224,-0.0320855,0.0754818,-0.0194654,0.127755,0.0359956,0.0901194,0.0798941,-0.0503554,0.000686203,-0.0321896,0.0373323	-0.207089,-0.537571,-0.743105,-0.811805,-0.800261,-0.746985,-0.798852,-0.789759,-0.614014,-0.719802,-0.628079,-0.746564,-0.690435,-0.720886,-0.747264,-0.755106,-0.857499,-0.785689,-0.848494,-0.698219	0.484097,0.664266,0.706919,0.763258,0.769417,0.731035,0.793451,0.815983,0.627672,0.703975,0.671715,0.737821,0.75187,0.737739,0.784549,0.787492,0.843569,0.785951,0.839226,0.716866
0.234083,0.153916,-0.051515,-0.0730406,-0.077522,-0.0555831,-0.00587038,0.0532409,0.0152008,-0.068636,0.0095496,-0.0484855,0.0770699,0.0309002,0.0265363,0.0266511,-0.0525374,-0.0177514,-0.0409391,0.0207332	-0.185113,-0.505794,-0.726199,-0.800287,-0.793594,-0.737535,-0.797376,-0.787458,-0.602476,-0.704832,-0.645684,-0.738743,-0.681433,-0.717019,-0.764147,-0.774699,-0.838713,-0.776516,-0.845826,-0.708902	0.401785,0.612061,0.700905,0.772395,0.763014,0.711103,0.795228,0.806871,0.612072,0.668537,0.651218,0.7159,0.720656,0.731707,0.774969,0.78514,0.822415,0.769369,0.833758,0.719066
0.29755,0.182396,-0.0693796,-0.12962,-0.0857209,-0.038003,0.0163774,0.0336882,0.0209278,-0.0738079,0.0324969,-0.0331679,0.0778688,0.0238705,0.0357908,0.0520852,-0.0360203,-0.0183762,-0.038717,0.0404701	-0.201641,-0.536679,-0.74442,-0.81665,-0.80606,-0.740874,-0.787127,-0.796067,-0.613251,-0.719218,-0.658578,-0.748077,-0.698944,-0.729908,-0.765075,-0.764112,-0.852112,-0.778093,-0.848433,-0.700104	0.470936,0.654962,0.711803,0.768364,0.773806,0.723234,0.793278,0.808084,0.626143,0.681591,0.676595,0.733099,0.736717,0.74087,0.779521,0.784957,0.841934,0.770737,0.837217,0.72017
-0.193514,-0.172995,0.235727,0.156183,-0.0200108,0.0720099,0.109698,-0.0651552,0.0196508,0.185294,0.0504577,-0.0741618,-0.0628619,0.0516397,0.072704,0.116136,0.210468,0.0449955,-0.0335004,0.00243404	-0.295863,-0.443415,-0.252172,-0.575633,-0.679098,-0.525653,-0.56756,-0.684412,-0.39303,-0.35679,-0.378742,-0.478132,-0.603252,-0.525169,-0.614642,-0.574989,-0.685414,-0.612628,-0.758786,-0.566013	0.108565,0.292886,0.460524,0.67145,0.668167,0.575865,0.637563,0.648161,0.409518,0.508469,0.421152,0.418821,0.561691,0.561579,0.657945,0.647863,0.782938,0.639982,0.744203,0.567665
-0.186932,-0.0575983,0.322453,0.117326,-0.0604186,0.091026,0.104592,-0.0678386,0.0391646,0.182315,0.0314001,-0.0503891,-0.0292311,0.0271976,0.0914615,0.0294659,0.143594,0.0364157,-0.00829708,0.00939016	-0.31399,-0.38823,-0.32365,-0.596245,-0.707305,-0.524346,-0.566825,-0.68092,-0.368662,-0.346006,-0.390267,-0.4603,-0.582956,-0.560666,-0.597747,-0.59322,-0.707301,-0.606903,-0.751913,-0.56739	0.13498,0.338194,0.585047,0.666917,0.675765,0.587339,0.63384,0.642773,0.402022,0.496971,0.416563,0.419645,0.563324,0.579034,0.653482,0.611989,0.772442,0.629408,0.748284,0.573723
0.844513,0.849902,0.831452,0.783973,0.744477,0.702479,0.705497,0.768476,0.768266,0.802993,0.738567,0.770325,0.623739,0.803411,0.739862,0.730579,0.766834,0.744413,0.782148,0.797131	0.835622,0.829937,0.834683,0.795048,0.734246,0.671902,0.705912,0.7726,0.753174,0.796609,0.725364,0.787318,0.665558,0.774258,0.777454,0.71408,0.779432,0.749232,0.770478,0.802888	0.0302124,0.0677634,-0.010558,-0.0294018,0.022566,0.0579098,-0.000826307,-0.01015,0.0358159,0.0177166,0.0284377,-0.0431824,-0.0715028,0.0771342,-0.0884943,0.0344949,-0.0313132,-0.0108963,0.029368,-0.0159919
0.603265,0.435511,0.42655,0.457059,0.335214,0.286482,0.38946,0.389653,0.359124,0.383815,0.361473,0.339531,0.229603,0.405509,0.366089,0.343441,0.301104,0.413199,0.444563,0.303494	0.712469,0.542585,0.476202,0.470527,0.377825,0.297909,0.383336,0.416898,0.374236,0.45573,0.374707,0.423892,0.344471,0.403419,0.404102,0.296515,0.369669,0.441773,0.455337,0.288198	-0.191522,-0.140205,-0.0623077,-0.0171584,-0.04879,-0.012494,0.00719836,-0.0325284,-0.0174575,-0.0871603,-0.0153083,-0.0985449,-0.124733,0.00249865,-0.044613,0.0522471,-0.0771526,-0.0349542,-0.013509,0.0167619
0.804656,0.668938,0.565601,0.618138,0.508236,0.458791,0.469438,0.47236,0.573376,0.566044,0.510467,0.595216,0.325424,0.551996,0.529627,0.467136,0.605665,0.486645,0.507467,0.472163	0.810905,0.664176,0.575132,0.599675,0.480766,0.43859,0.479948,0.477613,0.552315,0.601924,0.460395,0.627932,0.358961,0.506829,0.548702,0.432484,0.619091,0.516147,0.501066,0.471097	-0.0179828,0.00857075,-0.0141265,0.0293376,0.0363517,0.0252902,-0.0135671,-0.00678316,0.0308216,-0.0544233,0.0654553,-0.0522406,-0.0379729,0.0627109,-0.0268892,0.0434257,-0.0214809,-0.0393983,0.00858349,0.00137053
-0.652362,-0.501763,-0.550928,-0.492283,-0.293206,-0.455308,-0.459368,-0.508759,-0.436252,-0.524904,-0.453863,-0.572434,-0.47106,-0.423549,-0.432929,-0.414432,-0.471951,-0.421272,-0.44215,-0.411009	-0.452558,-0.0937768,-0.0474821,-0.171297,0.0365588,-0.165984,-0.0816406,-0.166233,-0.133838,-0.124827,-0.115837,-0.0756791,-0.180193,-0.0726234,-0.065908,-0.0408466,-0.0780824,-0.00313678,-0.112832,-0.136154	-0.283503,-0.428131,-0.51697,-0.350546,-0.326267,-0.312978,-0.392445,-0.374171,-0.321167,-0.428128,-0.356784,-0.51925,-0.317846,-0.362062,-0.377801,-0.380018,-0.408938,-0.418689,-0.34661,-0.291148
-0.662015,-0.472714,-0.35883,-0.502869,-0.27315,-0.465946,-0.465305,-0.518864,-0.44634,-0.518994,-0.456132,-0.572446,-0.456844,-0.4454,-0.444008,-0.44972,-0.465446,-0.417182,-0.446228,-0.409884	-0.484834,-0.073037,0.0961873,-0.17046,0.0197295,-0.191393,-0.0924954,-0.17481,-0.126521,-0.0998309,-0.123479,-0.0588675,-0.14249,-0.145025,-0.0544729,-0.0553015,-0.0890999,0.0194863,-0.119671,-0.146408	-0.260931,-0.41397,-0.439837,-0.363574,-0.29131,-0.301435,-0.389576,-0.378373,-0.33896,-0.442067,-0.352507,-0.531489,-0.336242,-0.321117,-0.39919,-0.404478,-0.392629,-0.433148,-0.344979,-0.280297
0.595965,0.410141,0.425692,0.463643,0.333597,0.284502,0.414342,0.389841,0.355757,0.36517,0.357498,0.38396,0.271034,0.382783,0.369699,0.341422,0.313195,0.420698,0.430702,0.301688	0.715217,0.537479,0.472356,0.466151,0.385505,0.324652,0.407828,0.413309,0.385487,0.443643,0.383683,0.452524,0.34604,0.409008,0.371758,0.309493,0.368972,0.444512,0.453263,0.28111	-0.207845,-0.163346,-0.0584083,-0.00319878,-0.0595682,-0.0442358,0.00783883,-0.0279759,-0.0344554,-0.0936439,-0.0303486,-0.0829813,-0.0827687,-0.0310929,-0.00238669,0.0357014,-0.0630645,-0.0292919,-0.0280346,0.0224844
0.800754,0.67641,0.549391,0.620114,0.531719,0.473355,0.465963,0.48199,0.552743,0.556197,0.500789,0.600302,0.364564,0.528234,0.531654,0.45741,0.604165,0.511638,0.498373,0.481821	0.816169,0.691995,0.555612,0.590518,0.515017,0.483297,0.47601,0.483057,0.546892,0.598737,0.463961,0.615995,0.358331,0.512305,0.513577,0.438459,0.604939,0.536429,0.503856,0.475128	-0.0444964,-0.029298,-0.00895355,0.0466949,0.0230002,-0.0128917,-0.0129108,-0.00139163,0.0083861,-0.0637799,0.047975,-0.024902,0.00716939,0.0218385,0.0248673,0.0237057,-0.0012203,-0.0341684,-0.00732168,0.00867919
-0.664402,-0.49889,-0.559826,-0.489268,-0.283317,-0.458725,-0.461279,-0.512854,-0.445161,-0.532892,-0.471386,-0.566768,-0.443057,-0.421237,-0.412931,-0.428202,-0.463444,-0.415431,-0.445151,-0.411716	-0.464444,-0.0734187,-0.070511,-0.172013,0.0517075,-0.143675,-0.0904102,-0.177388,-0.135507,-0.133246,-0.131368,-0.0841637,-0.167379,-0.0481485,-0.0670395,-0.0440439,-0.076711,0.0042073,-0.105213,-0.142029	-0.289199,-0.441648,-0.509424,-0.346409,-0.330187,-0.337279,-0.387008,-0.369039,-0.329533,-0.430193,-0.362464,-0.506778,-0.297759,-0.380812,-0.35574,-0.391542,-0.400988,-0.418906,-0.356642,-0.286436
-0.669107,-0.466951,-0.384789,-0.504812,-0.260345,-0.467816,-0.465317,-0.524721,-0.451685,-0.522373,-0.475555,-0.566916,-0.429151,-0.42744,-0.422155,-0.460516,-0.456134,-0.411153,-0.44688,-0.408435	-0.490161,-0.0474047,0.0573877,-0.178789,0.038743,-0.165419,-0.0969389,-0.188918,-0.121829,-0.0991234,-0.140928,-0.0699093,-0.128982,-0.0995479,-0.0518453,-0.0546795,-0.0875679,0.0266686,-0.107962,-0.148997	-0.266277,-0.429043,-0.432623,-0.358368,-0.296101,-0.32776,-0.38578,-0.372754,-0.349065,-0.446362,-0.358664,-0.517518,-0.317758,-0.342464,-0.378596,-0.41632,-0.3839,-0.433073,-0.356099,-0.27625
0.695707,0.558675,0.403248,0.470538,0.381215,0.311721,0.341296,0.419083,0.377498,0.467893,0.387843,0.416946,0.317573,0.413458,0.386269,0.297638,0.347088,0.419954,0.412039,0.242391	0.591409,0.446807,0.36266,0.439278,0.312118,0.281377,0.357354,0.396579,0.34264,0.430637,0.325643,0.364268,0.237517,0.371598,0.366929,0.310858,0.292274,0.420447,0.395043,0.256531	0.17721,0.149082,0.0475411,0.0394044,0.0784284,0.0332616,-0.0182878,0.0269905,0.040037,0.0466561,0.071192,0.0621121,0.0865871,0.0494587,0.0225338,-0.0145675,0.0610028,-0.000599197,0.0203003,-0.0150773
-0.591522,-0.484088,-0.529493,-0.468083,-0.292198,-0.381909,-0.426043,-0.479842,-0.430593,-0.480901,-0.435808,-0.539498,-0.386621,-0.380866,-0.375924,-0.439562,-0.412355,-0.409679,-0.432817,-0.388148	-0.413717,-0.145758,-0.0431741,-0.137498,0.000936517,-0.0690792,-0.0283481,-0.137466,-0.141463,-0.119746,-0.0912047,-0.085039,-0.145447,-0.0151998,-0.0216542,-0.0348234,-0.0536232,-0.0160196,-0.106556,-0.0930035	-0.235417,-0.364015,-0.497696,-0.353326,-0.293054,-0.321307,-0.402557,-0.366554,-0.307884,-0.383223,-0.358868,-0.476312,-0.255544,-0.367795,-0.357178,-0.41103,-0.366843,-0.39626,-0.342036,-0.306198
-0.591698,-0.458334,-0.368222,-0.476744,-0.277289,-0.390502,-0.434783,-0.484863,-0.441959,-0.474917,-0.436829,-0.539429,-0.381622,-0.39194,-0.37954,-0.457382,-0.399499,-0.411708,-0.43505,-0.390757	-0.433755,-0.131624,0.0493653,-0.133142,-0.0211412,-0.0924029,-0.0425981,-0.139056,-0.136735,-0.0942754,-0.0962682,-0.0735747,-0.119116,-0.0673668,0.00161572,-0.0254039,-0.0626549,-0.0026296,-0.11115,-0.109452	-0.212476,-0.347685,-0.410132,-0.366891,-0.257658,-0.309258,-0.399585,-0.370808,-0.324855,-0.398483,-0.355511,-0.485108,-0.275007,-0.333376,-0.380922,-0.437057,-0.345492,-0.409522,-0.340359,-0.293873
-0.662914,-0.514681,-0.558752,-0.505885,-0.327355,-0.436872,-0.434839,-0.499608,-0.454279,-0.52108,-0.470541,-0.563131,-0.403993,-0.409103,-0.402645,-0.432525,-0.451991,-0.408787,-0.433998,-0.398684	-0.470366,-0.115495,-0.0580892,-0.176936,0.0106748,-0.120504,-0.0555999,-0.146851,-0.146474,-0.152851,-0.101453,-0.0873609,-0.109454,-0.0221807,-0.0458637,-0.0380874,-0.06585,-0.0124468,-0.0911359,-0.121308	-0.279791,-0.424415,-0.517458,-0.361288,-0.336853,-0.333949,-0.388635,-0.380687,-0.329746,-0.400095,-0.387591,-0.500386,-0.308166,-0.390465,-0.363494,-0.401044,-0.397986,-0.398368,-0.356982,-0.291472
-0.663365,-0.488292,-0.386857,-0.517859,-0.309759,-0.44661,-0.436331,-0.509176,-0.468124,-0.515219,-0.473426,-0.565885,-0.399092,-0.418475,-0.412791,-0.449961,-0.44104,-0.412126,-0.432853,-0.39359	-0.489199,-0.0978342,0.0609886,-0.17844,-0.00698116,-0.14473,-0.0592575,-0.156102,-0.144491,-0.127823,-0.109539,-0.0773714,-0.0810672,-0.074906,-0.0340055,-0.0262714,-0.0722936,-0.000763707,-0.0900669,-0.126729	-0.257839,-0.410047,-0.437522,-0.373976,-0.303434,-0.322742,-0.387081,-0.383561,-0.347111,-0.414708,-0.38379,-0.510881,-0.328658,-0.354687,-0.384179,-0.428758,-0.380891,-0.411492,-0.356692,-0.280871
0.841786,0.795969,0.559214,0.75043,0.857442,0.842458,0.780829,0.769691,0.753993,0.810092,0.769841,0.763299,0.710478,0.723971,0.741782,0.662779,0.824797,0.731818,0.831778,0.849031	0.79825,0.750026,0.344239,0.766856,0.796644,0.823529,0.783797,0.782401,0.787528,0.836406,0.769561,0.78104,0.741368,0.669071,0.777838,0.726963,0.781574,0.760768,0.829151,0.829494	0.132712,0.114002,0.266224,-0.0386911,0.191836,0.0618166,-0.00764997,-0.0319519,-0.0825551,-0.0816122,0.000687343,-0.0439315,-0.0652693,0.106475,-0.085236,-0.123862,0.121634,-0.0653116,0.0084646,0.0660601
0.809556,0.834366,0.844528,0.789288,0.751382,0.706385,0.707616,0.772434,0.766862,0.806067,0.739987,0.770906,0.59719,0.813951,0.729048,0.720743,0.776918,0.745439,0.788344,0.793918	0.805258,0.811573,0.836634,0.80733,0.738305,0.685404,0.710353,0.767592,0.74921,0.812529,0.714726,0.787492,0.654321,0.75598,0.767613,0.711263,0.779783,0.750192,0.773455,0.803344	0.0123449,0.0705982,0.0268988,-0.0497298,0.0293702,0.0406731,-0.00550343,0.0118948,0.0414871,-0.0187257,0.053619,-0.0422125,-0.0937736,0.150702,-0.0875744,0.0194499,-0.00726622,-0.0107826,0.0381514,-0.026024
0.557877,0.395526,0.440123,0.464038,0.351061,0.30246,0.390827,0.385212,0.355738,0.403704,0.374872,0.354255,0.206454,0.403262,0.360157,0.342119,0.317281,0.420152,0.452731,0.299377	0.612905,0.479689,0.489767,0.505223,0.391574,0.313985,0.389998,0.397187,0.36442,0.469806,0.339628,0.425627,0.313492,0.371578,0.372594,0.281463,0.375586,0.441755,0.457829,0.279802	-0.0836198,-0.10387,-0.0632862,-0.0537973,-0.0469701,-0.0127342,0.000977417,-0.0141385,-0.00997451,-0.0815736,0.0403857,-0.0840443,-0.114444,0.0372678,-0.0143647,0.067119,-0.0661929,-0.0265266,-0.00642975,0.0213638
0.761011,0.640181,0.57794,0.631617,0.521702,0.465087,0.462458,0.476186,0.570084,0.584879,0.515865,0.601359,0.306119,0.554303,0.527607,0.460792,0.615213,0.492906,0.515189,0.464075	0.767463,0.624578,0.579896,0.620448,0.489924,0.45276,0.486204,0.458306,0.545724,0.613237,0.428381,0.627686,0.332502,0.47546,0.524288,0.421964,0.622498,0.515094,0.503737,0.467877	-0.0155114,0.0259981,-0.00294155,0.0183657,0.0426884,0.015616,-0.0306338,0.0228719,0.0353618,-0.0442168,0.112301,-0.0422907,-0.0293722,0.107057,0.00458825,0.0481997,-0.0118053,-0.0297386,0.0154649,-0.00485725
-0.639027,-0.453692,-0.624416,-0.522306,-0.28515,-0.468049,-0.495027,-0.500786,-0.444826,-0.59911,-0.494822,-0.549893,-0.464977,-0.462866,-0.459841,-0.456695,-0.516037,-0.43451,-0.434434,-0.411968	-0.634313,-0.22193,-0.0158623,-0.118153,0.0662579,-0.140481,-0.0775211,-0.201266,-0.150469,-0.102581,-0.182534,-0.0623463,-0.225471,-0.130208,-0.11018,-0.0724101,-0.079315,-0.00360965,-0.105824,-0.149556	-0.00792575,-0.25771,-0.614642,-0.430734,-0.344892,-0.350621,-0.434167,-0.333093,-0.315473,-0.529042,-0.343295,-0.504855,-0.267557,-0.353992,-0.368322,-0.397427,-0.455359,-0.431578,-0.344445,-0.27964
-0.654987,-0.475221,-0.465792,-0.524692,-0.254217,-0.488829,-0.500777,-0.512149,-0.467562,-0.591832,-0.488089,-0.560216,-0.462672,-0.47379,-0.478415,-0.464504,-0.497509,-0.426566,-0.443705,-0.415027	-0.659184,-0.212616,0.147168,-0.114654,0.0481597,-0.170079,-0.0893954,-0.210863,-0.146953,-0.0725541,-0.187421,-0.0467259,-0.19133,-0.200066,-0.101402,-0.0848409,-0.0894118,0.0193118,-0.113392,-0.160908	0.00738661,-0.292122,-0.573638,-0.436284,-0.29872,-0.347654,-0.430661,-0.337762,-0.344263,-0.542576,-0.330942,-0.527293,-0.297695,-0.302388,-0.396235,-0.395239,-0.427096,-0.442235,-0.347812,-0.272304
0.550066,0.368217,0.436597,0.472408,0.348114,0.302163,0.415825,0.383221,0.351876,0.389027,0.367145,0.39891,0.252235,0.374484,0.363639,0.341777,0.327535,0.42761,0.437672,0.298339	0.60988,0.474978,0.494491,0.495401,0.400795,0.333544,0.412336,0.400147,0.377595,0.449015,0.356343,0.454717,0.305839,0.398345,0.340168,0.289183,0.382329,0.44449,0.457783,0.270121	-0.0900093,-0.129391,-0.0738348,-0.0300179,-0.0612229,-0.034898,0.00421011,-0.0199915,-0.0296596,-0.0726849,0.0124282,-0.0681732,-0.0580851,-0.0280448,0.0267842,0.0583623,-0.0626382,-0.0208411,-0.0251499,0.0306921
0.758313,0.648713,0.559895,0.636223,0.543799,0.483507,0.460057,0.482213,0.549039,0.579871,0.503988,0.605772,0.35051,0.521791,0.528848,0.452639,0.610118,0.51727,0.505084,0.475266	0.769204,0.656158,0.569984,0.606699,0.525773,0.491859,0.481027,0.469125,0.542444,0.601783,0.441218,0.615472,0.322477,0.500039,0.487924,0.422599,0.614478,0.534735,0.508789,0.469862	-0.0261367,-0.0129623,-0.0148172,0.0480849,0.0252435,-0.0109579,-0.0269297,0.0169135,0.00939293,-0.0336563,0.0807197,-0.0154661,0.0316055,0.0294308,0.0551571,0.0371451,-0.00697387,-0.0241431,-0.00498677,0.00695856
-0.658972,-0.451875,-0.631679,-0.521643,-0.273867,-0.472845,-0.495836,-0.503225,-0.453604,-0.610997,-0.509582,-0.5437,-0.437115,-0.452197,-0.44005,-0.471387,-0.507163,-0.429503,-0.437924,-0.412601	-0.653282,-0.203969,-0.0246389,-0.127523,0.0836931,-0.127851,-0.0893372,-0.202394,-0.150013,-0.133118,-0.186711,-0.0703895,-0.225622,-0.0715857,-0.11088,-0.0847367,-0.0655611,0.00399764,-0.0948044,-0.158446	-0.00999127,-0.273074,-0.616638,-0.422205,-0.349548,-0.367192,-0.42534,-0.334945,-0.325757,-0.520189,-0.35682,-0.492145,-0.234634,-0.393345,-0.346055,-0.402737,-0.45679,-0.432758,-0.357982,-0.271933
-0.668848,-0.469965,-0.490299,-0.528709,-0.240146,-0.491859,-0.500732,-0.516604,-0.472277,-0.599859,-0.504582,-0.554157,-0.435258,-0.44753,-0.457801,-0.479394,-0.487713,-0.420935,-0.444675,-0.413752	-0.671822,-0.188838,0.118908,-0.132389,0.0692473,-0.152987,-0.0968838,-0.215004,-0.139808,-0.0927736,-0.193577,-0.0575225,-0.191191,-0.122439,-0.0986478,-0.0940114,-0.0759356,0.026714,-0.0981475,-0.166686	0.00540035,-0.308506,-0.575647,-0.426149,-0.304332,-0.366446,-0.424439,-0.339285,-0.355974,-0.536968,-0.344671,-0.512987,-0.266221,-0.343937,-0.37614,-0.403571,-0.427614,-0.442671,-0.362341,-0.265367
0.590305,0.506732,0.42294,0.50003,0.398127,0.319956,0.336529,0.415555,0.368925,0.486077,0.38106,0.422903,0.294738,0.406739,0.372529,0.285892,0.35888,0.423596,0.417496,0.229419	0.54097,0.406818,0.375062,0.448149,0.326904,0.296987,0.360181,0.385881,0.337476,0.447413,0.330007,0.377259,0.214508,0.361538,0.357075,0.308863,0.30826,0.423914,0.401206,0.252358	0.0724806,0.12586,0.0569046,0.0668646,0.0818801,0.025381,-0.0269144,0.0353421,0.0359223,0.0494098,0.0583964,0.0543087,0.0856449,0.0529943,0.0178243,-0.0251961,0.0569166,-0.000387085,0.0195677,-0.0243491
-0.537317,-0.422872,-0.611057,-0.506493,-0.282944,-0.39881,-0.462733,-0.468566,-0.437543,-0.554259,-0.465629,-0.512341,-0.370473,-0.405855,-0.400075,-0.476491,-0.458747,-0.421578,-0.423394,-0.388303	-0.551298,-0.236176,-0.011311,-0.114519,0.0317891,-0.0426819,-0.0275751,-0.15649,-0.150871,-0.088849,-0.102256,-0.054086,-0.179014,-0.0327669,-0.0347031,-0.0495617,-0.0388098,-0.00809578,-0.0928807,-0.102368	0.0198662,-0.207411,-0.603921,-0.416109,-0.311927,-0.362295,-0.440783,-0.33677,-0.306933,-0.489516,-0.38154,-0.471315,-0.205058,-0.378117,-0.370516,-0.437255,-0.427549,-0.414898,-0.344043,-0.297771
-0.542203,-0.45256,-0.482792,-0.506204,-0.256987,-0.415614,-0.472464,-0.4733,-0.460201,-0.546753,-0.457978,-0.524237,-0.380885,-0.406983,-0.411651,-0.46962,-0.432279,-0.419168,-0.430325,-0.393866	-0.56712,-0.23544,0.0939331,-0.108203,0.00887599,-0.0676738,-0.0430662,-0.158153,-0.14915,-0.0584727,-0.106293,-0.0437128,-0.157023,-0.0850063,-0.011397,-0.038544,-0.0479827,0.00557995,-0.0979372,-0.119054	0.0359818,-0.243013,-0.551705,-0.421064,-0.265258,-0.358009,-0.438316,-0.340646,-0.333974,-0.504406,-0.369682,-0.491794,-0.238102,-0.333515,-0.40214,-0.439023,-0.392437,-0.423757,-0.347012,-0.288332
-0.651412,-0.46394,-0.631765,-0.537639,-0.317469,-0.455983,-0.475066,-0.488066,-0.461717,-0.593877,-0.50174,-0.536093,-0.390384,-0.435201,-0.425308,-0.471514,-0.496128,-0.421104,-0.426403,-0.399124	-0.648561,-0.228773,-0.0147868,-0.13181,0.0453339,-0.104489,-0.0667192,-0.158621,-0.159766,-0.125168,-0.127548,-0.0649015,-0.145721,-0.0364894,-0.0634425,-0.065042,-0.0586022,-0.00417632,-0.0786405,-0.138952	-0.00493653,-0.263091,-0.622797,-0.436782,-0.357655,-0.369079,-0.421713,-0.357089,-0.325999,-0.506348,-0.399776,-0.488177,-0.259421,-0.405145,-0.3719,-0.419332,-0.450628,-0.417662,-0.359828,-0.275449
-0.656023,-0.48759,-0.494385,-0.541003,-0.289682,-0.475037,-0.478086,-0.497761,-0.487428,-0.586704,-0.496662,-0.549423,-0.40072,-0.434563,-0.442874,-0.46457,-0.472851,-0.420298,-0.430373,-0.398162	-0.661879,-0.22324,0.119029,-0.130764,0.0266256,-0.131904,-0.071212,-0.167993,-0.161527,-0.0949614,-0.134393,-0.0560913,-0.121394,-0.0895696,-0.052618,-0.051565,-0.064372,0.00776874,-0.0780709,-0.145279	0.0103503,-0.296639,-0.579323,-0.441471,-0.313886,-0.366071,-0.421214,-0.35986,-0.353753,-0.520756,-0.388179,-0.509019,-0.293608,-0.358966,-0.399568,-0.423142,-0.421303,-0.426673,-0.364551,-0.268408
0.865942,0.761178,0.419499,0.742681,0.867637,0.827895,0.766542,0.77559,0.734877,0.780582,0.766415,0.758888,0.714882,0.718607,0.721935,0.684008,0.826253,0.728002,0.826119,0.843736	0.835004,0.837732,0.256644,0.732329,0.786932,0.822322,0.766793,0.786129,0.786881,0.807227,0.747401,0.796389,0.768511,0.645337,0.770461,0.694761,0.752495,0.75222,0.834988,0.829432	0.111717,-0.211279,0.182504,0.0226954,0.254405,0.0174618,-0.00060689,-0.0270036,-0.123309,-0.0720336,0.0445093,-0.094788,-0.119015,0.136634,-0.109347,-0.0204912,0.194999,-0.0535344,-0.0285905,0.0476505
-0.0519139,-0.102902,-0.0142996,0.0154875,0.0161319,0.00798449,0.0663359,-0.0149029,-0.0017096,-0.0654595,-0.00592864,0.126501,0.0790466,-0.051284,-0.0135075,-0.00740109,0.0429776,0.0182699,-0.037288,-0.00698279	-0.539366,-0.700004,-0.666273,-0.576761,-0.568926,-0.510652,-0.44639,-0.585775,-0.5912,-0.641443,-0.547646,-0.538017,-0.425898,-0.6345,-0.578507,-0.575408,-0.607725,-0.52084,-0.588009,-0.713411	0.501494,0.643451,0.658245,0.587005,0.579738,0.516531,0.49798,0.575899,0.590086,0.601228,0.543482,0.622173,0.488499,0.602832,0.569449,0.570436,0.634139,0.534029,0.563066,0.709965
-0.022015,0.0822957,-0.0855363,0.00225161,0.0947353,0.0600044,-0.00472812,0.0150499,-0.0638098,-0.0375125,-0.0166327,0.00469163,0.0669939,-0.0498973,-0.0248956,-0.0296817,-0.00748013,0.0684162,-0.0230107,0.0337221	-0.225273,-0.46907,-0.634387,-0.45226,-0.440877,-0.356924,-0.410854,-0.528856,-0.475067,-0.507259,-0.476826,-0.389094,-0.399644,-0.555074,-0.460993,-0.488408,-0.386305,-0.429937,-0.552061,-0.600543	0.204271,0.530873,0.580342,0.454049,0.514138,0.408187,0.406916,0.539611,0.424114,0.478858,0.463873,0.393068,0.45447,0.519567,0.44116,0.465474,0.379923,0.484114,0.535858,0.621675
-0.0424289,-0.0140195,-0.0440828,0.0290614,0.0103786,-0.0158021,-0.0158508,-0.0137322,-0.0392192,-0.0367818,-0.0574306,0.025445,0.0967767,-0.0208539,0.0857801,-0.0396019,0.0334518,0.0244181,-0.0110416,-0.000796952	-0.879072,-0.84932,-0.848542,-0.803223,-0.732434,-0.726232,-0.721359,-0.786297,-0.795494,-0.831431,-0.770137,-0.781222,-0.67421,-0.801638,-0.754809,-0.74259,-0.781672,-0.741657,-0.793529,-0.821916	0.869058,0.845366,0.83572,0.8133,0.737209,0.718678,0.713669,0.780998,0.78063,0.819718,0.745688,0.790945,0.723763,0.794058,0.789472,0.724288,0.794353,0.752448,0.789404,0.821658
-0.0307343,0.00143894,-0.0933257,0.0122991,0.0187576,-0.00651564,-0.00838685,-0.0193178,-0.0237744,-0.0162983,-0.0601268,0.0214329,0.101027,0.0299062,0.0926749,-0.0320969,0.0335106,0.0240422,-0.00210226,0.00812502	-0.882284,-0.845329,-0.830587,-0.807109,-0.732135,-0.730181,-0.719963,-0.788638,-0.789029,-0.822196,-0.771322,-0.780946,-0.668749,-0.797101,-0.748195,-0.741926,-0.785332,-0.738434,-0.792259,-0.82095	0.875284,0.845739,0.799212,0.811354,0.74072,0.727125,0.715899,0.781222,0.779884,0.816844,0.745783,0.78917,0.72106,0.807752,0.786345,0.727145,0.797845,0.749175,0.791475,0.823582
-0.44328,-0.274268,-0.293063,-0.252616,-0.19639,-0.184565,-0.176566,-0.0905415,-0.284354,-0.191124,-0.189121,-0.299593,-0.0421943,-0.214362,-0.217635,-0.215131,-0.381625,-0.108473,-0.162083,-0.306927	-0.0895839,0.0313709,-0.137816,-0.0256998,-0.0307892,0.00110985,-0.046121,0.00132441,-0.0179393,0.0732458,-0.0460498,0.0390852,0.00722326,-0.0431684,0.000295736,-0.0397804,-0.0152506,0.00637784,-0.0843316,-0.0790483	-0.368322,-0.303032,-0.161781,-0.228399,-0.166608,-0.185637,-0.131516,-0.0918549,-0.26778,-0.26072,-0.144328,-0.334758,-0.0494025,-0.172792,-0.217916,-0.176864,-0.368519,-0.114772,-0.0788284,-0.233545
0.256174,0.0865489,0.0679808,0.0568692,0.0110804,0.101482,0.043233,0.0625172,0.00658215,0.0919844,0.0426448,0.0905648,0.161655,0.0570708,0.0877864,-0.046543,0.0983017,0.021772,0.0201935,0.0247354	-0.687025,-0.504682,-0.446076,-0.4916,-0.340202,-0.307033,-0.388681,-0.440793,-0.431883,-0.439263,-0.398828,-0.374139,-0.308741,-0.404639,-0.370111,-0.360725,-0.326725,-0.422346,-0.481883,-0.343908	0.802042,0.566487,0.498927,0.533552,0.349963,0.396172,0.424776,0.489812,0.437222,0.510616,0.43409,0.449474,0.448035,0.451288,0.443488,0.319547,0.411801,0.440071,0.497238,0.365534
0.279197,0.0784954,0.0108535,0.059508,0.00435886,0.103702,0.0401822,0.068452,0.00384707,0.0928703,0.0455269,0.0856387,0.152935,0.0825965,0.0982125,-0.0257243,0.0990859,0.0128498,0.0223059,0.0190333	-0.691427,-0.503217,-0.418814,-0.490036,-0.354408,-0.317616,-0.394492,-0.440005,-0.427056,-0.427642,-0.398253,-0.369633,-0.298266,-0.426308,-0.35661,-0.352017,-0.332306,-0.416536,-0.482703,-0.355233	0.813569,0.559608,0.427723,0.533973,0.358214,0.407883,0.427892,0.49359,0.430196,0.50063,0.435877,0.441302,0.431517,0.491595,0.439432,0.329275,0.41764,0.4271,0.49963,0.371753
-0.0212579,-0.0419391,0.00452856,-0.0330782,-0.0688512,0.0263571,0.0398518,0.0318866,-0.0488496,0.019825,-0.0466389,0.0381245,0.110109,-0.00222455,0.0494414,-0.0404889,0.0358227,0.0291404,0.0173634,0.0144787	-0.852475,-0.704837,-0.588386,-0.657397,-0.51266,-0.493378,-0.47877,-0.515527,-0.624757,-0.625617,-0.540333,-0.618656,-0.370709,-0.548383,-0.542217,-0.483689,-0.62593,-0.495089,-0.529137,-0.515551	0.846558,0.68309,0.591339,0.638197,0.460048,0.513063,0.508912,0.538561,0.594037,0.637534,0.506457,0.641646,0.461961,0.546825,0.576211,0.452053,0.64724,0.516774,0.541525,0.526102
0.0072047,-0.0470398,-0.0343201,-0.0362248,-0.0707336,0.0287013,0.0474672,0.0304156,-0.0547765,0.0210241,-0.0460811,0.0308646,0.10366,0.0251177,0.0494092,-0.0134067,0.0412931,0.0171912,0.0261177,0.0202861	-0.85328,-0.70316,-0.554602,-0.658057,-0.519941,-0.501896,-0.477731,-0.519379,-0.622815,-0.61618,-0.541629,-0.617264,-0.362719,-0.561803,-0.536921,-0.472051,-0.627593,-0.492403,-0.526242,-0.519985	0.855227,0.678565,0.530377,0.637017,0.466359,0.523062,0.513552,0.541244,0.588102,0.629055,0.508233,0.636011,0.44948,0.578754,0.571178,0.461566,0.65199,0.505316,0.544871,0.534632
0.912227,0.880489,0.638545,0.876204,0.891645,0.916997,0.879627,0.891902,0.862295,0.911765,0.877014,0.889965,0.833489,0.858135,0.874318,0.837244,0.907699,0.843504,0.904938,0.896359	0.883841,0.895582,0.754844,0.881567,0.876019,0.894996,0.870854,0.88633,0.870199,0.930763,0.869291,0.90143,0.863348,0.79493,0.885016,0.826157,0.898752,0.862162,0.89913,0.885937	0.14652,-0.0713762,-0.224517,-0.0235667,0.0713852,0.122712,0.0374951,0.0266004,-0.0316636,-0.125515,0.0324983,-0.057971,-0.106483,0.198857,-0.0472927,0.0359612,0.0485694,-0.0684019,0.0311685,0.0506238
-0.427539,-0.294234,-0.25947,-0.254063,-0.243919,-0.218395,-0.177372,-0.0982761,-0.256687,-0.170922,-0.178891,-0.316218,-0.0857839,-0.188614,-0.204912,-0.201746,-0.38005,-0.144861,-0.149293,-0.317299	-0.0472291,0.0869708,-0.1268,-0.0347658,-0.0421056,-0.0042705,-0.0887294,0.00954646,-0.0164912,0.108727,-0.0417672,-0.0430581,-0.0436554,-0.0153842,0.00821862,-0.0353257,-0.0417205,-0.00448412,-0.0638086,-0.0767409	-0.388147,-0.371693,-0.137183,-0.221252,-0.203907,-0.214324,-0.09006,-0.107721,-0.241217,-0.274547,-0.138156,-0.27693,-0.0422869,-0.173734,-0.212772,-0.167615,-0.343781,-0.140468,-0.0863071,-0.246562
0.283375,0.089931,0.0847682,0.0430924,0.00570992,0.110756,0.0535128,0.0698153,0.0249459,0.106139,0.0728269,0.0820968,0.106056,0.0649033,0.0466896,-0.0273588,0.0841748,0.00867617,0.0256168,0.0247679	-0.682186,-0.484039,-0.439527,-0.497373,-0.343703,-0.309551,-0.410256,-0.436584,-0.427282,-0.420006,-0.392246,-0.41381,-0.349033,-0.386653,-0.372622,-0.357771,-0.340787,-0.431891,-0.472089,-0.340274	0.809142,0.550027,0.505462,0.529124,0.348729,0.406375,0.453806,0.491421,0.447458,0.503691,0.452157,0.479613,0.438845,0.440502,0.412142,0.333678,0.413111,0.438923,0.491759,0.361991
0.297677,0.0759455,0.048707,0.0537888,-0.00531774,0.108159,0.0458908,0.0786425,0.0150448,0.0985173,0.0770261,0.0788894,0.0950773,0.0663523,0.053378,-0.00993316,0.0852295,2.95513e-05,0.0232151,0.0159022	-0.686494,-0.484093,-0.404183,-0.494361,-0.3585,-0.321337,-0.416158,-0.435131,-0.425052,-0.410023,-0.391633,-0.408904,-0.339655,-0.41176,-0.359511,-0.349548,-0.346715,-0.426208,-0.473867,-0.352518	0.817178,0.540179,0.444146,0.533952,0.353857,0.41507,0.45339,0.496774,0.4373,0.488796,0.454936,0.472549,0.421133,0.465397,0.405115,0.340798,0.419546,0.426233,0.491673,0.366367
0.0157536,-0.0353755,0.0244329,-0.0501738,-0.0784814,0.0378646,0.0496115,0.0403328,-0.0242403,0.0397004,-0.0128356,0.0215411,0.0529571,0.00857921,-0.000860048,-0.0177568,0.0137355,0.0149144,0.0232778,0.0149169	-0.850049,-0.717485,-0.566772,-0.65874,-0.545062,-0.514103,-0.473448,-0.520245,-0.604317,-0.614021,-0.530232,-0.620128,-0.409801,-0.532428,-0.544086,-0.4723,-0.623038,-0.520552,-0.523667,-0.521503	0.854362,0.699873,0.58313,0.629368,0.487431,0.541428,0.511056,0.549057,0.5887,0.638165,0.520941,0.633211,0.452929,0.538547,0.543481,0.458388,0.631371,0.531341,0.540357,0.53228
0.0338758,-0.0497706,0.0110242,-0.0432993,-0.0856994,0.0341745,0.0523468,0.0421588,-0.0394294,0.0297964,-0.0106921,0.0170075,0.0435625,0.00850699,-0.00537791,0.00507516,0.0192079,0.00291198,0.0271618,0.016735	-0.850354,-0.718055,-0.522818,-0.657889,-0.55271,-0.524393,-0.47311,-0.523689,-0.605599,-0.607053,-0.531162,-0.618129,-0.402399,-0.550933,-0.539614,-0.462559,-0.6249,-0.518607,-0.521448,-0.527407	0.859472,0.693053,0.530783,0.632611,0.490231,0.548734,0.512758,0.553625,0.58002,0.625535,0.523443,0.628529,0.438279,0.55683,0.535791,0.466539,0.636468,0.520733,0.540948,0.539381
0.914817,0.879094,0.658019,0.877308,0.886037,0.914562,0.876357,0.891619,0.861679,0.908796,0.877976,0.889292,0.825952,0.850242,0.866695,0.84075,0.905421,0.840878,0.904913,0.894487	0.889186,0.898897,0.756517,0.876801,0.874391,0.897213,0.871054,0.883861,0.874883,0.934415,0.869169,0.899295,0.857966,0.804922,0.880997,0.83311,0.896269,0.859442,0.902843,0.887017	0.137392,-0.0943967,-0.196135,0.00219702,0.0517028,0.0966871,0.0224071,0.0366096,-0.0536451,-0.169879,0.0371778,-0.0499525,-0.109877,0.14359,-0.0604874,0.0255025,0.0485508,-0.0669426,0.0113112,0.0361647
-0.266282,-0.11937,-0.0598518,-0.0819959,-0.0684112,-0.079346,-0.00684691,-0.0339218,-0.0427779,-0.0799234,-0.0821381,-0.0636808,-0.0519454,-0.056433,-0.0469309,0.0114312,-0.0730162,0.00429253,-0.00369827,-0.0124128	-0.798449,-0.592391,-0.430674,-0.537992,-0.373992,-0.380806,-0.367633,-0.478606,-0.446133,-0.535681,-0.436212,-0.447234,-0.371551,-0.42469,-0.413407,-0.317451,-0.385689,-0.424863,-0.44527,-0.313635	0.675864,0.509015,0.380634,0.47704,0.313604,0.310853,0.361696,0.452023,0.411203,0.476143,0.367232,0.394797,0.325896,0.377299,0.373727,0.327693,0.321734,0.428374,0.4423,0.3024
-0.268631,-0.115312,-0.0366665,-0.0869251,-0.0636064,-0.0796582,0.00254289,-0.0416184,-0.0447105,-0.0800635,-0.0843375,-0.0640436,-0.0505395,-0.0578765,-0.0572446,0.0135996,-0.0700792,0.00246325,0.00213825,-0.00247381	-0.803476,-0.588162,-0.370812,-0.539054,-0.382979,-0.391352,-0.366654,-0.484304,-0.443459,-0.52646,-0.437917,-0.442447,-0.359268,-0.450147,-0.409013,-0.308904,-0.388934,-0.419065,-0.444068,-0.316504	0.68206,0.507253,0.338751,0.474356,0.327346,0.321723,0.368853,0.451792,0.406815,0.46604,0.367139,0.389439,0.314438,0.402764,0.360202,0.321155,0.327789,0.421093,0.445782,0.314277
0.905606,0.875327,0.658292,0.868987,0.893834,0.910173,0.875486,0.881146,0.862622,0.902206,0.868554,0.883504,0.815085,0.848401,0.854208,0.836068,0.895991,0.841155,0.902834,0.90481	0.883039,0.884834,0.732887,0.876151,0.871934,0.888634,0.864116,0.880135,0.868504,0.923645,0.863459,0.891821,0.839073,0.801471,0.875056,0.844302,0.886793,0.852537,0.89874,0.88863	0.11266,-0.0421635,-0.144132,-0.0300201,0.0992588,0.112659,0.0466945,0.00450406,-0.0234492,-0.128622,0.0203776,-0.0392209,-0.075891,0.146642,-0.0825612,-0.0279955,0.0447708,-0.0402346,0.0217093,0.0825648
0.910612,0.882734,0.664069,0.878416,0.896606,0.915863,0.872339,0.888373,0.868518,0.910191,0.879305,0.891372,0.820035,0.8523,0.864285,0.831469,0.902093,0.845744,0.901279,0.896322	0.889522,0.894828,0.755837,0.882015,0.880203,0.895197,0.869091,0.881593,0.872648,0.930284,0.871988,0.89885,0.844852,0.806502,0.875284,0.841954,0.896192,0.855693,0.902329,0.889907	0.111008,-0.0575641,-0.184247,-0.0159797,0.0778104,0.114729,0.0134286,0.031269,-0.0170592,-0.131106,0.0313702,-0.0376176,-0.0807873,0.146497,-0.0451692,-0.0349576,0.0308095,-0.0360075,-0.00562638,0.0316998
