-0.0880927,-0.0132411,-0.0255443,0.26757,0.348727,0.29777,0.0705931,-0.0522076,0.0197433,-0.00534863,0.0845976,0.257737,0.199225,0.328371,0.319381,0.277629,0.254262,0.319386,0.330147,0.317118	-0.31184,-0.272867,-0.260798,0.237291,0.305072,0.248832,-0.160383,-0.393807,-0.346106,0.165729,0.211344,-0.222925,0.0701455,0.349341,0.130121,0.167773,0.386627,0.365337,0.275062,0.262339	0.230067,0.260567,0.236832,0.0323324,0.0488521,0.0528539,0.22839,0.34877,0.363366,-0.170926,-0.129053,0.454546,0.130908,-0.0236882,0.197467,0.115223,-0.146796,-0.0520215,0.0605872,0.0597499
-0.0469891,0.0533084,0.0072675,0.084562,0.229542,0.299382,0.0396135,-0.0738566,0.009416,-0.0130038,0.0896104,0.300235,0.239042,0.381587,0.450827,0.361642,0.342408,0.399233,0.397878,0.385863	-0.229159,-0.145966,-0.126119,-0.192907,0.0142017,0.244945,-0.221411,-0.46059,-0.390664,0.191374,0.281832,-0.163026,0.132838,0.538015,0.807508,0.521206,0.771582,0.452449,0.425814,0.355474	0.184152,0.197736,0.133265,0.273015,0.216045,0.0587445,0.258755,0.400352,0.398613,-0.20387,-0.197202,0.441644,0.109686,-0.196839,-0.560861,-0.196627,-0.583272,-0.0649467,-0.0336338,0.0352189
-0.31662,-0.141653,-0.167065,-0.316925,-0.353045,-0.308077,-0.235329,-0.358626,-0.109258,-0.0448063,0.0184911,-0.287293,-0.405247,-0.26607,-0.514962,-0.0857102,-0.551881,-0.278121,-0.127793,-0.139682	-0.607373,-0.439935,-0.578422,-0.655464,-0.685657,-0.699189,-0.609876,-0.599548,-0.546677,0.0841232,0.145228,-0.641137,-0.51978,-0.666706,-0.860457,-0.566726,-0.793657,-0.467759,-0.464636,-0.471511	0.359979,0.318106,0.45536,0.427304,0.438842,0.498488,0.43731,0.306912,0.465206,-0.128445,-0.127079,0.433736,0.145096,0.487031,0.620393,0.505574,0.430209,0.217998,0.358106,0.355224
-0.342312,-0.200565,-0.233281,-0.374447,-0.284525,-0.33455,-0.241386,-0.357454,-0.108133,-0.0440265,0.0188858,-0.288391,-0.39578,-0.259081,-0.5187,-0.090305,-0.536832,-0.288215,-0.136054,-0.158118	-0.602021,-0.506619,-0.54131,-0.648668,-0.625929,-0.724045,-0.609494,-0.602808,-0.550869,0.0830349,0.143648,-0.647274,-0.517527,-0.665567,-0.861053,-0.568897,-0.792604,-0.462552,-0.483125,-0.482143	0.327122,0.340669,0.352547,0.362196,0.41538,0.514002,0.431607,0.312743,0.470779,-0.126599,-0.125101,0.441251,0.153107,0.491184,0.618667,0.504511,0.445205,0.201154,0.37149,0.350766
-0.318454,-0.170877,-0.229837,-0.340741,-0.296082,-0.239809,-0.209272,-0.287797,-0.0762495,-0.0483839,0.0136409,-0.262413,-0.364917,-0.137371,-0.313121,-0.0263689,-0.44042,-0.211913,-0.0972981,-0.133048	-0.577401,-0.483537,-0.564465,-0.635644,-0.675726,-0.66583,-0.560175,-0.559317,-0.510283,0.0685392,0.0941518,-0.662402,-0.518898,-0.613616,-0.799792,-0.567126,-0.787644,-0.542696,-0.524619,-0.551881	0.317289,0.340821,0.384512,0.376435,0.474597,0.50697,0.397501,0.323612,0.451605,-0.116537,-0.0806144,0.484144,0.189949,0.520085,0.649268,0.548966,0.531651,0.373767,0.450307,0.452023
-0.323349,-0.174764,-0.220991,-0.324175,-0.283147,-0.263499,-0.206112,-0.279138,-0.0543298,-0.043701,0.0159304,-0.260813,-0.330334,-0.10867,-0.11933,0.0296621,-0.44026,-0.166917,-0.0584606,-0.100587	-0.585924,-0.479828,-0.561826,-0.625694,-0.67408,-0.716301,-0.584758,-0.623391,-0.507623,0.0550693,0.0114577,-0.681191,-0.476522,-0.564965,-0.688688,-0.499623,-0.786746,-0.617686,-0.56967,-0.616823	0.32395,0.332987,0.389151,0.378239,0.483148,0.55815,0.430536,0.416776,0.466149,-0.0985332,0.00447345,0.5112,0.173499,0.486142,0.620338,0.521556,0.530098,0.502587,0.52882,0.550385
0.277685,0.230078,0.115696,0.181023,0.139629,-0.0732079,-0.068258,-0.0882695,0.0159613,0.0822571,0.0675768,0.129639,0.0742232,0.181226,0.387165,0.338164,0.32696,0.381709,0.408789,0.389878	0.442863,0.380371,0.452913,0.201413,-0.262181,-0.3798,-0.394861,-0.280881,-0.262615,-0.0474646,-0.398961,-0.278294,-0.207779,-0.0965752,-0.0171557,0.458332,0.541963,0.452013,0.4365,0.34473	-0.18834,-0.164708,-0.355865,-0.0211617,0.38762,0.31536,0.33565,0.197509,0.277413,0.129217,0.454289,0.393728,0.277719,0.273023,0.401653,-0.142208,-0.261306,-0.084964,-0.0337296,0.0521586
0.271144,0.226722,0.11933,0.0746726,-0.135324,-0.23813,-0.259536,-0.20814,-0.0112515,0.0897626,0.0719136,0.12896,0.0744695,0.166173,0.427573,0.334312,0.313115,0.386847,0.409704,0.443997	0.407907,0.338166,0.425443,-0.131164,-0.664384,-0.558064,-0.606133,-0.461034,-0.401902,-0.0385574,-0.398841,-0.25867,-0.207548,-0.127316,0.218898,0.444907,0.667033,0.376179,0.412939,0.349781	-0.15377,-0.120697,-0.322485,0.20384,0.581325,0.368966,0.4113,0.279738,0.392425,0.127877,0.457629,0.375117,0.277725,0.287409,0.230223,-0.129919,-0.447351,0.0124855,-0.00389295,0.111538
0.209079,0.0937751,0.118882,0.459709,0.430868,0.528551,0.385769,0.578575,0.572169,0.844319,0.881434,0.788811,0.750701,0.491194,0.251214,0.400468,0.489708,0.540982,0.46006,0.475105	0.318725,0.22183,0.272213,0.115567,0.222419,0.521401,0.330366,0.471371,0.503853,0.881632,0.94054,0.842783,0.776873,0.637136,0.756406,0.710851,0.745797,0.547391,0.548786,0.499323	-0.117475,-0.130776,-0.158459,0.363451,0.230542,0.00987057,0.0634951,0.147406,0.0959889,-0.145972,-0.345701,-0.161014,-0.0627925,-0.21242,-0.623709,-0.433903,-0.403432,-0.00910628,-0.118692,-0.0317496
0.494963,0.362273,0.0872566,-0.215486,-0.191098,-0.181324,0.216569,0.205701,0.0216978,0.788738,0.839945,-0.0597887,-0.251171,-0.213144,0.105166,-0.0750141,-0.312935,-0.0864803,0.0373833,-0.0219436	0.217361,0.251044,-0.247177,-0.595999,-0.601832,-0.655013,-0.239574,0.219614,-0.0803015,0.759594,0.850226,-0.276045,-0.336266,-0.6557,-0.57693,-0.569162,-0.719998,-0.35134,-0.352433,-0.370495	0.311068,0.122357,0.327373,0.436583,0.464111,0.537531,0.433644,-0.0145716,0.101822,0.0727,-0.0359658,0.219885,0.0929455,0.514456,0.643078,0.516187,0.525454,0.273159,0.384747,0.351408
0.530435,0.560725,0.350938,-0.235669,-0.178765,-0.241318,0.192676,0.212182,0.0233066,0.790187,0.844183,-0.0685167,-0.249084,-0.222521,0.0977425,-0.0651719,-0.305599,-0.0982611,0.0470973,-0.0515745	0.299476,0.349447,0.10154,-0.560432,-0.561618,-0.700836,-0.244468,0.213852,-0.09101,0.758823,0.852549,-0.294405,-0.341947,-0.662047,-0.579876,-0.563365,-0.726028,-0.344393,-0.363228,-0.394212	0.274576,0.262765,0.258613,0.374184,0.425581,0.553052,0.417479,-0.00175026,0.114075,0.0783336,-0.0298484,0.230538,0.101508,0.515464,0.641273,0.517182,0.540309,0.254752,0.403424,0.349748
0.540807,0.576806,0.348957,-0.204347,-0.16491,-0.106274,0.274174,0.263342,0.0348464,0.768224,0.803215,-0.0566994,-0.230979,-0.0645568,0.115365,0.0542379,-0.106091,-0.088591,0.0652104,-0.0630427	0.340319,0.374079,0.0424765,-0.549694,-0.610042,-0.621287,-0.116909,0.24056,-0.0512846,0.728264,0.768143,-0.338932,-0.360299,-0.596968,-0.579553,-0.529237,-0.696001,-0.498199,-0.433715,-0.50497	0.245711,0.258505,0.311092,0.389049,0.494922,0.551421,0.378937,0.0243221,0.0859774,0.0907079,0.0915698,0.287763,0.14106,0.553752,0.651368,0.567193,0.636941,0.428521,0.485203,0.456459
0.489456,0.506745,0.32962,-0.192965,-0.145203,-0.133862,0.206899,0.292348,0.121018,0.77177,0.798706,-0.0561618,-0.172828,-0.045526,0.0829422,0.0643651,-0.151562,-0.139312,-0.0283,-0.13368	0.281738,0.328752,0.0243034,-0.541885,-0.604483,-0.681949,-0.222632,0.0875968,0.000165891,0.710493,0.678441,-0.374843,-0.288389,-0.553804,-0.517369,-0.480411,-0.720295,-0.635067,-0.570523,-0.635498	0.240944,0.213573,0.307782,0.389665,0.503472,0.603146,0.410617,0.210132,0.120855,0.13567,0.262514,0.325534,0.121622,0.521425,0.575611,0.528436,0.63843,0.543873,0.551122,0.548407
-0.767357,-0.622949,-0.565277,0.111213,0.152544,-0.0506265,-0.0116546,0.00770515,0.206433,-0.283158,0.269735,0.396497,0.220277,0.407532,0.113042,0.214919,0.396866,0.422155,0.400202,0.313271	-0.640825,-0.417256,-0.251312,0.158714,-0.24515,-0.359911,-0.205615,0.235696,0.331001,-0.478503,-0.285047,0.471856,0.0402881,0.066887,-0.0553026,0.471077,0.465672,0.440664,0.492373,0.326567	-0.248953,-0.277936,-0.365953,-0.0483548,0.383358,0.315024,0.194426,-0.228405,-0.133704,0.22596,0.515172,-0.0927027,0.1816,0.350191,0.167299,-0.285014,-0.0844055,-0.0227392,-0.11479,-0.0148109
-0.764236,-0.629612,-0.553558,0.066361,-0.101631,-0.156827,0.10829,0.262314,0.457091,-0.302718,0.293281,0.373351,0.229788,0.385399,0.125525,0.211204,0.41239,0.432654,0.40246,0.355695	-0.642885,-0.442248,-0.248313,-0.116519,-0.650823,-0.5091,-0.283036,0.347152,0.367212,-0.492446,-0.273339,0.476538,0.0502553,0.0275782,0.144803,0.45354,0.612731,0.370622,0.467451,0.326022	-0.238559,-0.259667,-0.353889,0.181477,0.58809,0.382839,0.379688,-0.0933369,0.108008,0.222967,0.524568,-0.125519,0.18163,0.361665,-0.019635,-0.268009,-0.268081,0.0738788,-0.0800505,0.0335647
0.109333,0.0151368,-0.00636518,-0.205865,-0.208867,-0.184492,0.256611,0.246649,0.0216927,0.880858,0.930751,-0.0774825,-0.20387,-0.240963,-0.433872,0.0228931,-0.531168,-0.238166,-0.10552,-0.160923	-0.203486,-0.187091,-0.406607,-0.460318,-0.52847,-0.65157,-0.182217,0.375174,-0.0112472,0.814926,0.881927,-0.319322,-0.304457,-0.695224,-0.868407,-0.6029,-0.842803,-0.454053,-0.467675,-0.463012	0.306011,0.201657,0.40128,0.28109,0.359258,0.530897,0.419225,-0.141631,0.0329319,0.233665,0.272539,0.247974,0.107243,0.545674,0.697238,0.617274,0.564218,0.242064,0.380955,0.32641
0.0897191,0.0117105,-0.00895165,-0.204066,-0.199052,-0.271771,0.23249,0.255914,0.0211042,0.881695,0.934806,-0.0901202,-0.191354,-0.239142,-0.449105,0.029284,-0.511209,-0.266031,-0.0970116,-0.164239	-0.182714,-0.23794,-0.301309,-0.393891,-0.490825,-0.70966,-0.185542,0.37092,-0.0256035,0.813455,0.884058,-0.339902,-0.300892,-0.695879,-0.871474,-0.599974,-0.840639,-0.463099,-0.473828,-0.466666	0.268039,0.248957,0.293149,0.206417,0.323367,0.542522,0.400746,-0.127067,0.0466824,0.241315,0.292362,0.257675,0.116229,0.547919,0.693982,0.618393,0.577686,0.224758,0.394972,0.327531
0.121543,0.0673144,0.00461409,-0.168428,-0.168616,-0.134774,0.264758,0.266452,0.0276447,0.861279,0.892325,-0.0808543,-0.184596,-0.0455577,-0.164989,0.174834,-0.275066,-0.217559,-0.0535942,-0.181733	-0.135396,-0.187759,-0.33317,-0.376368,-0.536093,-0.629067,-0.10116,0.346607,0.0099571,0.785319,0.798406,-0.384468,-0.330676,-0.621597,-0.803202,-0.556623,-0.793569,-0.562326,-0.512692,-0.566073	0.252779,0.25189,0.337266,0.222013,0.403996,0.540083,0.356373,-0.0883104,0.0176924,0.234721,0.326605,0.313355,0.155576,0.592827,0.735709,0.666587,0.663288,0.392824,0.472069,0.428413
0.0908537,0.0383966,0.0018087,-0.165266,-0.169797,-0.16139,0.230023,0.322369,0.125464,0.863268,0.88574,-0.0789705,-0.103655,-0.00471306,0.11523,0.232657,-0.323209,-0.20116,-0.120238,-0.220123	-0.168491,-0.200125,-0.336619,-0.373862,-0.539017,-0.689688,-0.177258,0.204805,0.0720232,0.765802,0.707258,-0.417608,-0.238561,-0.572062,-0.68501,-0.492852,-0.814354,-0.649105,-0.618425,-0.665614	0.255434,0.236703,0.338222,0.222333,0.406417,0.594468,0.391325,0.125875,0.0539276,0.287591,0.477795,0.350186,0.138326,0.568883,0.741695,0.650876,0.666598,0.515219,0.538207,0.521967
-0.397231,-0.168892,-0.18275,-0.163903,-0.0458258,-0.0413861,-0.026206,-0.0120002,0.239062,-0.39253,0.110971,0.333678,0.0445472,0.366289,0.783911,0.601195,0.794142,0.555183,0.562745,0.428223	-0.139505,0.14968,0.209105,0.135572,-0.25323,-0.347895,-0.188093,0.317774,0.430915,-0.577923,-0.445601,0.359367,-0.132246,-0.0768068,-0.031587,0.56505,0.580781,0.566195,0.561553,0.414467	-0.272845,-0.310717,-0.377432,-0.292965,0.209839,0.310986,0.162689,-0.328522,-0.213886,0.239789,0.530347,-0.0291891,0.175758,0.430971,0.795793,0.0547404,0.396008,-0.0160598,0.00174251,0.016725
-0.366716,-0.168796,-0.169891,-0.0825752,-0.111837,-0.131581,0.150555,0.276077,0.522186,-0.412089,0.140984,0.310519,0.0478985,0.334087,0.852649,0.601802,0.809245,0.581591,0.58394,0.476037	-0.118769,0.121118,0.205242,0.0159078,-0.583622,-0.487698,-0.224923,0.471569,0.494306,-0.591404,-0.43138,0.364433,-0.12896,-0.118542,0.228404,0.556082,0.743468,0.510496,0.555992,0.415727	-0.259238,-0.284106,-0.362493,-0.0983538,0.504729,0.380538,0.36318,-0.224753,0.0375801,0.237098,0.539549,-0.0607939,0.175772,0.435386,0.775218,0.0687148,0.165124,0.101117,0.0413851,0.0751904
0.738784,0.697992,0.331779,0.464105,0.719329,0.620718,0.764129,0.941584,0.901535,0.929861,0.966539,0.974624,0.882995,0.642417,0.92264,0.792232,0.877864,0.676762,0.598075,0.580376	0.79121,0.607004,0.505447,0.607299,0.781027,0.548941,0.779477,0.928219,0.886865,0.928027,0.964897,0.962017,0.874032,0.63817,0.90769,0.797348,0.845048,0.700939,0.557613,0.554063	-0.126186,0.157879,-0.20866,-0.199393,-0.140802,0.108875,-0.0379537,0.10607,0.0731783,0.0133821,0.0243634,0.202044,0.0392744,0.00719885,0.0919795,-0.0138893,0.127112,-0.0459968,0.0607075,0.0387849
0.662757,0.63412,0.269927,0.45448,0.670728,0.378905,0.437552,0.716539,0.59935,0.858663,0.900605,0.888079,0.78845,0.367225,0.597395,0.533478,0.607933,0.452034,0.390389,0.362261	0.749458,0.546727,0.37271,0.58167,0.585455,0.396008,0.551785,0.672125,0.618382,0.848188,0.859049,0.807948,0.742317,0.368541,0.607512,0.440298,0.390155,0.167496,0.130934,0.0555141	-0.172268,0.133771,-0.11428,-0.172897,0.14041,-0.0201219,-0.15059,0.0856759,-0.0302389,0.0385574,0.183603,0.283673,0.111239,-0.00152122,-0.0158799,0.121785,0.285493,0.307847,0.273431,0.313042
0.72099,0.662805,0.328367,0.498635,0.66263,0.442352,0.462668,0.725336,0.583369,0.862588,0.900025,0.889532,0.756954,0.329833,0.287215,0.497641,0.668573,0.39474,0.278462,0.287918	0.796698,0.597866,0.433426,0.623447,0.571915,0.297292,0.504634,0.462432,0.556971,0.832936,0.781335,0.762183,0.736561,0.443829,0.57383,0.549138,0.487031,-0.108279,-0.159108,-0.226611	-0.177888,0.107563,-0.122492,-0.181116,0.146071,0.167025,-0.054749,0.395593,0.039103,0.10533,0.399928,0.395477,0.0460905,-0.133546,-0.343175,-0.0708608,0.269197,0.4824,0.419006,0.483014
-0.867112,-0.674217,-0.635553,-0.612888,-0.238487,-0.256297,-0.0155088,0.164998,-0.404422,-0.420885,0.00638014,-0.493233,-0.561122,-0.590495,-0.79322,-0.552855,-0.775947,-0.471034,-0.467046,-0.436621	-0.730996,-0.436201,-0.0715902,-0.208507,-0.0429124,0.120105,0.228923,0.423184,-0.233612,-0.559165,-0.456814,-0.296194,-0.556018,-0.243959,-0.391117,0.0556228,-0.433905,-0.235468,-0.0952387,-0.132772	-0.371756,-0.337178,-0.590846,-0.463628,-0.197597,-0.365161,-0.243567,-0.277567,-0.188631,0.180838,0.461848,-0.23075,-0.00741864,-0.404858,-0.582963,-0.590325,-0.515657,-0.264954,-0.389116,-0.322547
-0.843249,-0.674794,-0.633409,-0.468506,0.242742,-0.0679547,0.359566,0.543979,-0.333401,-0.447078,0.0248898,-0.497403,-0.566788,-0.58203,-0.808037,-0.554527,-0.797065,-0.483335,-0.463223,-0.376449	-0.691922,-0.453435,-0.099899,-0.122148,-0.0350258,0.189043,0.40779,0.634843,-0.332739,-0.578226,-0.447187,-0.287854,-0.56019,-0.24231,-0.382926,0.0312593,-0.448854,-0.304706,-0.11722,-0.0564411	-0.363298,-0.31895,-0.569549,-0.367382,0.275427,-0.253739,-0.0565095,-0.138796,-0.000745122,0.176872,0.466881,-0.244565,-0.00966863,-0.395498,-0.615584,-0.575805,-0.542188,-0.20948,-0.36587,-0.326955
0.767767,0.757235,0.626111,0.672301,0.750458,0.404536,0.437756,0.705592,0.582204,0.856832,0.90247,0.878491,0.781315,0.364778,0.584354,0.549202,0.557061,0.470121,0.348977,0.295564	0.799612,0.76148,0.56054,0.651492,0.604558,0.494677,0.535161,0.675705,0.619869,0.84831,0.862701,0.812377,0.744747,0.37042,0.609812,0.449608,0.384332,0.159411,0.128486,0.0295439	-0.0824825,-0.0100264,0.101028,0.0370253,0.267066,-0.112692,-0.127206,0.0571205,-0.0589329,0.0312018,0.179594,0.230899,0.0874577,-0.00652335,-0.0395529,0.132249,0.219783,0.335882,0.230841,0.268363
0.789612,0.733168,0.613903,0.633686,0.727961,0.45289,0.459052,0.715155,0.565176,0.860958,0.901485,0.879722,0.751107,0.334187,0.278945,0.515393,0.615623,0.408858,0.244822,0.237834	0.812222,0.759739,0.549085,0.611885,0.574845,0.381671,0.484681,0.46723,0.55622,0.833261,0.784428,0.766776,0.740467,0.453093,0.573244,0.560484,0.477735,-0.116862,-0.159361,-0.232521	-0.0630399,-0.0599831,0.0977772,0.0356077,0.263295,0.0861018,-0.0329639,0.37234,0.0130617,0.0980079,0.399718,0.347046,0.0239736,-0.140123,-0.350316,-0.063407,0.195337,0.501746,0.389007,0.445707
-0.90027,-0.793355,-0.701611,-0.579922,-0.206344,-0.224093,-0.0392987,0.157936,-0.414883,-0.426077,0.00764643,-0.505469,-0.561606,-0.591867,-0.784534,-0.569545,-0.784014,-0.469982,-0.485049,-0.446574	-0.810808,-0.623485,-0.354174,-0.226634,-0.0530392,0.21566,0.187493,0.427616,-0.237131,-0.56204,-0.455406,-0.301736,-0.550341,-0.240402,-0.373598,0.025434,-0.434939,-0.252462,-0.101647,-0.142198	-0.331274,-0.336139,-0.46232,-0.406747,-0.155001,-0.41948,-0.225132,-0.289212,-0.197147,0.178774,0.461446,-0.240398,-0.0163053,-0.409769,-0.581322,-0.586483,-0.529702,-0.246805,-0.403286,-0.325015
-0.896116,-0.786064,-0.690722,-0.485514,0.276407,-0.0123855,0.348985,0.533156,-0.338606,-0.453052,0.0284927,-0.506051,-0.566114,-0.580578,-0.807877,-0.577001,-0.802805,-0.489348,-0.493127,-0.453809	-0.807275,-0.622538,-0.354498,-0.231798,-0.0508864,0.313108,0.379541,0.638516,-0.328745,-0.581809,-0.444507,-0.288776,-0.553252,-0.233953,-0.386322,-0.00893614,-0.446549,-0.328058,-0.143027,-0.163036	-0.321202,-0.320234,-0.445247,-0.28589,0.322754,-0.324236,-0.0352211,-0.15974,-0.0110957,0.174845,0.467084,-0.25446,-0.0187279,-0.401106,-0.612815,-0.571009,-0.555342,-0.192134,-0.376667,-0.314005
0.736117,0.670385,0.47827,0.550864,0.541423,0.362704,0.462292,0.606721,0.404576,0.819066,0.827786,0.792027,0.665731,0.186323,0.123402,0.272918,0.324362,0.292344,0.269375,0.241864	0.727285,0.6928,0.478835,0.549365,0.533181,0.202755,0.39268,0.397903,0.359861,0.79972,0.750042,0.747778,0.693146,0.295643,0.386238,0.418797,0.366269,0.0418085,0.0556195,-0.0102174	0.0190076,-0.0418536,-0.000733039,0.00215015,0.0115878,0.172645,0.0850528,0.275273,0.0523339,0.0560805,0.205061,0.108522,-0.0509054,-0.115693,-0.275991,-0.164705,-0.0475572,0.253635,0.217007,0.25146
-0.872353,-0.748968,-0.725819,-0.580997,-0.268375,-0.25881,0.0204305,0.127759,-0.361189,-0.413674,-0.0129151,-0.49294,-0.535381,-0.532067,-0.738036,-0.574209,-0.776284,-0.582539,-0.525121,-0.560422	-0.762438,-0.547008,-0.368903,-0.215694,-0.017222,0.0995694,0.173096,0.41013,-0.197409,-0.546599,-0.434761,-0.228878,-0.496546,-0.126782,-0.233669,0.0920309,-0.309584,-0.217213,-0.0554233,-0.175319	-0.328218,-0.342127,-0.487428,-0.417641,-0.252319,-0.349376,-0.153207,-0.297985,-0.176354,0.171763,0.424228,-0.297643,-0.0528977,-0.434602,-0.609474,-0.632799,-0.614342,-0.418249,-0.483777,-0.427063
-0.860261,-0.743896,-0.72119,-0.449679,0.211641,-0.0827133,0.400864,0.483402,-0.233996,-0.436522,0.0098827,-0.501031,-0.535919,-0.524884,-0.768461,-0.574915,-0.778044,-0.577379,-0.529491,-0.557464	-0.745874,-0.551795,-0.377941,-0.171254,-0.0114311,0.150412,0.33147,0.61409,-0.243431,-0.563872,-0.422733,-0.226144,-0.494815,-0.130533,-0.239462,0.0646355,-0.274942,-0.267072,-0.0917798,-0.174352	-0.319201,-0.325859,-0.471865,-0.301656,0.222534,-0.230261,0.0800276,-0.185862,0.0100052,0.16893,0.430816,-0.310013,-0.0559375,-0.423357,-0.648296,-0.616637,-0.640011,-0.366881,-0.460069,-0.424358
-0.860719,-0.734869,-0.706435,-0.583239,-0.28595,-0.324334,-0.0465731,-0.0365837,-0.327321,-0.405977,-0.0606961,-0.518084,-0.510777,-0.472488,-0.586177,-0.502661,-0.787924,-0.681097,-0.628298,-0.654893	-0.738515,-0.527596,-0.32355,-0.219618,-0.0311876,0.148529,0.157386,0.418125,-0.132454,-0.530172,-0.410051,-0.222158,-0.489732,-0.107682,-0.0377129,0.162315,-0.332035,-0.227398,-0.120301,-0.197937	-0.335408,-0.338522,-0.496329,-0.41704,-0.257055,-0.451131,-0.202475,-0.447858,-0.203699,0.158258,0.358272,-0.334416,-0.0280644,-0.384362,-0.560863,-0.614814,-0.617417,-0.536846,-0.549533,-0.525012
-0.848111,-0.731488,-0.702236,-0.463183,0.148055,-0.165177,0.312304,0.272081,-0.200463,-0.437209,-0.0398462,-0.522314,-0.524544,-0.463233,-0.620517,-0.504483,-0.796647,-0.674724,-0.629021,-0.657408	-0.721538,-0.536048,-0.335648,-0.189574,-0.0568677,0.202707,0.315647,0.617467,-0.184164,-0.554415,-0.397681,-0.214491,-0.50196,-0.111199,0.0066366,0.131609,-0.315231,-0.271147,-0.152183,-0.20224	-0.326171,-0.321508,-0.479642,-0.299947,0.203212,-0.355966,-0.00370925,-0.415128,-0.0169235,0.154705,0.363596,-0.34666,-0.0306559,-0.371152,-0.624582,-0.596488,-0.642854,-0.493943,-0.527315,-0.524964
0.908606,0.821189,0.844744,0.551837,0.61745,0.643724,0.562915,0.631649,0.755922,0.684343,0.893064,0.907478,0.770329,0.706491,0.494745,0.664794,0.695795,0.635237,0.626682,0.54649	0.87224,0.775651,0.81418,0.278708,0.0939121,0.458489,0.351436,0.451913,0.534196,0.689925,0.891411,0.938344,0.776488,0.678385,0.783437,0.656351,0.812066,0.552025,0.600831,0.501501	0.17528,0.125432,0.0978889,0.322772,0.555765,0.262796,0.263633,0.251536,0.371906,-0.0105751,0.00810623,-0.207888,-0.0153272,0.0539745,-0.471412,0.0149783,-0.26731,0.12815,0.0414619,0.0619741
0.23015,0.0564911,0.112353,0.498899,0.285538,0.309172,0.357273,0.613564,0.570472,0.852539,0.863199,0.706564,0.665365,0.143005,-0.147768,0.0805274,0.211653,0.228316,0.104214,0.190577	0.385468,0.242932,0.298306,-0.0890344,-0.0674011,0.307736,0.265864,0.490281,0.493357,0.881029,0.938303,0.835699,0.765704,0.457814,0.807467,0.686636,0.777519,0.398111,0.373417,0.346579	-0.170439,-0.189035,-0.192402,0.562928,0.346275,0.00158675,0.101003,0.176324,0.10732,-0.114471,-0.395164,-0.315329,-0.204554,-0.336863,-0.853408,-0.641584,-0.67733,-0.186771,-0.280103,-0.167035
0.698195,0.442004,0.211534,0.142163,0.23355,0.21785,0.455588,0.477856,0.0966331,0.814611,0.858,0.230355,0.197862,0.106212,0.685933,0.0348076,0.445219,0.326814,0.216508,0.142897	0.247757,0.230278,-0.208624,-0.649455,-0.653039,-0.690516,-0.24786,0.218768,-0.0918446,0.742831,0.799963,-0.381428,-0.410291,-0.732022,-0.613108,-0.693141,-0.702799,-0.51471,-0.518966,-0.529025	0.544654,0.235719,0.4024,0.724707,0.769263,0.789589,0.632073,0.289336,0.18682,0.181774,0.185047,0.562371,0.562489,0.777763,0.914463,0.710799,0.874414,0.720351,0.661183,0.624697
0.742553,0.677436,0.502932,0.189452,0.144908,0.196697,0.435282,0.48319,0.0974449,0.815914,0.862435,0.220403,0.186194,0.0797109,0.679226,0.0564109,0.434963,0.327365,0.240705,0.13169	0.310487,0.310667,0.10316,-0.604206,-0.63629,-0.726026,-0.251451,0.21426,-0.101829,0.742732,0.802685,-0.396946,-0.41618,-0.738728,-0.613731,-0.68898,-0.709665,-0.509474,-0.524114,-0.536755	0.561528,0.464533,0.421648,0.712141,0.71525,0.807418,0.618983,0.299987,0.197316,0.185741,0.194158,0.567684,0.559053,0.772926,0.91255,0.717505,0.874645,0.717219,0.67914,0.624315
0.733276,0.674994,0.505844,0.186794,0.185031,0.228381,0.48049,0.468901,0.0877136,0.800465,0.824632,0.203871,0.172086,0.12378,0.492241,0.113251,0.486243,0.213728,0.203712,0.0888121	0.348803,0.339686,0.0526746,-0.604078,-0.668982,-0.685183,-0.144454,0.240524,-0.0647621,0.714418,0.713137,-0.436637,-0.43633,-0.712212,-0.640842,-0.659958,-0.694915,-0.621559,-0.567531,-0.611604	0.516604,0.435061,0.465574,0.71068,0.759945,0.789951,0.584383,0.257408,0.151614,0.200981,0.270669,0.588152,0.565923,0.768264,0.861366,0.719437,0.882846,0.737336,0.691318,0.664331
0.691485,0.611295,0.479998,0.17951,0.190239,0.219376,0.416044,0.494992,0.159618,0.800303,0.821025,0.200561,0.20127,0.109095,0.243954,0.0423247,0.454574,0.0706603,0.0438218,-0.0312778	0.299543,0.298232,0.0370504,-0.602812,-0.667178,-0.719391,-0.237152,0.109961,-0.0144112,0.698626,0.62179,-0.465551,-0.380415,-0.691606,-0.630674,-0.643904,-0.712573,-0.724385,-0.669402,-0.706595	0.494332,0.382862,0.450968,0.705933,0.760848,0.810808,0.594536,0.407194,0.17363,0.23062,0.407023,0.609228,0.540314,0.744526,0.758004,0.668023,0.881586,0.756332,0.692898,0.690579
-0.861545,-0.755046,-0.638545,-0.0882204,0.0108807,0.0366772,0.0529365,0.0705324,0.197571,-0.367759,0.226205,0.361367,0.182543,0.328814,-0.288628,-0.17768,0.0761107,0.0245656,-0.0259053,-0.108291	-0.685595,-0.500313,-0.254522,-0.146215,-0.501157,-0.525715,-0.235716,0.259447,0.319658,-0.511856,-0.358333,0.300247,-0.153602,-0.225249,-0.425009,0.254469,0.284343,0.107133,0.244569,0.0044451	-0.42985,-0.40938,-0.458548,0.0587523,0.509261,0.551754,0.285096,-0.192436,-0.130317,0.177512,0.54071,0.0685575,0.326977,0.515856,0.15545,-0.413455,-0.212839,-0.0827857,-0.268771,-0.112682
-0.858162,-0.758958,-0.631288,-0.010014,0.0481706,0.129804,0.371188,0.406264,0.468691,-0.395138,0.246997,0.333395,0.193944,0.318301,-0.320582,-0.1762,0.126651,0.033576,-0.0260968,-0.119525	-0.68699,-0.525979,-0.253314,-0.377911,-0.723783,-0.595394,-0.279646,0.343786,0.35445,-0.530226,-0.347411,0.305746,-0.146593,-0.260669,-0.249595,0.235228,0.522827,0.0511888,0.215748,-0.0141307	-0.417032,-0.387779,-0.449923,0.369295,0.745946,0.673172,0.589629,0.0726204,0.137,0.170893,0.547433,0.0307869,0.331123,0.534612,-0.0771613,-0.395055,-0.424269,-0.0176431,-0.24049,-0.105573
0.406583,0.149211,0.141357,0.0387078,0.111786,0.200305,0.480744,0.504938,0.0943453,0.90013,0.956955,0.235673,0.273902,0.102479,0.550237,0.197435,0.275481,0.0670907,0.0357195,-0.0380896	-0.154822,-0.208941,-0.380609,-0.446983,-0.550407,-0.685695,-0.18025,0.360274,-0.0184622,0.802572,0.828848,-0.44358,-0.404459,-0.780357,-0.90483,-0.732735,-0.83037,-0.650878,-0.644885,-0.642562	0.528159,0.347324,0.495317,0.477431,0.623811,0.779005,0.608283,0.176833,0.112611,0.351457,0.619388,0.614964,0.610705,0.817464,0.971424,0.812612,0.89998,0.687929,0.66528,0.619638
0.413716,0.201409,0.194006,0.0882702,0.0577951,0.142345,0.459685,0.51287,0.092951,0.90096,0.961311,0.220023,0.274263,0.0893822,0.50642,0.218373,0.278095,0.0401473,0.0567152,-0.0171431	-0.132305,-0.246357,-0.272986,-0.37578,-0.537037,-0.731916,-0.182686,0.357352,-0.0320454,0.801866,0.831422,-0.460759,-0.401469,-0.781311,-0.904953,-0.731432,-0.830708,-0.659214,-0.645371,-0.632363	0.517685,0.426598,0.443504,0.449152,0.576926,0.79177,0.592605,0.190416,0.124625,0.357032,0.647035,0.618119,0.608708,0.813857,0.96783,0.818992,0.900722,0.681329,0.677296,0.621962
0.419337,0.229829,0.211173,0.0983967,0.107892,0.178632,0.464789,0.463845,0.0785364,0.886617,0.922079,0.197435,0.241797,0.182046,0.531679,0.29955,0.380925,0.000257914,0.0578696,-0.0663811	-0.0909554,-0.203856,-0.303952,-0.366311,-0.568102,-0.690419,-0.111702,0.34464,0.0020688,0.775532,0.740392,-0.499322,-0.431136,-0.748037,-0.879613,-0.698774,-0.802987,-0.71561,-0.660019,-0.69285	0.491545,0.414276,0.484055,0.44854,0.636952,0.773638,0.548038,0.141887,0.07648,0.355584,0.572603,0.634232,0.609404,0.818607,0.961586,0.825526,0.906602,0.715735,0.691478,0.65667
0.393141,0.205088,0.198652,0.0889151,0.088037,0.175935,0.428449,0.515653,0.162195,0.885596,0.917267,0.195081,0.29928,0.199809,0.612199,0.286092,0.343597,-0.0419153,-0.0707188,-0.147123	-0.120297,-0.216055,-0.308117,-0.367822,-0.574349,-0.724771,-0.178951,0.226877,0.0634153,0.758573,0.647263,-0.524461,-0.35779,-0.722956,-0.829586,-0.668467,-0.81652,-0.762494,-0.730172,-0.753731	0.490252,0.403273,0.47754,0.442273,0.630505,0.798844,0.564146,0.327035,0.0998064,0.387015,0.664564,0.652757,0.593516,0.806293,0.956172,0.801313,0.905949,0.744369,0.695359,0.682265
-0.58921,-0.365588,-0.284043,-0.314036,-0.190293,0.0470626,0.0374311,0.0493683,0.230534,-0.477361,0.0554233,0.292371,-0.0273143,0.265438,0.620783,0.312685,0.708189,0.278703,0.245053,0.0734399	-0.115125,0.116076,0.233787,0.0626874,-0.429414,-0.514168,-0.198492,0.351717,0.429267,-0.611005,-0.518597,0.130968,-0.36539,-0.440354,-0.507765,0.23741,0.316229,0.164385,0.247156,0.0312639	-0.508583,-0.462057,-0.485584,-0.369451,0.260399,0.547971,0.234183,-0.307691,-0.22056,0.188674,0.557983,0.167829,0.341484,0.631929,0.858073,0.0813112,0.505071,0.119806,-0.00223833,0.0422731
-0.556587,-0.365487,-0.276109,-0.150668,0.00521388,0.154969,0.40016,0.413103,0.534411,-0.504432,0.0828452,0.263569,-0.0240029,0.240447,0.698202,0.327228,0.766588,0.315099,0.280074,0.0788665	-0.0878019,0.0803033,0.231463,-0.0637363,-0.629349,-0.576794,-0.212551,0.468876,0.489712,-0.629083,-0.505502,0.137988,-0.366525,-0.472251,-0.297001,0.234146,0.574736,0.143997,0.251653,0.0118955	-0.492872,-0.433079,-0.477082,-0.0877749,0.632487,0.671721,0.564682,-0.0691714,0.0605435,0.182593,0.564698,0.130321,0.345562,0.640023,0.824276,0.100806,0.342952,0.179234,0.0305756,0.0670339
0.808231,0.760337,0.448597,0.556319,0.742789,0.684348,0.79552,0.953199,0.908952,0.932868,0.967043,0.978143,0.904768,0.689238,0.946804,0.813862,0.896524,0.723507,0.639099,0.64055	0.825106,0.620259,0.538516,0.657034,0.831242,0.601269,0.805044,0.94379,0.895233,0.931908,0.965713,0.96701,0.902098,0.690437,0.927688,0.816192,0.876474,0.736512,0.593717,0.592083	-0.0506566,0.265101,-0.11856,-0.158735,-0.23121,0.141166,-0.0264884,0.0937341,0.0736442,0.00734578,0.0201201,0.205678,0.0145248,-0.00228733,0.157122,-0.00693937,0.0935913,-0.0278406,0.0731316,0.0780779
0.742025,0.683352,0.387754,0.536746,0.700535,0.435848,0.503364,0.763534,0.615577,0.87134,0.905754,0.901112,0.826035,0.396601,0.628684,0.55248,0.67894,0.529737,0.445143,0.450353	0.807501,0.570964,0.425198,0.644018,0.654371,0.495509,0.622335,0.777239,0.657168,0.857681,0.857917,0.847349,0.819271,0.48508,0.734193,0.509757,0.577235,0.299074,0.215296,0.135773	-0.163358,0.184293,-0.0448361,-0.163941,0.0852386,-0.0760949,-0.17324,-0.0337105,-0.0698451,0.0540579,0.214578,0.227379,0.0209239,-0.109556,-0.195958,0.0594723,0.167253,0.274086,0.254211,0.335068
0.784225,0.711576,0.432754,0.567748,0.692951,0.500534,0.523059,0.761386,0.587029,0.870179,0.906383,0.904617,0.788878,0.348758,0.293446,0.471921,0.723244,0.465919,0.31828,0.362736	0.840502,0.617434,0.480904,0.681444,0.649941,0.394951,0.587008,0.602506,0.598557,0.843623,0.780801,0.812753,0.827894,0.570143,0.780126,0.62734,0.668507,0.00586587,-0.0862527,-0.161366	-0.165106,0.167915,-0.0608041,-0.185441,0.0782542,0.131598,-0.0922841,0.293538,-0.0177731,0.0998742,0.429642,0.34696,-0.112475,-0.276331,-0.63117,-0.220782,0.105977,0.461314,0.393724,0.495121
-0.899904,-0.766146,-0.647585,-0.625388,-0.263627,-0.190051,0.0283427,0.192357,-0.40253,-0.474911,-0.0469674,-0.524374,-0.560023,-0.644518,-0.830937,-0.682439,-0.768894,-0.663217,-0.648561,-0.618584	-0.602584,-0.384471,0.145811,0.164346,0.183847,0.336832,0.377273,0.66692,-0.161451,-0.547947,-0.475932,-0.0590216,-0.233238,0.0201433,0.267541,0.214467,0.273122,0.138198,0.0552632,-0.00340701	-0.649549,-0.541045,-0.724944,-0.71613,-0.426789,-0.495184,-0.352702,-0.544404,-0.257835,0.0987269,0.438773,-0.480215,-0.375883,-0.656142,-0.89869,-0.782394,-0.861169,-0.734128,-0.679471,-0.616476
-0.876943,-0.764061,-0.646263,-0.449748,0.271973,0.0704405,0.476718,0.574148,-0.314395,-0.505801,-0.0318357,-0.528075,-0.564825,-0.632321,-0.847004,-0.683756,-0.786298,-0.671889,-0.648678,-0.59356	-0.541401,-0.40644,0.102569,0.176083,0.102843,0.353554,0.491995,0.781585,-0.274096,-0.571312,-0.466546,-0.0460707,-0.225584,0.0194269,0.281096,0.175119,0.270876,-0.0515743,0.0178287,0.110039	-0.638858,-0.518701,-0.70228,-0.579906,0.173996,-0.290344,-0.0199585,-0.3763,-0.0440989,0.0921351,0.441265,-0.494023,-0.388778,-0.643839,-0.911162,-0.767031,-0.871544,-0.642582,-0.658886,-0.660461
0.810201,0.768621,0.67979,0.71969,0.785703,0.449257,0.503788,0.755132,0.598874,0.870336,0.907967,0.892531,0.822007,0.394977,0.615143,0.567114,0.637749,0.544806,0.404032,0.375845	0.856224,0.796427,0.629381,0.724882,0.650743,0.592206,0.612569,0.779298,0.65791,0.857678,0.861559,0.851359,0.818183,0.482231,0.739789,0.521325,0.564634,0.298018,0.219303,0.125443	-0.15026,-0.0716914,0.0881047,-0.0108549,0.276156,-0.194767,-0.157336,-0.0587216,-0.0974193,0.0499228,0.213142,0.171453,0.0116794,-0.107784,-0.228741,0.0650094,0.11426,0.294624,0.202688,0.262791
0.824764,0.751705,0.664408,0.680151,0.767695,0.502307,0.520418,0.753764,0.569651,0.869263,0.908237,0.895905,0.785634,0.353022,0.28532,0.488905,0.681229,0.478549,0.284083,0.304228	0.862962,0.797677,0.624498,0.693537,0.63385,0.48169,0.574196,0.605736,0.597511,0.843704,0.783877,0.817065,0.827634,0.573249,0.782149,0.641181,0.654492,0.00238714,-0.0817941,-0.156063	-0.132514,-0.114819,0.0682135,-0.0253388,0.260705,0.0271977,-0.0766967,0.272401,-0.0422359,0.0958685,0.431723,0.294191,-0.120074,-0.276102,-0.639554,-0.221808,0.0482494,0.476707,0.357568,0.439428
-0.921487,-0.841672,-0.687455,-0.589652,-0.244317,-0.163973,0.0084215,0.186534,-0.412472,-0.481021,-0.0457838,-0.535573,-0.562222,-0.647505,-0.820154,-0.698955,-0.77701,-0.661802,-0.659366,-0.614038	-0.703601,-0.551651,-0.0863614,0.23481,0.134277,0.441722,0.344933,0.669427,-0.165575,-0.552716,-0.47467,-0.0655368,-0.236674,0.0170731,0.283546,0.18426,0.256043,0.127164,0.0595272,0.0107245	-0.619625,-0.541397,-0.639033,-0.724193,-0.366569,-0.564787,-0.337492,-0.551796,-0.264995,0.0976599,0.438414,-0.487134,-0.375515,-0.657311,-0.89546,-0.782445,-0.861633,-0.727723,-0.691742,-0.620675
-0.917699,-0.83089,-0.678599,-0.456314,0.310142,0.108704,0.469147,0.565633,-0.319482,-0.513119,-0.0283989,-0.53612,-0.56608,-0.632646,-0.843855,-0.705758,-0.792827,-0.6772,-0.668922,-0.643142	-0.701627,-0.546427,-0.101021,0.128878,0.0652033,0.474413,0.47345,0.783216,-0.270167,-0.577255,-0.46414,-0.0469269,-0.228271,0.0229272,0.268634,0.130758,0.256962,-0.0734202,-0.00522855,-0.0083123	-0.606743,-0.521014,-0.620087,-0.552689,0.249994,-0.385595,-0.00553194,-0.390643,-0.0539745,0.091128,0.441562,-0.501818,-0.387939,-0.6462,-0.906905,-0.765842,-0.872116,-0.63537,-0.666023,-0.638242
0.79642,0.704442,0.550499,0.619658,0.598445,0.445135,0.529939,0.681928,0.424091,0.830466,0.829971,0.82752,0.732189,0.231605,0.156543,0.260453,0.473984,0.367253,0.304507,0.293163	0.78949,0.722718,0.561005,0.627954,0.600933,0.283265,0.475984,0.5155,0.396533,0.817416,0.752092,0.79152,0.780713,0.359608,0.525577,0.465828,0.525678,0.12127,0.106198,0.0469762	0.0186689,-0.0372313,-0.0152004,-0.0135806,-0.00388525,0.185226,0.0721559,0.256648,0.0331295,0.0406353,0.207243,0.104347,-0.113275,-0.139633,-0.402119,-0.233733,-0.0688481,0.257449,0.204937,0.249624
-0.903579,-0.809759,-0.715693,-0.59693,-0.293316,-0.196032,0.0612691,0.163646,-0.364092,-0.470028,-0.0642645,-0.526575,-0.544781,-0.620384,-0.815659,-0.711352,-0.779027,-0.731009,-0.6744,-0.687414	-0.649504,-0.481851,-0.109072,0.197349,0.180891,0.263057,0.308703,0.599967,-0.146581,-0.534938,-0.450338,-0.00733936,-0.193799,0.00861669,0.157067,0.173905,0.251956,0.0408904,0.0632201,-0.0576758	-0.615014,-0.537716,-0.657984,-0.710571,-0.450314,-0.436575,-0.252204,-0.483824,-0.229774,0.0867124,0.39758,-0.52125,-0.392413,-0.625656,-0.862259,-0.7878,-0.861824,-0.749496,-0.707457,-0.655736
-0.892827,-0.801445,-0.712552,-0.429364,0.251008,0.057273,0.521032,0.534428,-0.219961,-0.497791,-0.0450246,-0.534279,-0.545446,-0.608022,-0.847933,-0.711743,-0.781189,-0.725369,-0.681148,-0.70327	-0.62656,-0.485376,-0.130861,0.151672,0.112895,0.27048,0.413025,0.718781,-0.200425,-0.556131,-0.43868,-0.00180111,-0.18253,0.00154707,0.180962,0.132584,0.303693,-0.0834899,0.0112154,-0.0528467	-0.604341,-0.5173,-0.641508,-0.545511,0.142141,-0.216562,0.137624,-0.299339,-0.0204369,0.0806729,0.401588,-0.532991,-0.403043,-0.608996,-0.89202,-0.771522,-0.876856,-0.683258,-0.687114,-0.67553
-0.896691,-0.801475,-0.701825,-0.603769,-0.309861,-0.260261,0.00285287,0.0216284,-0.334077,-0.462542,-0.110525,-0.546862,-0.530913,-0.577082,-0.741629,-0.672971,-0.785627,-0.790308,-0.741555,-0.744753	-0.617247,-0.45851,-0.0705211,0.17106,0.157409,0.327878,0.29252,0.605636,-0.0956488,-0.520323,-0.428051,2.38827e-05,-0.231469,-0.00359583,0.146343,0.181614,0.237719,-0.0575981,-0.068235,-0.119992	-0.625826,-0.542225,-0.664176,-0.702295,-0.445539,-0.541897,-0.289909,-0.591759,-0.246298,0.0760951,0.333295,-0.546879,-0.341398,-0.574678,-0.801034,-0.761512,-0.862304,-0.767653,-0.709206,-0.686071
-0.885027,-0.794666,-0.698946,-0.445536,0.195561,-0.0308616,0.449501,0.363417,-0.189637,-0.498784,-0.0929615,-0.550793,-0.544479,-0.561922,-0.776465,-0.673747,-0.79308,-0.783788,-0.744863,-0.760848	-0.592983,-0.467459,-0.0961254,0.117695,0.0619779,0.336245,0.398023,0.721018,-0.153381,-0.549386,-0.416056,0.0110103,-0.240622,-0.0100826,0.253006,0.138793,0.271551,-0.150094,-0.111846,-0.127235	-0.614577,-0.520593,-0.646239,-0.535169,0.135222,-0.363337,0.0626946,-0.484574,-0.0373418,0.0697024,0.336094,-0.558417,-0.349669,-0.554984,-0.860438,-0.743056,-0.875979,-0.718182,-0.690547,-0.701524
0.867247,0.772245,0.821585,0.579584,0.693481,0.743314,0.670931,0.719914,0.766169,0.65412,0.887208,0.903092,0.765186,0.678463,0.215323,0.493014,0.589891,0.384307,0.37854,0.236258	0.797172,0.705099,0.795707,0.154681,0.0362184,0.440182,0.340334,0.44881,0.521951,0.670056,0.888103,0.938797,0.770699,0.628389,0.694486,0.478594,0.747301,0.313487,0.348852,0.21451	0.227034,0.147415,0.0747381,0.466748,0.674196,0.450549,0.428424,0.400511,0.406964,-0.0283713,-0.00422132,-0.234623,-0.0134368,0.0872881,-0.563416,0.0188739,-0.281505,0.080521,0.0342053,0.022909
-0.519978,-0.395534,-0.117882,-0.0640712,-0.0767283,-0.0140265,0.0737478,0.0927731,0.000938201,0.58973,0.758364,-0.0635319,0.165132,-0.0300867,-0.673474,0.271237,-0.394142,-0.280795,-0.22803,-0.193028	-0.574389,-0.36044,-0.529583,-0.643611,-0.704096,-0.828096,-0.539836,-0.358359,-0.576825,-0.0990263,0.00971139,-0.877394,-0.790307,-0.849499,-0.936828,-0.823866,-0.930137,-0.767674,-0.759829,-0.725009	0.0775827,-0.0409286,0.439114,0.604466,0.663196,0.823637,0.590091,0.436616,0.57745,0.650753,0.754208,0.861907,0.845144,0.840905,0.713559,0.895085,0.846226,0.620669,0.643251,0.618544
-0.591236,-0.621086,-0.444908,-0.0343432,-0.069388,-0.0810554,0.073379,0.0987222,-0.0021773,0.589667,0.761207,-0.0800035,0.198699,-0.00475422,-0.676533,0.267466,-0.370588,-0.313486,-0.229707,-0.162533	-0.591207,-0.52316,-0.531251,-0.589152,-0.676037,-0.868007,-0.535037,-0.357878,-0.581015,-0.109421,0.0179597,-0.884457,-0.785116,-0.846591,-0.937228,-0.827736,-0.92865,-0.77835,-0.7639,-0.718968	-4.45239e-05,-0.14506,0.113067,0.566267,0.636507,0.84651,0.585431,0.441019,0.579571,0.656715,0.753549,0.865711,0.85105,0.845239,0.712409,0.896684,0.850895,0.614901,0.647879,0.630062
-0.560256,-0.587118,-0.436003,-0.0173508,-0.0405053,-0.0682126,-0.0276922,0.0181296,-0.00887024,0.572872,0.705832,-0.0938421,0.155774,0.051973,-0.4019,0.24828,-0.272421,-0.24221,-0.180929,-0.173211	-0.532574,-0.454503,-0.565263,-0.581246,-0.698339,-0.842111,-0.488087,-0.332892,-0.563461,-0.156124,-0.284379,-0.895157,-0.801485,-0.826438,-0.886918,-0.78814,-0.905315,-0.8053,-0.76572,-0.763215	-0.0394546,-0.180882,0.171537,0.56964,0.676983,0.821062,0.466702,0.348915,0.557377,0.669148,0.824678,0.874801,0.85101,0.842235,0.753663,0.866804,0.84008,0.699535,0.678839,0.679882
-0.530788,-0.537821,-0.414965,-0.025096,-0.0693992,-0.0627779,0.0413767,0.0690896,0.0126106,0.551824,0.665673,-0.0874854,0.232184,0.10119,-0.0107423,0.366615,-0.292123,-0.133047,-0.152765,-0.136946	-0.548484,-0.439393,-0.561079,-0.582129,-0.703916,-0.860353,-0.53836,-0.425184,-0.515541,-0.22328,-0.465087,-0.900349,-0.770998,-0.806918,-0.783777,-0.755911,-0.919535,-0.824489,-0.807846,-0.798983	0.0249643,-0.128886,0.190458,0.565292,0.667106,0.843113,0.567104,0.480168,0.52474,0.690078,0.863442,0.882365,0.850866,0.839557,0.779599,0.878945,0.857843,0.776636,0.747307,0.743375
0.62818,0.587631,0.513211,-0.375541,-0.237873,0.0169281,-0.0234234,-0.0397833,0.0708199,-0.346714,-0.489566,-0.325204,-0.460987,-0.194847,0.775198,0.651923,0.634119,0.275649,0.284378,0.19389	-0.22455,0.00113947,0.0111897,-0.376986,-0.570971,-0.681743,-0.512561,-0.407565,-0.232568,-0.944694,-0.956792,-0.763355,-0.874957,-0.620319,-0.285797,0.0939185,0.0482794,-0.114195,0.0950329,-0.167477	0.747315,0.586885,0.504921,0.00168228,0.385449,0.6907,0.495081,0.373844,0.298472,0.889241,0.878925,0.582839,0.693817,0.483968,0.868565,0.594399,0.604342,0.377948,0.194604,0.350002
0.638323,0.601579,0.521597,-0.206256,-0.0383777,0.0446841,0.0738094,0.0437569,0.143221,-0.350191,-0.4806,-0.307745,-0.482303,-0.206369,0.849045,0.657295,0.621702,0.309625,0.321474,0.207239	-0.213533,-0.012672,0.0107118,-0.416154,-0.721498,-0.735514,-0.555164,-0.229894,-0.0472403,-0.946131,-0.955913,-0.750014,-0.88119,-0.64666,-0.0758038,0.0920696,0.281427,-0.111382,0.101179,-0.191405	0.749673,0.609604,0.513756,0.229606,0.702574,0.755372,0.604215,0.270926,0.189181,0.891228,0.879251,0.574983,0.693717,0.508097,0.868924,0.601635,0.412437,0.406971,0.227701,0.383434
0.502354,0.340535,0.0362867,0.515353,0.749353,0.688216,0.754598,0.928967,0.898241,0.800343,0.8765,0.978909,0.898949,0.685813,0.930601,0.849007,0.892629,0.697705,0.592665,0.616983	0.651436,0.59426,0.593343,0.637677,0.808602,0.585914,0.749328,0.922782,0.885068,0.79092,0.888173,0.961176,0.89184,0.676948,0.910936,0.860988,0.867337,0.711781,0.56075,0.561559	-0.221601,-0.318098,-0.569313,-0.182201,-0.150349,0.171428,0.0121261,0.0433245,0.0642567,0.0256773,-0.0526985,0.300068,0.0358526,0.0165476,0.12914,-0.0445395,0.112016,-0.0279616,0.0478011,0.0848072
0.344295,0.163024,-0.0132793,0.496719,0.687518,0.404013,0.275245,0.561523,0.550921,0.50835,0.685772,0.893962,0.817238,0.37203,0.575843,0.546894,0.59388,0.514417,0.366553,0.433255	0.57179,0.472995,0.408793,0.625243,0.620874,0.468035,0.482512,0.636629,0.586575,0.398776,0.239643,0.819043,0.796288,0.468536,0.590749,0.553494,0.517756,0.215014,0.115556,0.0697722	-0.283258,-0.33587,-0.419793,-0.186421,0.116278,-0.0789517,-0.239009,-0.116894,-0.0526776,0.137434,0.533865,0.279747,0.0599857,-0.116879,-0.0225898,-0.0094652,0.109923,0.336638,0.262099,0.374813
0.530789,0.328911,0.0729987,0.532537,0.680898,0.477386,0.378737,0.536096,0.45379,0.515003,0.704156,0.903818,0.772427,0.329004,0.264766,0.500796,0.678983,0.50696,0.355284,0.433724	0.634688,0.527423,0.477164,0.665,0.619776,0.362771,0.41517,0.366954,0.549344,0.313675,-0.0161169,0.782588,0.81514,0.5549,0.539228,0.683723,0.620855,-0.0752263,-0.191913,-0.216402	-0.156683,-0.240177,-0.418752,-0.205095,0.105748,0.138621,-0.0432311,0.210565,-0.127284,0.240117,0.71219,0.414205,-0.115327,-0.276347,-0.320172,-0.278176,0.10049,0.560799,0.512268,0.594342
-0.399851,-0.106076,-0.210164,-0.610884,-0.299213,-0.225239,-0.00839467,0.208467,-0.579731,-0.30322,-0.53831,-0.788791,-0.656025,-0.735297,-0.855982,-0.711702,-0.856864,-0.744605,-0.730423,-0.620642	-0.752139,-0.504939,-0.111347,0.0234309,0.0826869,0.25567,0.0603164,0.220227,-0.287033,-0.888702,-0.940351,-0.421634,-0.426575,-0.0803566,-0.559776,0.239129,-0.216844,-0.269933,-0.205012,-0.142873	0.503804,0.421436,-0.101185,-0.625364,-0.37268,-0.454723,-0.0686763,-0.0123265,-0.351126,0.80145,0.814178,-0.550115,-0.318611,-0.696068,-0.568707,-0.812545,-0.786078,-0.594077,-0.617946,-0.524256
-0.351463,-0.100672,-0.223274,-0.45446,0.291206,0.0225176,0.334358,0.32486,-0.727852,-0.327751,-0.55304,-0.780893,-0.667541,-0.719545,-0.865337,-0.709736,-0.875304,-0.753234,-0.729039,-0.585721	-0.728227,-0.514523,-0.128273,0.073299,0.0414357,0.288975,0.269758,0.598727,-0.477078,-0.895014,-0.942239,-0.400169,-0.430684,-0.0775749,-0.547349,0.183024,-0.23765,-0.382891,-0.234802,-0.0454358	0.506366,0.436459,-0.0978023,-0.510746,0.252821,-0.268202,0.0710042,-0.339997,-0.384178,0.80274,0.812687,-0.553772,-0.33243,-0.679923,-0.604127,-0.790124,-0.805134,-0.520441,-0.596313,-0.555056
0.541882,0.506308,0.480003,0.699322,0.764717,0.416747,0.269314,0.554109,0.534738,0.498723,0.700076,0.882603,0.810845,0.367743,0.562396,0.564192,0.549326,0.531866,0.32415,0.356864	0.622155,0.590925,0.366253,0.703209,0.639856,0.58178,0.481609,0.635498,0.585893,0.397943,0.241195,0.827519,0.79769,0.47352,0.597225,0.554444,0.507396,0.21393,0.105483,0.0637067	-0.1211,-0.120742,0.138013,-0.00764896,0.244495,-0.217853,-0.243934,-0.125627,-0.0744945,0.125733,0.552106,0.204296,0.0372459,-0.12808,-0.0524441,0.0141856,0.0581335,0.358756,0.226409,0.299977
0.678051,0.594642,0.488262,0.659355,0.74471,0.475441,0.368058,0.530246,0.437495,0.506686,0.715336,0.892207,0.767607,0.331083,0.256568,0.520087,0.631048,0.522979,0.316907,0.367191	0.627681,0.545891,0.341286,0.668585,0.623267,0.46421,0.409871,0.367372,0.546908,0.313944,-0.0186138,0.791608,0.818358,0.566457,0.543737,0.685692,0.60831,-0.0792119,-0.197988,-0.209662	0.0876923,0.0721809,0.176365,-0.0165054,0.226637,0.0144124,-0.0492425,0.202278,-0.143827,0.229201,0.724306,0.342496,-0.136493,-0.289707,-0.333726,-0.257398,0.0369053,0.578237,0.484496,0.535618
-0.504053,-0.46929,-0.303239,-0.575219,-0.272016,-0.19215,-0.0371864,0.200098,-0.58623,-0.316875,-0.543473,-0.792855,-0.654307,-0.733309,-0.844088,-0.738218,-0.864742,-0.745343,-0.746766,-0.620851	-0.818561,-0.759636,-0.473525,0.0313022,0.0678442,0.390206,0.034399,0.217493,-0.291998,-0.891509,-0.941863,-0.417059,-0.418686,-0.0587808,-0.528144,0.174641,-0.230938,-0.280588,-0.232056,-0.121311	0.535422,0.451191,0.198838,-0.595793,-0.333702,-0.541737,-0.071494,-0.018186,-0.355,0.80088,0.816168,-0.561448,-0.324525,-0.704913,-0.57009,-0.808611,-0.791959,-0.587654,-0.622602,-0.540228
-0.494547,-0.464218,-0.307255,-0.460647,0.326972,0.0672404,0.316548,0.315827,-0.7272,-0.343645,-0.550976,-0.781537,-0.664342,-0.714887,-0.862191,-0.743148,-0.881469,-0.761783,-0.756948,-0.644648	-0.814204,-0.765481,-0.474987,-0.0145866,0.0239874,0.431106,0.258227,0.595346,-0.472048,-0.898268,-0.942538,-0.386611,-0.420811,-0.0492574,-0.538864,0.101333,-0.247707,-0.407772,-0.292175,-0.149377	0.535137,0.467328,0.196393,-0.449077,0.305379,-0.374729,0.0635123,-0.344246,-0.388521,0.802273,0.814594,-0.565918,-0.338031,-0.689924,-0.603902,-0.785341,-0.810796,-0.513531,-0.596751,-0.548045
0.564781,0.470393,0.288162,0.592587,0.571245,0.412174,0.38105,0.425756,0.266968,0.313141,0.279783,0.813314,0.702617,0.206811,0.0913285,0.272392,0.388125,0.37485,0.321459,0.329179	0.434368,0.345901,0.256344,0.597985,0.576116,0.23918,0.216054,0.207772,0.329179,0.223973,-0.000907941,0.770542,0.770146,0.330338,0.334963,0.453146,0.410469,0.074956,0.0255374,0.016562	0.172805,0.148684,0.034356,-0.00836103,-0.00726139,0.191914,0.179799,0.239138,-0.0682042,0.0958936,0.28062,0.114576,-0.147158,-0.132585,-0.251323,-0.206207,-0.026578,0.308563,0.298371,0.31433
-0.397357,-0.38826,-0.364002,-0.585319,-0.325165,-0.23283,0.0384609,0.161598,-0.543278,-0.276268,-0.454157,-0.767412,-0.642905,-0.723503,-0.807945,-0.744548,-0.870773,-0.794094,-0.750151,-0.698921	-0.793194,-0.73251,-0.489907,0.0048564,0.0975659,0.176338,-0.0567753,0.114164,-0.260223,-0.872902,-0.904275,-0.305485,-0.373573,-0.109794,-0.411477,0.0608446,-0.297952,-0.233814,-0.180738,-0.152493	0.578018,0.481067,0.153231,-0.588502,-0.409732,-0.393031,0.0950287,0.0483256,-0.32966,0.786239,0.763795,-0.603379,-0.354464,-0.666666,-0.593916,-0.770488,-0.773506,-0.688026,-0.658723,-0.611614
-0.369727,-0.381513,-0.374868,-0.436086,0.259239,0.00768767,0.400693,0.267689,-0.65952,-0.290261,-0.456855,-0.764659,-0.648889,-0.707548,-0.835366,-0.741425,-0.873352,-0.786623,-0.755643,-0.708093	-0.78181,-0.737923,-0.498886,0.0140972,0.0601188,0.201352,0.122958,0.436901,-0.373801,-0.87867,-0.904363,-0.296359,-0.37007,-0.112728,-0.424757,0.0168009,-0.249443,-0.315359,-0.229586,-0.151606	0.579628,0.496066,0.152547,-0.447433,0.202273,-0.193965,0.292128,-0.191624,-0.379204,0.789857,0.762576,-0.605519,-0.366932,-0.646376,-0.636432,-0.748897,-0.797687,-0.626739,-0.636476,-0.623411
-0.346528,-0.312817,-0.328179,-0.589081,-0.342127,-0.298722,-0.0467211,-0.0579593,-0.529898,-0.262293,-0.477241,-0.771946,-0.638461,-0.694703,-0.663142,-0.692202,-0.878992,-0.831387,-0.796351,-0.747063	-0.750442,-0.672091,-0.448509,-0.0120722,0.0680427,0.246631,-0.00904541,0.084588,-0.28643,-0.867867,-0.888863,-0.285377,-0.432038,-0.109136,-0.155921,0.168668,-0.281431,-0.162304,-0.145538,-0.0970747	0.545866,0.454915,0.141098,-0.581142,-0.400839,-0.507931,-0.0376916,-0.141852,-0.287033,0.784052,0.714871,-0.624043,-0.285052,-0.633605,-0.565714,-0.770869,-0.79397,-0.77345,-0.73613,-0.700811
-0.321567,-0.308929,-0.338822,-0.450609,0.19731,-0.0822548,0.277446,0.0258749,-0.644506,-0.291275,-0.479093,-0.765857,-0.658091,-0.675519,-0.695718,-0.689644,-0.885981,-0.823895,-0.798412,-0.757013	-0.739067,-0.680311,-0.457136,-0.0138566,0.00527672,0.269583,0.177696,0.405888,-0.38819,-0.87627,-0.888179,-0.267798,-0.450467,-0.111476,-0.112032,0.114978,-0.254607,-0.249236,-0.195316,-0.0991705	0.547656,0.470204,0.139998,-0.439497,0.192234,-0.344205,0.104923,-0.384047,-0.341841,0.785476,0.712097,-0.626565,-0.295109,-0.609976,-0.633026,-0.745507,-0.815283,-0.723154,-0.71452,-0.711237
0.965635,0.913982,0.913256,0.576814,0.684203,0.734488,0.525628,0.405603,0.382348,0.757988,0.862065,0.88801,0.703191,0.620003,0.418919,0.624223,0.478196,0.359108,0.39752,0.327353	0.954612,0.885661,0.91108,0.212811,0.0339939,0.46214,0.401888,0.625941,0.562747,0.741185,0.882269,0.899538,0.720835,0.549699,0.768407,0.610557,0.70569,0.300827,0.368143,0.306598	0.140967,0.148649,0.0129547,0.414937,0.665692,0.412296,0.15688,-0.295314,-0.229856,0.0383467,-0.0843834,-0.0572936,-0.0357802,0.106653,-0.515394,0.0220819,-0.343366,0.0653388,0.0344137,0.023071
0.71837,0.70495,0.342927,0.515017,0.747929,0.696239,0.749409,0.926297,0.899699,0.712087,0.81984,0.978512,0.895465,0.690366,0.950556,0.830589,0.895768,0.707915,0.628637,0.634108	0.753841,0.608278,0.516266,0.650188,0.806878,0.579842,0.744944,0.924911,0.884344,0.688882,0.840014,0.958889,0.8945,0.6876,0.928053,0.839897,0.876168,0.709566,0.598349,0.599908	-0.0773694,0.169246,-0.210629,-0.203221,-0.14867,0.195201,0.0101076,0.00966939,0.0751371,0.0455481,-0.0647985,0.317956,0.00485011,0.00526691,0.190966,-0.0307837,0.0910963,-0.00331603,0.0485493,0.0551968
0.618221,0.585419,0.268579,0.491902,0.679191,0.413091,0.312242,0.594599,0.55259,0.201544,0.471004,0.89532,0.815572,0.364645,0.601088,0.493716,0.61607,0.534332,0.423004,0.489099	0.728217,0.558403,0.383085,0.643212,0.629646,0.461989,0.46207,0.607527,0.579397,0.0748049,-0.151552,0.81723,0.791396,0.483974,0.723694,0.513784,0.559974,0.276873,0.205923,0.150528	-0.200065,0.0401361,-0.127638,-0.221342,0.0865628,-0.0604312,-0.17509,-0.0202378,-0.0394308,0.128679,0.581078,0.291036,0.0681854,-0.144901,-0.217004,-0.0268893,0.0856402,0.302161,0.237794,0.365479
0.706542,0.642415,0.331631,0.527918,0.677733,0.486974,0.375592,0.525001,0.443279,0.244402,0.552335,0.905285,0.761827,0.313383,0.23738,0.416489,0.690141,0.494704,0.399811,0.470975	0.767808,0.603828,0.44675,0.677931,0.620282,0.361228,0.392611,0.334288,0.548196,-0.00811868,-0.363208,0.7823,0.819136,0.578295,0.774048,0.647641,0.660708,-0.00924435,-0.102675,-0.143231	-0.133912,0.0630415,-0.13514,-0.233625,0.0991193,0.152587,-0.0199619,0.231308,-0.138596,0.25202,0.762563,0.421474,-0.152434,-0.323547,-0.657475,-0.316532,0.0541033,0.501655,0.482672,0.575391
-0.758016,-0.593222,-0.510819,-0.429512,-0.193139,-0.225495,0.00552188,0.262947,-0.616671,-0.133978,-0.354443,-0.76094,-0.568882,-0.73471,-0.923913,-0.813852,-0.887751,-0.728432,-0.726312,-0.627775	-0.711849,-0.421139,-0.0494604,0.0595226,0.108345,0.255437,0.0228161,0.16423,-0.301227,-0.906321,-0.960469,-0.390123,-0.423973,-0.0664888,-0.0868559,0.0804885,0.0957166,0.0601372,0.0216056,0.0348411	-0.100275,-0.229391,-0.473318,-0.476843,-0.295305,-0.454739,-0.0172964,0.103172,-0.387407,0.879089,0.918823,-0.527372,-0.190968,-0.702541,-0.910089,-0.839358,-0.906445,-0.755475,-0.736362,-0.648434
-0.742948,-0.599208,-0.52319,-0.367539,0.300746,0.00967884,0.31141,0.318098,-0.782289,-0.163807,-0.391684,-0.751061,-0.576723,-0.716606,-0.930572,-0.81354,-0.902674,-0.746047,-0.735432,-0.596686	-0.690763,-0.442322,-0.0749935,0.10809,0.0639369,0.288835,0.245204,0.565757,-0.516685,-0.912073,-0.962708,-0.366508,-0.426189,-0.0638986,-0.0667109,0.0254234,0.081924,-0.130408,-0.0221293,0.149774	-0.1072,-0.213463,-0.4665,-0.457455,0.241452,-0.279939,0.0716785,-0.302012,-0.445792,0.879697,0.916686,-0.530616,-0.199593,-0.684029,-0.921038,-0.821963,-0.9168,-0.68199,-0.725103,-0.685223
0.723723,0.713795,0.622775,0.691392,0.753611,0.421861,0.304699,0.58822,0.535821,0.185971,0.494037,0.883148,0.810914,0.361369,0.586679,0.510996,0.574479,0.54798,0.383099,0.419856	0.795441,0.783191,0.571942,0.705574,0.64604,0.586911,0.458163,0.602595,0.580613,0.0775639,-0.14879,0.827002,0.787814,0.483378,0.731434,0.518398,0.545039,0.285035,0.197768,0.131743	-0.16902,-0.157374,0.0789567,-0.0276886,0.209634,-0.219363,-0.178364,-0.022269,-0.0650201,0.109994,0.59881,0.208229,0.0639629,-0.147833,-0.253565,-0.0100692,0.0428601,0.311618,0.200523,0.304983
0.77606,0.71586,0.614447,0.653714,0.741142,0.480441,0.36284,0.520196,0.426674,0.232249,0.568038,0.892813,0.758457,0.316257,0.230132,0.435874,0.646179,0.506044,0.363148,0.409992	0.800898,0.773796,0.561116,0.668197,0.62386,0.472654,0.384293,0.331303,0.54765,-0.00331029,-0.366827,0.792696,0.816748,0.583401,0.778857,0.653611,0.644101,-0.0065786,-0.106878,-0.14561	-0.065631,-0.12988,0.0813945,-0.0257167,0.218145,0.0100743,-0.0249292,0.228226,-0.157864,0.235379,0.773657,0.34255,-0.153185,-0.327584,-0.668558,-0.304481,0.00356003,0.510921,0.452465,0.524302
-0.801966,-0.734501,-0.561531,-0.385453,-0.16323,-0.19155,-0.025385,0.254158,-0.621824,-0.149354,-0.358275,-0.76407,-0.570519,-0.734356,-0.909688,-0.838778,-0.895684,-0.7244,-0.736728,-0.629625	-0.772664,-0.596258,-0.267207,0.046534,0.0931129,0.407404,-0.00486008,0.157346,-0.303692,-0.908372,-0.961649,-0.379291,-0.427038,-0.0598117,-0.00470363,-0.00208613,0.0595856,0.0862309,-0.00102691,0.0287088	-0.0770389,-0.245963,-0.346282,-0.424375,-0.252505,-0.555597,-0.0205275,0.100845,-0.392195,0.878156,0.920527,-0.541794,-0.189698,-0.705533,-0.908873,-0.838159,-0.90687,-0.762971,-0.736258,-0.646645
-0.803499,-0.747185,-0.565536,-0.364246,0.334385,0.0543954,0.291316,0.309219,-0.780244,-0.182052,-0.383392,-0.750526,-0.576802,-0.713504,-0.925374,-0.844657,-0.909412,-0.747608,-0.755104,-0.649597	-0.772071,-0.621,-0.277585,0.0122074,0.0451944,0.444501,0.230975,0.556965,-0.508322,-0.914702,-0.962706,-0.34687,-0.427725,-0.0494696,-0.0414611,-0.0811363,0.0509599,-0.12569,-0.0767301,0.0106636	-0.0827832,-0.23542,-0.341573,-0.374787,0.293628,-0.399772,0.0646941,-0.299292,-0.450662,0.879029,0.918225,-0.545728,-0.197901,-0.68833,-0.919179,-0.819696,-0.917836,-0.686419,-0.720096,-0.655719
0.729074,0.668832,0.485273,0.593098,0.578393,0.419006,0.372476,0.395626,0.254694,-0.029808,-0.0235762,0.81577,0.684702,0.189858,0.088612,0.176907,0.423735,0.384194,0.359321,0.362748	0.681375,0.657411,0.482886,0.593769,0.569404,0.24873,0.245421,0.208829,0.333642,-0.14008,-0.319592,0.774516,0.770549,0.326772,0.482675,0.393013,0.453564,0.121218,0.0833484,0.0680215	0.0947864,0.0203841,0.00311743,-0.00103582,0.0134029,0.190088,0.139838,0.20362,-0.0862807,0.110734,0.298263,0.112051,-0.181725,-0.14597,-0.411671,-0.232253,-0.0369251,0.275821,0.284493,0.302183
-0.770307,-0.704808,-0.608397,-0.395714,-0.227576,-0.23128,0.0564108,0.200601,-0.579269,-0.115854,-0.268182,-0.734549,-0.552744,-0.729002,-0.920467,-0.848448,-0.902484,-0.781367,-0.744296,-0.697004	-0.753011,-0.577529,-0.303707,0.0158336,0.107232,0.194416,-0.0441367,0.103819,-0.264835,-0.89189,-0.923806,-0.261261,-0.37378,-0.149881,-0.266796,-0.158549,-0.111289,0.0473143,0.00138687,0.0101723	-0.0411869,-0.214653,-0.373749,-0.408985,-0.326832,-0.407378,0.100298,0.0988399,-0.371412,0.865464,0.871548,-0.585686,-0.225567,-0.65016,-0.866451,-0.797129,-0.879533,-0.799138,-0.744914,-0.702198
-0.763774,-0.714989,-0.617435,-0.346118,0.274224,-0.00485783,0.372022,0.247357,-0.721428,-0.130007,-0.279523,-0.730265,-0.555953,-0.709923,-0.945353,-0.846161,-0.906048,-0.781471,-0.758014,-0.704135	-0.742931,-0.599075,-0.321058,0.0247519,0.0731012,0.215531,0.149876,0.45042,-0.401967,-0.897031,-0.924556,-0.250625,-0.370279,-0.150363,-0.316864,-0.195445,-0.0387957,-0.0965433,-0.0581078,0.0218123	-0.0481845,-0.202765,-0.369655,-0.36772,0.205237,-0.220158,0.235263,-0.228523,-0.449939,0.868283,0.869826,-0.587091,-0.233805,-0.626429,-0.897262,-0.779654,-0.898847,-0.740819,-0.732155,-0.714966
-0.73747,-0.679583,-0.584788,-0.397892,-0.240652,-0.296959,-0.0347708,-0.0359587,-0.572408,-0.0958965,-0.320831,-0.739242,-0.548042,-0.702257,-0.897323,-0.823181,-0.907196,-0.825082,-0.787619,-0.741351	-0.705331,-0.534876,-0.262037,0.00984768,0.094452,0.263807,-0.0317001,0.0370748,-0.310539,-0.88693,-0.907868,-0.242534,-0.445686,-0.177079,-0.356727,-0.124199,-0.0787843,-0.00916595,0.00895343,0.0322878	-0.0669787,-0.227346,-0.381158,-0.406148,-0.327657,-0.520027,-0.00307408,-0.0729362,-0.31848,0.864568,0.828297,-0.605218,-0.135437,-0.599761,-0.795111,-0.778583,-0.892178,-0.822134,-0.790995,-0.755554
-0.732551,-0.691618,-0.59528,-0.359217,0.208161,-0.0913898,0.24551,-0.00138922,-0.715966,-0.129558,-0.330544,-0.731504,-0.564666,-0.679247,-0.919217,-0.820827,-0.913356,-0.823254,-0.797363,-0.749292	-0.696438,-0.559938,-0.281572,0.00583798,0.027844,0.283609,0.164715,0.37375,-0.437643,-0.894469,-0.907855,-0.224084,-0.460163,-0.17529,-0.291876,-0.164978,-0.0344302,-0.127031,-0.0504677,0.0382066	-0.0737259,-0.214904,-0.376879,-0.364291,0.181368,-0.365524,0.0842001,-0.374945,-0.405327,0.865172,0.824831,-0.606902,-0.14119,-0.572071,-0.857372,-0.758573,-0.907463,-0.777538,-0.778211,-0.765581
0.920074,0.844907,0.844116,0.564607,0.648951,0.721031,0.505807,0.387719,0.286345,0.777475,0.870095,0.888279,0.752367,0.658854,-0.0649208,0.378842,0.117311,0.0949113,0.157298,0.178667	0.938912,0.810891,0.84289,0.431817,0.108003,0.460296,0.434208,0.704827,0.578032,0.762685,0.891911,0.902139,0.762075,0.586128,0.613666,0.37889,0.466987,0.0884477,0.168356,0.15159	-0.138387,0.108031,0.00424668,0.175603,0.58172,0.390257,0.0917487,-0.436352,-0.349541,0.0363355,-0.0974117,-0.0697704,-0.0227537,0.118479,-0.652588,-5.6018e-05,-0.369943,0.00651834,-0.0113584,0.0278313
0.331646,0.453893,0.481583,0.239872,0.192079,0.11881,-0.0159413,-0.0505284,-0.0689372,-0.0353272,0.0588888,-0.109804,-0.0315581,-0.00599029,0.0143729,0.0472721,-0.139384,0.0221788,-0.067301,-0.0871856	0.0527387,0.225408,0.293576,0.175616,-0.188989,-0.238802,-0.608317,-0.837392,-0.811846,-0.659947,-0.804984,-0.856679,-0.582864,-0.46841,-0.767979,-0.638528,-0.805267,-0.609852,-0.527239,-0.563343	0.283872,0.254525,0.218964,0.0670818,0.36772,0.347746,0.598176,0.821629,0.786952,0.639529,0.824775,0.824426,0.561637,0.463721,0.77381,0.665706,0.750072,0.623597,0.476859,0.500752
0.195867,0.297118,0.366533,0.0895711,0.108855,0.088336,-0.0321719,-0.034865,-0.0842281,-0.0244092,0.0194455,-0.113949,-0.0155841,0.011173,-0.00492858,0.0571159,-0.172473,0.0118212,-0.0535209,-0.0619131	0.164954,0.229465,0.292694,0.132568,-0.230183,-0.296731,-0.617646,-0.87419,-0.811344,-0.672996,-0.852547,-0.885621,-0.604975,-0.424498,-0.82028,-0.593211,-0.785801,-0.687118,-0.64871,-0.667048	0.031945,0.0726032,0.0827125,-0.0435136,0.33075,0.375231,0.597344,0.86571,0.780451,0.659419,0.857773,0.858286,0.595,0.433615,0.818661,0.629015,0.709484,0.693307,0.616597,0.631203
-0.146749,-0.464094,-0.0617828,0.200038,0.100245,0.0274293,-0.0788048,-0.0644269,-0.0818409,-0.0235884,0.00967725,-0.284386,-0.0253087,-0.000451128,-0.101579,-0.0420838,-0.107669,0.0201457,-0.0734861,-0.0577175	-0.886711,-0.846628,-0.504562,-0.522974,-0.712623,-0.531925,-0.752303,-0.909259,-0.906257,-0.944895,-0.975105,-0.982575,-0.90966,-0.689468,-0.943411,-0.81442,-0.883485,-0.717257,-0.641763,-0.617744	0.850652,0.630116,0.457026,0.654538,0.758671,0.551311,0.715943,0.897402,0.89046,0.942309,0.975576,0.968941,0.905191,0.689231,0.931056,0.799746,0.857373,0.726899,0.596404,0.580732
-0.20609,-0.459123,-0.0491966,0.102646,0.0599743,0.0976745,-0.0444414,-0.0714011,-0.0467986,-0.0264338,0.0289366,-0.225559,-0.025271,0.0051395,-0.175602,-0.0611845,-0.108281,0.00912575,-0.107542,-0.206557	-0.887754,-0.849095,-0.500178,-0.553348,-0.693021,-0.456031,-0.692085,-0.88191,-0.907228,-0.946534,-0.975796,-0.980341,-0.912239,-0.686676,-0.952103,-0.819102,-0.88902,-0.730286,-0.662141,-0.682588	0.834306,0.63913,0.462359,0.620737,0.722947,0.530093,0.668195,0.864976,0.89858,0.943712,0.977142,0.969067,0.907898,0.689382,0.932388,0.797906,0.863902,0.734516,0.597119,0.554164
-0.0985354,0.0882623,0.173883,-0.0430956,-0.203239,-0.137085,-0.0654137,-0.238298,-0.395527,-0.268171,-0.382217,-0.223835,-0.319258,-0.215905,-0.309612,-0.332444,-0.439211,0.00531331,0.0881731,0.0559698	0.122931,0.22684,0.276247,0.051808,-0.199605,-0.198496,-0.0926927,-0.465841,-0.414033,-0.327656,-0.559827,-0.342355,-0.372395,-0.158133,-0.446093,-0.228562,-0.351749,-0.225302,-0.180893,-0.201885	-0.218816,-0.141409,-0.107529,-0.0946922,-0.00378777,0.063129,0.0274453,0.255956,0.0221302,0.0652159,0.225961,0.128357,0.0603071,-0.059814,0.158352,-0.112424,-0.103444,0.23034,0.264842,0.254974
0.0835716,-0.308276,-0.118468,0.18097,-0.0858714,-0.00143627,0.0720207,-0.0989147,0.0724925,0.00478593,-0.0519053,-0.129516,0.0329993,0.104554,0.157442,-0.100672,-0.160997,-0.323971,-0.25766,-0.371155	-0.824107,-0.76687,-0.443336,-0.509521,-0.640028,-0.349588,-0.361197,-0.581127,-0.628609,-0.900976,-0.921577,-0.898497,-0.832768,-0.399767,-0.62409,-0.533807,-0.634908,-0.549607,-0.435694,-0.480096	0.849193,0.600574,0.342877,0.632197,0.586384,0.348327,0.422234,0.511621,0.670545,0.901874,0.913362,0.870251,0.842611,0.484088,0.71161,0.457734,0.527869,0.274515,0.200549,0.132561
0.0470202,-0.303846,-0.111459,0.133327,-0.060383,-0.0242664,0.038783,-0.124596,0.176741,0.0208999,-0.0393359,-0.146357,0.0325707,0.100645,0.15076,-0.100197,-0.124963,-0.29993,-0.273021,-0.463632	-0.820824,-0.770537,-0.445739,-0.516595,-0.606662,-0.311312,-0.232859,-0.38656,-0.620212,-0.903698,-0.920894,-0.899504,-0.834757,-0.402226,-0.619807,-0.538144,-0.619323,-0.558419,-0.4605,-0.530074	0.835594,0.609356,0.351756,0.608042,0.567051,0.289231,0.269211,0.27522,0.718224,0.907459,0.914692,0.86733,0.844371,0.483306,0.704717,0.462908,0.53583,0.310493,0.21444,0.0880915
0.137597,-0.262342,-0.0865738,0.184647,-0.118124,-0.147007,-0.058159,-0.425076,0.0958214,0.029474,-0.151776,-0.265442,0.113786,0.266346,0.607267,0.189662,-0.128847,-0.539306,-0.496734,-0.564768	-0.84245,-0.774923,-0.470623,-0.549466,-0.650306,-0.383085,-0.41543,-0.579329,-0.576495,-0.896037,-0.908626,-0.905975,-0.803766,-0.355116,-0.279568,-0.442212,-0.69986,-0.525005,-0.407602,-0.449297	0.878242,0.643375,0.400361,0.666493,0.576464,0.250166,0.366116,0.20465,0.637121,0.901697,0.877922,0.843344,0.840667,0.567761,0.758126,0.58298,0.627608,-0.0199507,-0.111761,-0.154734
0.0944406,-0.261856,-0.0810535,0.118817,-0.163624,-0.160639,-0.0984525,-0.461097,0.189912,0.0222821,-0.144514,-0.268754,0.0951202,0.261578,0.611674,0.186553,-0.102693,-0.521093,-0.504062,-0.63515	-0.839412,-0.780042,-0.473096,-0.563911,-0.64815,-0.346181,-0.299461,-0.397263,-0.568741,-0.900936,-0.907293,-0.905165,-0.810539,-0.356816,-0.262821,-0.448859,-0.695092,-0.533539,-0.4301,-0.500703	0.865259,0.6512,0.407675,0.639856,0.542008,0.196468,0.207114,-0.0781493,0.684698,0.905049,0.877885,0.840997,0.840832,0.565604,0.753381,0.586317,0.637935,0.017239,-0.0944362,-0.197142
0.957178,0.924361,0.940854,0.681886,0.33257,0.629191,0.299321,0.170745,0.827698,0.795059,0.884581,0.956306,0.872041,0.827719,0.928853,0.827265,0.902736,0.806364,0.766858,0.642995	0.966773,0.902766,0.921365,0.727206,0.322847,0.723603,0.567938,0.693016,0.703117,0.769148,0.897788,0.965168,0.885978,0.827553,0.931683,0.812745,0.899761,0.713037,0.746998,0.707918	-0.128568,0.130471,0.146395,-0.0898994,0.0108925,-0.173325,-0.323634,-0.592365,0.298017,0.0667002,-0.0641624,-0.115086,-0.0612893,0.000527523,-0.021019,0.044315,0.0158487,0.219577,0.0464953,-0.119165
-0.353009,-0.270358,-0.266227,-0.19617,-0.330421,-0.21473,-0.049628,-0.228051,-0.366099,-0.255482,-0.39093,-0.203476,-0.30731,-0.222002,-0.297765,-0.360792,-0.372759,0.000641896,0.110883,0.0808165	-0.262438,-0.286732,-0.286092,-0.254197,-0.369041,-0.286776,-0.0848145,-0.455681,-0.388775,-0.312946,-0.569899,-0.323407,-0.356225,-0.155173,-0.435252,-0.256885,-0.288062,-0.233004,-0.157675,-0.168692	-0.099818,0.0177495,0.021503,0.0610727,0.0439834,0.0767735,0.0353353,0.254028,0.0264395,0.0624573,0.230271,0.128379,0.0549281,-0.0692131,0.157959,-0.114521,-0.0948855,0.233611,0.263943,0.246153
0.264709,0.154781,-0.0994996,-0.0228833,-0.178466,-0.0250052,0.119824,-0.079676,0.104774,0.0197134,-0.0562812,-0.057376,0.0492793,0.104462,0.175552,-0.0770103,-0.103082,-0.34205,-0.20673,-0.310318	-0.850414,-0.791865,-0.681678,-0.70561,-0.715357,-0.402033,-0.347921,-0.570311,-0.613406,-0.898513,-0.923478,-0.889714,-0.828425,-0.397276,-0.612036,-0.545648,-0.592562,-0.564948,-0.393605,-0.412294	0.910221,0.843288,0.624539,0.693931,0.615466,0.380857,0.449025,0.513991,0.674811,0.902245,0.91474,0.877113,0.843278,0.481745,0.711176,0.489194,0.521324,0.276289,0.203428,0.116938
0.288952,0.153104,-0.103476,0.0500889,-0.117695,-0.109254,0.0668991,-0.103512,0.192716,0.0378785,-0.0493944,-0.0869742,0.048385,0.0965965,0.183742,-0.0648765,-0.0711563,-0.312001,-0.201062,-0.311746	-0.841893,-0.796918,-0.682723,-0.688114,-0.674305,-0.383327,-0.220806,-0.371856,-0.609268,-0.901327,-0.922691,-0.891991,-0.830045,-0.40041,-0.606473,-0.548501,-0.576574,-0.571952,-0.413405,-0.426305	0.909576,0.846714,0.623279,0.713607,0.604592,0.286053,0.283517,0.279087,0.717713,0.908198,0.914999,0.872722,0.844513,0.478499,0.710986,0.501469,0.52704,0.316415,0.231593,0.132118
0.307673,0.241854,-0.0433695,-0.0284077,-0.210371,-0.16726,-0.0126172,-0.411023,0.123188,0.0441329,-0.156386,-0.194932,0.128783,0.267527,0.60364,0.223552,-0.0600487,-0.553547,-0.459393,-0.514767	-0.846757,-0.765549,-0.650852,-0.674154,-0.711754,-0.424028,-0.395388,-0.570064,-0.560557,-0.893721,-0.910161,-0.896698,-0.80035,-0.358715,-0.272376,-0.457417,-0.654375,-0.538392,-0.368921,-0.390448	0.915833,0.850021,0.625128,0.658355,0.589677,0.27637,0.38469,0.207709,0.63958,0.902267,0.87887,0.850414,0.842315,0.571407,0.752321,0.617795,0.618635,-0.0215882,-0.108935,-0.15559
0.327646,0.233555,-0.050011,0.0174329,-0.223752,-0.234599,-0.0710112,-0.447073,0.203059,0.0390938,-0.15313,-0.210881,0.109403,0.258466,0.62085,0.234054,-0.0370821,-0.532537,-0.452813,-0.528205	-0.837975,-0.770868,-0.651593,-0.666646,-0.696005,-0.404949,-0.278967,-0.385724,-0.556733,-0.898596,-0.908704,-0.897246,-0.806358,-0.360991,-0.255469,-0.462858,-0.648208,-0.545756,-0.386368,-0.406944	0.914529,0.851177,0.621846,0.67622,0.559365,0.188232,0.212159,-0.0741333,0.682622,0.905867,0.877707,0.84654,0.841523,0.566592,0.756355,0.628793,0.626177,0.0186355,-0.0805355,-0.154464
0.973461,0.921529,0.932779,0.713701,0.311242,0.576646,0.3058,0.17851,0.825592,0.79569,0.884902,0.95497,0.87001,0.825723,0.925406,0.847052,0.906722,0.8108,0.785132,0.690432	0.963953,0.908477,0.921622,0.680426,0.289269,0.727339,0.586923,0.698882,0.707925,0.769278,0.90001,0.967363,0.884192,0.828689,0.919834,0.82576,0.904904,0.709558,0.751053,0.679176	0.154283,0.0801656,0.0795072,0.0646901,0.0241474,-0.259554,-0.342617,-0.594546,0.283165,0.0680896,-0.0742147,-0.162642,-0.0614636,-0.00939248,0.0374542,0.0708459,0.0101305,0.23839,0.0830547,0.0211954
0.0429836,0.0788879,0.0450545,-0.00675946,-0.0298564,-0.135937,-0.120119,-0.301576,0.0266683,0.0216821,-0.0874003,-0.103692,0.0732533,0.13558,0.40634,0.244347,0.051512,-0.297902,-0.289347,-0.289512	-0.840921,-0.740451,-0.541398,-0.603039,-0.546083,-0.285931,-0.386597,-0.406358,-0.431586,-0.877013,-0.86991,-0.841629,-0.764639,-0.236464,-0.133904,-0.203803,-0.429284,-0.4002,-0.365195,-0.348048	0.85307,0.77412,0.572488,0.59872,0.524782,0.15606,0.279456,0.119416,0.45304,0.881925,0.8469,0.808494,0.79345,0.360488,0.512366,0.426891,0.470394,0.116145,0.0848102,0.0650955
0.0411883,0.0747068,0.0427365,-0.0240856,-0.0952012,-0.129803,-0.129233,-0.325725,0.0305799,0.00138014,-0.0898037,-0.0955519,0.0562572,0.135564,0.417428,0.241457,0.0391881,-0.295583,-0.289724,-0.302272	-0.835001,-0.746895,-0.54516,-0.606319,-0.558327,-0.236048,-0.251141,-0.155485,-0.452848,-0.884187,-0.868812,-0.839973,-0.770234,-0.238282,-0.11708,-0.215375,-0.423985,-0.417403,-0.381089,-0.358932	0.847057,0.778181,0.574511,0.590862,0.489125,0.109602,0.125998,-0.179322,0.476824,0.884488,0.844932,0.809383,0.792165,0.362148,0.509603,0.434249,0.455603,0.138966,0.102705,0.0635559
0.965921,0.915368,0.942087,0.685716,0.360424,0.631576,0.284604,0.20626,0.782178,0.792744,0.879611,0.961512,0.865967,0.818191,0.908873,0.85213,0.895084,0.827993,0.787162,0.734214	0.965382,0.900535,0.928332,0.694714,0.360901,0.703357,0.521951,0.660457,0.705705,0.773199,0.896515,0.965123,0.879291,0.814687,0.909884,0.837287,0.908525,0.768708,0.760948,0.739515	0.00798555,0.0844324,0.109667,-0.0171838,-0.000548673,-0.129155,-0.278757,-0.525828,0.170694,0.0504995,-0.079957,-0.0501435,-0.0558547,0.0105083,-0.00584449,0.0518024,-0.0719555,0.163089,0.0653711,-0.0115982
0.964516,0.917722,0.94083,0.69861,0.403844,0.666038,0.342853,0.385631,0.777981,0.796035,0.885581,0.961329,0.869391,0.80436,0.859133,0.831975,0.904876,0.855183,0.822043,0.777202	0.964012,0.900246,0.925587,0.694702,0.356927,0.738936,0.573017,0.759266,0.704267,0.766506,0.900893,0.968078,0.869119,0.800671,0.888367,0.81506,0.912486,0.81102,0.799796,0.778869	0.00718088,0.100535,0.118003,0.00759485,0.0548195,-0.143544,-0.286438,-0.528327,0.163051,0.0757484,-0.0757312,-0.0973085,0.0011153,0.0103628,-0.123468,0.0525501,-0.0436571,0.144122,0.0649482,-0.00422464
