0.242023,-0.0770251,0.0229241,0.085109,0.106376,0.0791438,-0.0512332,0.0916137,0.112026,0.0259892,0.0713194,0.160333,0.0299299,0.069957,0.0194928,0.131243,0.00703877,0.0713068,0.0406005,0.0594804	-0.191557,-0.442919,-0.247803,-0.419286,-0.51235,-0.296893,-0.364629,-0.17838,-0.0524662,-0.12511,-0.12574,0.0348793,-0.237608,-0.0747256,-0.309152,-0.300719,-0.234603,-0.343551,-0.545002,-0.522687	0.414369,0.378818,0.269198,0.487016,0.586747,0.367404,0.319362,0.265652,0.163531,0.15061,0.195308,0.126159,0.265649,0.14393,0.326676,0.415561,0.241243,0.404938,0.572925,0.564614
0.286212,-0.137025,-0.0117409,0.119055,0.101399,0.0736879,-0.0711987,0.111507,0.185168,0.023466,0.0557945,0.149687,0.109,0.0935839,0.0347166,0.145853,-0.00550991,0.0607768,0.0358511,0.0742861	-0.162886,-0.45652,-0.24216,-0.382229,-0.55154,-0.286382,-0.385022,-0.116763,0.0490714,-0.115752,-0.130149,0.04271,-0.209423,-0.0669763,-0.299181,-0.295965,-0.240334,-0.344037,-0.542518,-0.514832	0.429094,0.340815,0.231076,0.479465,0.618357,0.352628,0.322669,0.225336,0.137345,0.138841,0.184603,0.107665,0.311316,0.15956,0.330465,0.423535,0.235135,0.396523,0.567334,0.567417
-0.0645012,-0.101648,-0.121505,-0.00984811,0.00725641,-0.0583007,-0.0262255,0.0230623,-0.0222326,-0.0960529,-0.0568886,-0.0670636,-0.116396,-0.106583,-0.0672682,-0.0473118,0.0403759,-0.0167975,-0.0521845,-0.0380076	-0.714103,-0.72755,-0.720013,-0.609466,-0.640864,-0.595171,-0.557867,-0.529022,-0.432109,-0.46042,-0.437847,-0.557859,-0.501977,-0.340425,-0.547398,-0.549454,-0.466997,-0.604524,-0.716484,-0.638717	0.680967,0.675886,0.655888,0.603238,0.64512,0.556169,0.539535,0.54543,0.413852,0.381227,0.39069,0.509871,0.409508,0.242646,0.498485,0.515544,0.497983,0.593756,0.690102,0.615655
-0.0717305,-0.104345,-0.108808,-0.0039071,0.00669012,-0.0793406,-0.0392258,0.0386859,-0.000356549,-0.0850528,-0.0584676,-0.0693523,-0.115738,-0.101093,-0.073417,-0.04482,0.0439993,-0.0179679,-0.0508186,-0.0221315	-0.720782,-0.72795,-0.718985,-0.616869,-0.65167,-0.622432,-0.56395,-0.525718,-0.421452,-0.458746,-0.442327,-0.553916,-0.50917,-0.327444,-0.543045,-0.540246,-0.466102,-0.606266,-0.717488,-0.624155	0.684438,0.674867,0.661963,0.614443,0.655502,0.571305,0.536594,0.553154,0.421158,0.388866,0.39405,0.503922,0.418069,0.2341,0.489128,0.50772,0.49985,0.594777,0.691897,0.610456
-0.0106462,-0.107007,-0.0814571,-0.00160986,0.000548121,-0.06354,-0.03732,0.0104439,-0.0159569,-0.0946576,-0.0476052,-0.0559952,-0.115467,-0.0780834,-0.0576583,-0.0344856,0.0649984,-0.0263424,-0.0362647,-0.0115236	-0.668405,-0.69291,-0.655187,-0.58693,-0.660079,-0.58861,-0.552195,-0.526517,-0.418973,-0.458698,-0.425544,-0.530169,-0.506658,-0.319753,-0.515432,-0.520827,-0.423676,-0.597774,-0.713668,-0.614335	0.662473,0.632824,0.606076,0.585874,0.660388,0.54547,0.525709,0.534024,0.405728,0.380564,0.385754,0.488681,0.415498,0.247858,0.471795,0.495236,0.475578,0.580573,0.695401,0.607109
-0.044245,-0.117475,-0.0958603,-0.0144877,-0.00334545,-0.0602127,-0.0380922,0.0295139,-0.0090849,-0.115653,-0.0570966,-0.0665132,-0.132505,-0.106123,-0.0801789,-0.0522999,0.0522928,-0.0309337,-0.0443186,-0.0272025	-0.699292,-0.719211,-0.697609,-0.611311,-0.663643,-0.586818,-0.556237,-0.503697,-0.416592,-0.476659,-0.427383,-0.538377,-0.523538,-0.337386,-0.532321,-0.531432,-0.454641,-0.589034,-0.722209,-0.628302	0.675962,0.657269,0.644873,0.602156,0.661766,0.545894,0.529361,0.5254,0.409055,0.382069,0.379548,0.489389,0.420182,0.23985,0.472301,0.49283,0.495161,0.568458,0.700305,0.611552
0.221035,-0.0322051,0.0390101,0.0913584,0.0398477,0.0766223,-0.0440502,0.201804,0.1005,0.0403794,0.0136342,0.0529167,0.0600219,0.0325324,0.123645,0.149708,0.0368791,0.0844822,0.0813104,0.0824272	-0.301726,-0.377245,-0.234009,-0.471594,-0.533009,-0.330923,-0.373407,-0.0142116,-0.110711,-0.107146,-0.170657,-0.214269,-0.23721,-0.154812,-0.246928,-0.203851,-0.286483,-0.357265,-0.507176,-0.508714	0.490078,0.349283,0.270549,0.5397,0.560943,0.397467,0.334865,0.215398,0.208887,0.14689,0.183864,0.26419,0.293059,0.186405,0.359594,0.343088,0.319982,0.428805,0.565179,0.567351
0.234968,-0.0397364,0.0221414,0.0917772,0.0370973,0.0826824,-0.0649959,0.164372,0.101743,0.00909036,0.0137017,0.0544157,0.0538129,0.0357306,0.130695,0.144014,0.0146038,0.0827364,0.0904618,0.0830937	-0.292031,-0.387747,-0.241126,-0.464571,-0.526708,-0.302472,-0.391865,-0.0915601,-0.14138,-0.140904,-0.170225,-0.215834,-0.258314,-0.155871,-0.234247,-0.198949,-0.327796,-0.364155,-0.503765,-0.503904	0.49316,0.353457,0.261869,0.533598,0.553,0.375757,0.335411,0.252138,0.239675,0.149802,0.183498,0.267112,0.307848,0.190541,0.354101,0.333411,0.340769,0.433821,0.568328,0.563407
0.627675,0.596695,0.645347,0.593824,0.612414,0.600743,0.532095,0.571741,0.559812,0.655783,0.591691,0.609351,0.7034,0.644157,0.638451,0.72872,0.623767,0.657105,0.77309,0.747809	0.630515,0.644523,0.704119,0.628521,0.516385,0.626538,0.521607,0.640524,0.610285,0.672567,0.60569,0.632787,0.65538,0.629467,0.638749,0.725092,0.628712,0.66418,0.786249,0.753374	-0.00470117,-0.0777164,-0.107719,-0.055358,0.140443,-0.0413644,0.0145161,-0.108528,-0.0766657,-0.0300282,-0.0218175,-0.0381431,0.0890903,0.0247094,-0.000503867,0.00769278,-0.00813602,-0.0125545,-0.0335548,-0.0127468
-0.0609556,0.0523337,0.159943,0.0188178,-0.152475,-0.0689412,-0.00829705,-0.00641113,-0.0079816,0.0223146,-0.00536795,-0.00454325,-0.00698285,0.00753351,-0.000551707,-0.0447091,-0.0295651,-0.0227073,-0.00152581,-0.0484504	-0.564847,-0.46365,-0.482777,-0.221438,-0.280455,-0.373206,-0.319385,-0.38497,-0.322699,-0.273764,-0.259067,-0.469932,-0.238508,-0.127663,-0.259586,-0.254303,-0.331753,-0.34587,-0.312175,-0.221792	0.52186,0.503761,0.596648,0.239258,0.133698,0.3123,0.311915,0.379496,0.31553,0.294281,0.254053,0.466385,0.231911,0.135066,0.259071,0.212004,0.305181,0.32572,0.310797,0.175225
-0.0643917,0.0488305,0.128518,0.0208788,-0.150779,-0.0320504,0.0149791,-0.00126184,0.000290976,0.00429251,-0.00523219,-0.0297598,-0.00824252,0.0268931,0.0134475,-0.0524434,-0.025163,-0.0100609,0.00412317,-0.0629076	-0.569344,-0.462368,-0.505252,-0.237924,-0.300749,-0.374011,-0.301047,-0.386452,-0.317014,-0.294169,-0.26317,-0.477476,-0.249272,-0.100024,-0.235095,-0.245706,-0.330062,-0.339306,-0.30956,-0.218	0.524169,0.499912,0.595127,0.257524,0.157095,0.34611,0.314607,0.385378,0.317276,0.298085,0.258293,0.45417,0.241526,0.126577,0.247759,0.195785,0.307452,0.330373,0.313284,0.157249
-0.031026,0.044025,0.119236,0.0224001,-0.0995451,-0.0168623,0.0332279,-0.01314,0.0194441,0.00341641,-0.0187275,0.0133056,0.0256111,0.0605273,0.0157762,-0.0691356,-0.021847,-0.015077,-0.0153329,-0.00161159	-0.499024,-0.396602,-0.430093,-0.184599,-0.275159,-0.317905,-0.272729,-0.379007,-0.289558,-0.284885,-0.261211,-0.430879,-0.216771,-0.0826102,-0.208583,-0.239712,-0.290456,-0.324717,-0.321499,-0.15089	0.475358,0.433065,0.522533,0.206147,0.180559,0.302665,0.30321,0.367698,0.307272,0.288021,0.243675,0.441652,0.241044,0.142425,0.223623,0.173451,0.270324,0.311163,0.307683,0.149314
-0.0598705,0.0407515,0.0872563,0.0140997,-0.114606,-0.0419998,0.0251021,-0.0107451,-0.00535158,-0.0191941,-0.00366675,-0.00169146,-0.00100154,0.0362431,-0.0094853,-0.0825686,-0.0175996,-0.0208691,-0.0284922,-0.0592789	-0.546106,-0.44354,-0.50599,-0.224253,-0.286188,-0.338828,-0.280844,-0.358568,-0.310827,-0.30824,-0.245242,-0.442936,-0.249133,-0.100435,-0.233239,-0.251333,-0.316445,-0.311535,-0.343684,-0.218343	0.502671,0.475694,0.568161,0.237602,0.1774,0.301113,0.303804,0.349168,0.305985,0.290766,0.241793,0.441575,0.248193,0.136183,0.22425,0.172341,0.300519,0.292568,0.318309,0.16115
0.248565,0.181205,0.0826845,0.0485583,0.083262,0.0169812,0.0553772,-0.02149,0.0450664,0.105838,0.0946772,0.117461,0.0131967,0.164305,0.0297818,-0.0359443,0.25379,0.182508,0.176883,0.0539875	0.104701,0.256077,0.0868769,-0.0382418,0.10252,-0.0116892,0.0410984,0.0657473,-0.0128589,0.11428,0.109843,-0.0602971,-0.00816224,0.110998,0.0231509,0.0915632,0.14824,0.150848,0.216099,0.0458375	0.147709,-0.0785155,-0.00422275,0.0866392,-0.0194233,0.0286647,0.0143114,-0.0871142,0.0578918,-0.00854541,-0.0153256,0.176508,0.0213567,0.0542977,0.00663546,-0.127089,0.109676,0.0325569,-0.040775,0.00817028
0.290985,0.184382,0.0901549,-0.000811343,0.0949879,0.0401613,0.0534382,0.0174099,0.0396076,0.0495262,0.0754651,0.138702,0.0315281,0.183926,0.0343904,-0.0448492,0.266258,0.221118,0.151949,0.038406	0.145713,0.247794,0.107759,-0.0736658,0.13011,0.0444138,0.033235,0.0568837,-0.0528261,0.0481052,0.0910035,-0.0452535,-0.00860746,0.124719,0.0352047,0.0908341,0.121312,0.182879,0.196764,0.0381951	0.151705,-0.0664488,-0.0177764,0.0728588,-0.0355612,-0.00426012,0.0202392,-0.039513,0.0922406,0.00142435,-0.0156458,0.182808,0.0401247,0.0605974,-0.000815332,-0.135133,0.149784,0.03985,-0.0461965,0.000211192
-0.141296,0.0158401,0.224643,0.0169357,-0.221943,-0.0525662,0.0151048,0.0528031,-0.00382358,0.0894899,-0.00297181,-0.0100096,-0.0746385,0.0118155,-0.0206379,-0.0538733,-0.0486528,0.0350535,0.00608801,-0.0347121	-0.609321,-0.499888,-0.467825,-0.24374,-0.287453,-0.372217,-0.298185,-0.377575,-0.349587,-0.234561,-0.265732,-0.483235,-0.269831,-0.111493,-0.277931,-0.260365,-0.347287,-0.30727,-0.314024,-0.213237	0.512115,0.511676,0.626615,0.259604,0.0699744,0.32603,0.311885,0.421965,0.346226,0.317388,0.262968,0.475525,0.199205,0.123146,0.258778,0.209429,0.303766,0.338675,0.319501,0.179856
-0.141827,0.00527402,0.192678,0.0174622,-0.216905,-0.0219813,0.042524,0.0683692,0.00384717,0.0674158,0.00334957,-0.0414458,-0.0692303,0.0193502,-0.0142677,-0.0598145,-0.0568669,0.0337239,0.0115225,-0.0425046	-0.613241,-0.501243,-0.491623,-0.260981,-0.304275,-0.377554,-0.276098,-0.374421,-0.344969,-0.258576,-0.2645,-0.494352,-0.274932,-0.0944982,-0.258803,-0.25079,-0.355432,-0.312076,-0.311962,-0.203341	0.516321,0.505181,0.625089,0.27718,0.0935433,0.358549,0.314924,0.431739,0.348354,0.320407,0.267612,0.46238,0.209693,0.113641,0.245442,0.193884,0.304725,0.342199,0.322326,0.162239
-0.0979517,0.0301537,0.177361,0.0187298,-0.153957,0.00133329,0.0434491,0.0467547,0.00815742,0.0581571,-0.027465,0.00685736,-0.0447724,0.0381682,-0.0074353,-0.0778648,-0.046511,0.0197368,-0.0120092,0.0120462	-0.540013,-0.422994,-0.421868,-0.20984,-0.26557,-0.317787,-0.259744,-0.372058,-0.328322,-0.254993,-0.278071,-0.443915,-0.249269,-0.0913853,-0.22896,-0.245817,-0.312257,-0.304528,-0.326144,-0.141835	0.46675,0.447441,0.557515,0.227675,0.11637,0.318985,0.299809,0.411652,0.335581,0.308574,0.252534,0.449404,0.206804,0.129103,0.221902,0.171229,0.269662,0.322328,0.31537,0.153619
-0.13572,0.00695181,0.134521,0.0119746,-0.186101,-0.0257449,0.0409722,0.0450725,-0.00488957,0.026977,-0.00869841,0.0052623,-0.0810713,0.0330395,-0.024398,-0.0901305,-0.0578975,0.0137994,-0.0303404,-0.0436281	-0.589101,-0.478961,-0.499949,-0.246314,-0.292558,-0.339236,-0.265097,-0.353173,-0.340387,-0.285353,-0.258691,-0.448069,-0.289519,-0.0908142,-0.246398,-0.256986,-0.348634,-0.289558,-0.352113,-0.207456	0.49278,0.4843,0.594488,0.257529,0.112587,0.316253,0.302781,0.392006,0.336057,0.309944,0.250556,0.452265,0.213458,0.123483,0.223343,0.170812,0.296726,0.30215,0.325247,0.165324
0.332194,0.327461,0.104235,0.0308332,0.0271939,0.10039,0.0102518,0.0293834,0.0595919,0.0862551,0.111735,0.115064,0.0146742,0.216867,0.0179261,-0.0485788,0.285155,0.136101,0.20216,0.0344302	0.17554,0.362936,0.0609276,-0.0792814,0.123299,0.0488405,0.00474533,0.0645293,-0.0366163,0.0811224,0.114933,-0.0789104,0.0290559,0.173804,0.0111046,0.0808275,0.173213,0.100529,0.231026,0.0225352	0.166354,-0.0402602,0.0435842,0.109846,-0.0964279,0.0518031,0.00550669,-0.0352126,0.0959987,0.00516885,-0.00323976,0.192229,-0.0143879,0.0447491,0.00682293,-0.1289,0.117758,0.0360655,-0.0302801,0.0119042
0.395807,0.318674,0.122613,-0.0188437,0.0525261,0.140895,0.0110363,0.0544514,0.0743088,0.0482944,0.0819906,0.132359,0.0251074,0.23481,0.00811352,-0.0636232,0.288224,0.171298,0.162508,0.0195532	0.234932,0.341815,0.0904436,-0.11443,0.167693,0.123285,-0.000219517,0.0408367,-0.058119,0.033967,0.0857849,-0.0670745,0.0202673,0.185727,0.00868738,0.0731089,0.13684,0.129115,0.196656,0.0155485	0.177368,-0.0259697,0.0325298,0.0957925,-0.11619,0.017922,0.0112558,0.013645,0.131858,0.0143509,-0.00382117,0.197679,0.00484254,0.0513212,-0.000573907,-0.136099,0.1576,0.043137,-0.0352749,0.00400592
0.844502,0.76561,0.851044,0.6945,0.770882,0.755722,0.760208,0.700488,0.630663,0.740155,0.779705,0.802785,0.772551,0.695885,0.744617,0.694446,0.623228,0.770307,0.758656,0.688632	0.844028,0.771363,0.843319,0.666887,0.733697,0.705258,0.766349,0.692206,0.626659,0.728302,0.771915,0.820696,0.757487,0.707938,0.76522,0.719518,0.61984,0.769186,0.75615,0.711677	0.00164876,-0.0140495,0.0273671,0.0514364,0.0856008,0.108054,-0.0147122,0.0160784,0.00662028,0.0257149,0.019566,-0.0525019,0.0363167,-0.0237567,-0.0478902,-0.0501107,0.00552148,0.00275192,0.00587931,-0.0451937
0.390413,0.406137,0.485711,0.363278,0.453289,0.387449,0.472314,0.453166,0.450115,0.49756,0.449219,0.327644,0.464465,0.394875,0.299629,0.35396,0.281364,0.369773,0.383837,0.293606	0.495154,0.538893,0.666858,0.414519,0.384686,0.415424,0.49787,0.474622,0.470528,0.505086,0.461131,0.393466,0.459345,0.39137,0.34579,0.405707,0.33469,0.399873,0.381468,0.332159	-0.129841,-0.169953,-0.26793,-0.0603257,0.0830922,-0.0333414,-0.0334144,-0.0273349,-0.0258977,-0.0100526,-0.0150235,-0.0755636,0.00650818,0.0041453,-0.0514963,-0.0604239,-0.0588689,-0.0353236,0.00277521,-0.0427189
0.575173,0.562608,0.669568,0.508941,0.593295,0.554948,0.523127,0.4448,0.50105,0.545405,0.603415,0.48007,0.609033,0.581865,0.426663,0.421291,0.379292,0.4567,0.496431,0.465336	0.615787,0.607281,0.721861,0.51208,0.527231,0.579363,0.549817,0.499856,0.513914,0.537514,0.620511,0.530658,0.58537,0.583245,0.471089,0.472208,0.388039,0.514104,0.473112,0.48097	-0.0628868,-0.067858,-0.101213,-0.00424496,0.0961358,-0.0359839,-0.0374667,-0.0707965,-0.0173254,0.0111649,-0.0273288,-0.0678803,0.0367737,-0.00208934,-0.0556015,-0.0635612,-0.0102567,-0.0750164,0.0304771,-0.0201421
-0.548982,-0.547004,-0.626557,-0.229168,-0.231517,-0.452356,-0.369668,-0.497614,-0.383653,-0.34717,-0.309412,-0.410418,-0.33834,-0.23032,-0.29194,-0.371186,-0.261274,-0.369272,-0.3418,-0.263217	-0.132086,-0.0299563,-0.111861,-0.0713782,-0.0756801,-0.207992,-0.0870277,-0.102141,-0.146779,-0.0703035,-0.0502841,-0.0833788,-0.146761,-0.150112,-0.0482367,-0.0826575,-0.0215137,-0.0888728,-0.0242234,-0.110266	-0.449489,-0.525661,-0.553489,-0.160413,-0.158616,-0.269744,-0.292035,-0.41665,-0.251008,-0.283793,-0.263223,-0.338627,-0.201588,-0.08308,-0.247184,-0.297661,-0.241116,-0.289913,-0.320228,-0.157523
-0.558398,-0.547053,-0.623403,-0.247389,-0.210994,-0.481577,-0.383955,-0.44731,-0.347292,-0.364884,-0.274039,-0.416202,-0.325448,-0.230382,-0.305953,-0.359521,-0.270299,-0.364017,-0.343035,-0.265591	-0.144063,-0.0376326,-0.0876637,-0.0813401,-0.0390727,-0.218777,-0.111412,-0.0616969,-0.132662,-0.105446,-0.00472094,-0.0959184,-0.147917,-0.154664,-0.0600957,-0.0598553,-0.0646035,-0.0835839,-0.0219414,-0.10742	-0.450582,-0.520129,-0.566709,-0.169459,-0.17335,-0.293749,-0.284723,-0.396557,-0.224996,-0.269819,-0.269667,-0.333601,-0.186508,-0.0785154,-0.250462,-0.306256,-0.209351,-0.289233,-0.323528,-0.162816
0.365853,0.390054,0.480411,0.353923,0.418546,0.388695,0.501733,0.425002,0.431264,0.456909,0.44555,0.349,0.466711,0.3815,0.320274,0.353545,0.260693,0.348777,0.388642,0.287388	0.471352,0.515799,0.66966,0.432913,0.385439,0.467906,0.52114,0.454428,0.455512,0.476908,0.465324,0.397139,0.476727,0.365792,0.347027,0.380274,0.316737,0.380039,0.388676,0.304342	-0.127482,-0.157415,-0.27901,-0.0932824,0.0394748,-0.09682,-0.0262781,-0.0364682,-0.0301753,-0.025571,-0.0249461,-0.0558847,-0.0128832,0.0182563,-0.030098,-0.0308799,-0.0610876,-0.0360391,-4.02411e-05,-0.0185792
0.581351,0.527879,0.666484,0.500583,0.553739,0.514517,0.528372,0.434735,0.492125,0.522092,0.56526,0.478429,0.583369,0.545423,0.434906,0.429337,0.369117,0.448038,0.488662,0.486774	0.622732,0.56653,0.726824,0.531832,0.524526,0.59052,0.548799,0.497765,0.508923,0.5265,0.590181,0.510746,0.574995,0.534505,0.458996,0.454792,0.381202,0.507038,0.467749,0.47989	-0.0648635,-0.0551425,-0.117032,-0.0425868,0.0411716,-0.109173,-0.0287683,-0.0804369,-0.0224117,-0.00607848,-0.0373969,-0.0427673,0.0126004,0.0154115,-0.0300982,-0.0316312,-0.0140633,-0.0763424,0.0271095,0.00898326
-0.547961,-0.545388,-0.617246,-0.225051,-0.244222,-0.469221,-0.37002,-0.507573,-0.392796,-0.365716,-0.317261,-0.384604,-0.357272,-0.219084,-0.266379,-0.373366,-0.29043,-0.3669,-0.36368,-0.256205	-0.124797,-0.0365777,-0.0805394,-0.0441697,-0.0622985,-0.196609,-0.0921779,-0.109968,-0.158307,-0.0856143,-0.0549165,-0.0592476,-0.158914,-0.147888,-0.0332962,-0.100895,-0.0556981,-0.0838301,-0.0510594,-0.118612	-0.454225,-0.519167,-0.564783,-0.182697,-0.184734,-0.300318,-0.287653,-0.42111,-0.250037,-0.289156,-0.266996,-0.332944,-0.210298,-0.0735804,-0.235169,-0.283138,-0.238591,-0.292052,-0.318535,-0.141905
-0.556504,-0.545477,-0.614776,-0.239681,-0.226916,-0.501963,-0.38963,-0.451957,-0.352885,-0.390208,-0.278681,-0.384132,-0.347673,-0.224195,-0.279679,-0.35686,-0.302569,-0.361159,-0.368112,-0.257336	-0.13611,-0.0434219,-0.0569805,-0.0500493,-0.0294134,-0.214898,-0.123557,-0.0602597,-0.138859,-0.129642,-0.00402311,-0.0621332,-0.163364,-0.157876,-0.0435546,-0.0712744,-0.101848,-0.0766764,-0.0523427,-0.114339	-0.454847,-0.514235,-0.578045,-0.191934,-0.198829,-0.321774,-0.279531,-0.402664,-0.225053,-0.27445,-0.274967,-0.329872,-0.195408,-0.0687521,-0.239036,-0.293039,-0.207103,-0.292585,-0.321974,-0.147331
0.485767,0.475361,0.585529,0.40894,0.389141,0.438888,0.455929,0.390202,0.443792,0.484075,0.448043,0.385808,0.475344,0.364306,0.356822,0.364098,0.339828,0.359307,0.358681,0.290758	0.4211,0.390011,0.458857,0.360427,0.393837,0.435163,0.456814,0.423333,0.436488,0.46851,0.453088,0.369444,0.457133,0.369142,0.353456,0.362204,0.295263,0.385713,0.33846,0.267573	0.0812963,0.104775,0.17321,0.0569004,-0.00554558,0.00460457,-0.00111784,-0.0396865,0.00905891,0.0201293,-0.00632949,0.0190852,0.0232665,-0.00558783,0.00385169,0.00218178,0.0495355,-0.0306549,0.0230157,0.025141
-0.45385,-0.438483,-0.514262,-0.174759,-0.220907,-0.396534,-0.329339,-0.483579,-0.353897,-0.361707,-0.302164,-0.354675,-0.287972,-0.18963,-0.25828,-0.310857,-0.253503,-0.343416,-0.356978,-0.214698	-0.0619458,0.0400725,-0.0260812,-0.0494257,-0.0134388,-0.150332,-0.0499357,-0.0905257,-0.122548,-0.0933182,-0.0523,-0.0490979,-0.079437,-0.103313,-0.0537391,-0.0424462,-0.0600857,-0.0758191,-0.0388732,-0.0870028	-0.403241,-0.470292,-0.494818,-0.126425,-0.208086,-0.261809,-0.284076,-0.411047,-0.241838,-0.277764,-0.253876,-0.310993,-0.213417,-0.0880421,-0.20742,-0.272,-0.196408,-0.27475,-0.322581,-0.130125
-0.463916,-0.424053,-0.512877,-0.19946,-0.209342,-0.423903,-0.344405,-0.438711,-0.317129,-0.372785,-0.283237,-0.350241,-0.272171,-0.199597,-0.265394,-0.302694,-0.254715,-0.346379,-0.360428,-0.22518	-0.0748827,0.0574015,-0.0034386,-0.0656322,0.0136446,-0.158347,-0.0761153,-0.0595598,-0.108522,-0.118061,-0.0290748,-0.0475461,-0.0783323,-0.118885,-0.0572413,-0.0237133,-0.0924854,-0.0818343,-0.0376717,-0.0932169	-0.403035,-0.470014,-0.510338,-0.135603,-0.222351,-0.284664,-0.275513,-0.389324,-0.216042,-0.266451,-0.256273,-0.307821,-0.198061,-0.0826742,-0.211364,-0.280997,-0.166144,-0.272262,-0.327199,-0.134792
-0.537209,-0.51985,-0.601401,-0.215494,-0.249812,-0.41719,-0.324836,-0.450928,-0.3666,-0.369879,-0.306127,-0.360721,-0.333352,-0.234673,-0.266934,-0.328022,-0.276938,-0.336971,-0.375177,-0.264461	-0.1434,-0.0286777,-0.0971645,-0.0564907,-0.0505173,-0.177031,-0.042343,-0.0645676,-0.135424,-0.0971328,-0.0609164,-0.0478046,-0.122506,-0.156123,-0.0593744,-0.0635742,-0.0508621,-0.0881075,-0.0493513,-0.125891	-0.426679,-0.498606,-0.53553,-0.160963,-0.201842,-0.25931,-0.286433,-0.397947,-0.243252,-0.28291,-0.249871,-0.318407,-0.219824,-0.0815365,-0.210903,-0.27008,-0.229306,-0.256478,-0.331972,-0.143343
-0.551339,-0.519005,-0.606639,-0.241503,-0.232701,-0.444214,-0.334481,-0.402935,-0.324318,-0.373254,-0.2833,-0.348201,-0.31517,-0.23769,-0.274445,-0.31061,-0.283798,-0.332936,-0.378463,-0.27392	-0.166244,-0.0339749,-0.0896998,-0.0754565,-0.0171779,-0.186085,-0.0611631,-0.0322987,-0.114265,-0.1106,-0.032501,-0.0357535,-0.11733,-0.163864,-0.0634286,-0.0324272,-0.0911439,-0.0849583,-0.0484792,-0.131773	-0.423952,-0.493736,-0.546687,-0.169128,-0.216388,-0.281389,-0.279026,-0.375524,-0.218137,-0.273964,-0.253129,-0.316387,-0.205437,-0.076818,-0.214754,-0.281014,-0.19777,-0.255196,-0.336152,-0.14747
0.791642,0.759061,0.75536,0.890098,0.875544,0.795485,0.82805,0.742391,0.828081,0.794424,0.774638,0.81656,0.81302,0.843252,0.839335,0.771293,0.873802,0.737094,0.779806,0.761592	0.796574,0.745206,0.771229,0.905552,0.895947,0.841969,0.820175,0.673582,0.781292,0.782215,0.775479,0.810044,0.787498,0.836912,0.849464,0.785304,0.830325,0.730881,0.786851,0.771939	-0.0133518,0.0318988,-0.0380142,-0.0796717,-0.0946498,-0.140762,0.024544,0.137635,0.132537,0.0322492,-0.00210658,0.0192459,0.0709444,0.0215456,-0.0352876,-0.0355346,0.158411,0.013471,-0.0182308,-0.0251087
0.520647,0.653751,0.669949,0.547806,0.590122,0.578582,0.562113,0.515405,0.445649,0.646619,0.574359,0.55141,0.649596,0.603487,0.619444,0.68837,0.62358,0.6419,0.767158,0.73125	0.573525,0.643895,0.690477,0.613603,0.486274,0.60008,0.533712,0.611323,0.597158,0.660671,0.570404,0.562659,0.686689,0.614297,0.635168,0.698666,0.614505,0.639418,0.776949,0.749124	-0.0753899,0.0170224,-0.0381979,-0.0991122,0.145641,-0.0329326,0.0405734,-0.140044,-0.20645,-0.0245335,0.00588171,-0.0163097,-0.0669626,-0.0171778,-0.0259238,-0.0198362,0.014713,0.00420898,-0.0242374,-0.0395259
-0.0158586,0.119399,0.263979,0.0261084,-0.162236,-0.0270908,0.0110519,-0.0262313,0.0129781,0.109582,0.0457048,0.0661718,0.087536,0.107311,0.0499568,-0.0119361,-0.0618679,-0.0111864,0.0281085,-0.0271237	-0.638543,-0.426222,-0.481405,-0.264816,-0.32849,-0.402412,-0.284792,-0.43379,-0.385217,-0.276991,-0.299813,-0.538028,-0.243871,-0.173097,-0.262581,-0.324226,-0.339784,-0.378393,-0.323148,-0.245643	0.629055,0.519199,0.661341,0.288927,0.175614,0.379458,0.294916,0.41225,0.396215,0.375185,0.340848,0.583428,0.32448,0.275294,0.308491,0.313503,0.283884,0.368768,0.348095,0.219985
-0.0141718,0.117388,0.222431,0.0243836,-0.160782,0.0266655,0.0431402,-0.0340192,0.00065135,0.0817827,0.0470343,0.0397814,0.0852611,0.122688,0.0685756,-0.0221547,-0.0605165,0.00282153,0.0329382,-0.0514723	-0.640335,-0.424696,-0.505881,-0.281096,-0.348542,-0.39954,-0.266361,-0.437782,-0.384292,-0.298893,-0.302803,-0.546525,-0.254236,-0.147693,-0.238732,-0.318446,-0.339059,-0.371632,-0.320596,-0.243955	0.631898,0.516342,0.654649,0.3034,0.198906,0.421713,0.305985,0.409867,0.384847,0.371593,0.344925,0.573831,0.332294,0.265568,0.302358,0.298397,0.284378,0.374061,0.34984,0.194931
-0.027749,0.113163,0.19132,0.0244622,-0.103822,0.0305305,0.0584403,-0.0228044,0.0357439,0.0889539,0.0231686,0.0745641,0.119771,0.135796,0.0589772,-0.0480661,-0.0735124,0.00395413,0.00462975,0.00509862	-0.591411,-0.3537,-0.433529,-0.230662,-0.320526,-0.351347,-0.235722,-0.428511,-0.353928,-0.288204,-0.30327,-0.507075,-0.224181,-0.13192,-0.214311,-0.313943,-0.301233,-0.357453,-0.333431,-0.178178	0.573066,0.448895,0.576992,0.253693,0.224164,0.377825,0.290165,0.40971,0.384803,0.367731,0.324161,0.560449,0.334958,0.263004,0.269877,0.269951,0.232878,0.360897,0.33754,0.18311
-0.0331625,0.117721,0.171414,0.0242705,-0.117583,0.00210668,0.051486,-0.0363934,0.00301763,0.0852811,0.04765,0.0682013,0.10617,0.137264,0.050421,-0.0493096,-0.0599338,0.00135287,-0.00427955,-0.0448168	-0.627173,-0.402418,-0.50853,-0.267674,-0.331666,-0.371072,-0.244556,-0.412258,-0.376627,-0.308593,-0.28636,-0.51473,-0.252807,-0.146974,-0.236681,-0.322823,-0.327735,-0.344223,-0.354627,-0.243322	0.606627,0.496613,0.625426,0.29006,0.222771,0.372887,0.292361,0.381589,0.379214,0.383775,0.329513,0.563162,0.349594,0.278617,0.283717,0.277938,0.273167,0.345415,0.35088,0.200694
0.109657,0.192806,0.0548739,-0.0107838,0.0646685,-0.0383766,0.0857951,-0.189539,-0.04769,0.0718245,0.0863703,0.0793876,-0.0339878,0.143608,-0.0624877,-0.153018,0.221936,0.129447,0.136425,0.00829354	-0.0598696,0.301828,0.0741305,-0.0948089,0.0471297,-0.0713046,0.078026,-0.0147575,-0.111036,0.0933657,0.0453236,-0.193316,-0.0328692,0.0518488,0.00892795,-0.0154145,0.144197,0.106974,0.200985,0.0142235	0.168421,-0.115758,-0.0193352,0.0841111,0.0175924,0.0330183,0.00782148,-0.175272,0.0636833,-0.0216867,0.0412081,0.268582,-0.00111979,0.0924474,-0.0713758,-0.137928,0.0803092,0.0227878,-0.0663798,-0.0059307
0.148754,0.200054,0.0776242,-0.0631757,0.078233,-0.0191446,0.0994373,-0.115485,-0.0541293,0.0418701,0.0663939,0.102087,-0.0100795,0.161141,-0.0632675,-0.156481,0.253315,0.170549,0.106729,-0.007721	-0.0147964,0.291307,0.0952034,-0.13257,0.0742543,-0.0149041,0.0696599,-0.0203937,-0.14915,0.025438,0.026943,-0.176343,-0.033096,0.0663825,0.0219336,-0.0153194,0.115919,0.13965,0.181932,0.00638175	0.163192,-0.0969008,-0.01771,0.0699802,0.00400194,-0.00424166,0.0299851,-0.0953158,0.0957946,0.0164497,0.0395217,0.273507,0.0230242,0.0957835,-0.085083,-0.1415,0.141552,0.0316528,-0.0766919,-0.0141021
-0.115951,0.0823363,0.329195,0.0246766,-0.235804,-0.0100514,0.0329408,0.0352332,0.0198174,0.178727,0.0476799,0.0615248,0.0188194,0.110996,0.0308498,-0.0220529,-0.080193,0.0480678,0.0359862,-0.0130112	-0.698352,-0.440292,-0.457163,-0.303729,-0.337017,-0.399036,-0.251448,-0.433687,-0.458925,-0.238585,-0.293877,-0.548552,-0.32278,-0.17382,-0.289883,-0.338571,-0.347789,-0.334427,-0.32279,-0.243153	0.633716,0.504345,0.683495,0.325963,0.10995,0.390551,0.282053,0.461863,0.474427,0.400245,0.336837,0.590159,0.339536,0.279425,0.31789,0.318899,0.275273,0.376443,0.354657,0.230873
-0.109641,0.0731341,0.288451,0.0211641,-0.230184,0.037078,0.0682751,0.0379337,0.00483331,0.147574,0.0552485,0.0277601,0.02365,0.113916,0.0416226,-0.0303537,-0.09117,0.0476692,0.0405891,-0.0305738	-0.699421,-0.440801,-0.483195,-0.319808,-0.352539,-0.399822,-0.228747,-0.434301,-0.460327,-0.264017,-0.291967,-0.559802,-0.327596,-0.15829,-0.270986,-0.332244,-0.356291,-0.33904,-0.320641,-0.235408	0.638763,0.497885,0.677251,0.33868,0.133161,0.430518,0.292455,0.464581,0.464127,0.396156,0.341703,0.578571,0.348546,0.267385,0.309122,0.304966,0.274022,0.380559,0.35659,0.20632
-0.111147,0.0971364,0.249252,0.0210712,-0.160368,0.049897,0.0670416,0.0405695,0.0261844,0.146315,0.014473,0.0675588,0.0499465,0.113079,0.0363031,-0.0580241,-0.0974946,0.0398319,0.00812725,0.0191873	-0.647797,-0.35415,-0.412564,-0.27382,-0.310168,-0.348458,-0.211035,-0.431362,-0.437479,-0.259248,-0.307942,-0.514835,-0.304277,-0.156669,-0.243281,-0.328484,-0.315546,-0.331763,-0.335615,-0.175748	0.578287,0.436278,0.600106,0.2932,0.157642,0.391547,0.274198,0.463814,0.458412,0.390742,0.320985,0.562818,0.348921,0.265053,0.277136,0.275715,0.224973,0.366748,0.342807,0.19428
-0.127864,0.0830996,0.219472,0.0225546,-0.192735,0.01929,0.0658544,0.0218154,0.00417454,0.134929,0.0423368,0.0767288,0.0244581,0.133121,0.0360695,-0.0578415,-0.099343,0.036964,-0.00591243,-0.0288568	-0.684086,-0.414216,-0.491944,-0.30624,-0.338238,-0.368596,-0.217065,-0.415487,-0.452381,-0.286558,-0.287614,-0.515261,-0.339159,-0.153512,-0.258673,-0.337009,-0.352116,-0.316705,-0.360741,-0.238431	0.609538,0.480767,0.642091,0.32654,0.15565,0.385147,0.278932,0.433375,0.455695,0.405797,0.325981,0.569475,0.360626,0.280893,0.292018,0.284718,0.261936,0.349576,0.355587,0.211026
0.21316,0.319028,0.0747838,-0.0298955,0.00750011,0.047919,0.0413972,-0.144721,-0.0383487,0.0512878,0.102937,0.0750572,-0.0337111,0.204253,-0.0751829,-0.168405,0.251991,0.0813712,0.161086,-0.0120208	-0.0124365,0.443567,0.0772169,-0.15784,0.0701587,-0.00447324,0.0570932,-0.0357021,-0.198268,0.0613971,0.0643311,-0.203898,-0.0586385,0.095485,-0.0163498,-0.0394016,0.180224,0.0619427,0.218241,-0.0179848	0.225,-0.145067,-0.00244728,0.128551,-0.0626916,0.052381,-0.0157331,-0.109585,0.161144,-0.0101412,0.0388632,0.274751,0.0249768,0.110931,-0.0589056,-0.129865,0.075181,0.0195269,-0.0592382,0.0059653
0.279491,0.314048,0.109352,-0.0834989,0.03501,0.0853849,0.0568738,-0.0830227,-0.022911,0.0401523,0.0721764,0.0932011,-0.0171492,0.22012,-0.0903575,-0.177827,0.274731,0.118466,0.116835,-0.027424	0.0531573,0.419406,0.109172,-0.19542,0.114039,0.0720898,0.0512461,-0.0559851,-0.214219,0.0133952,0.0354949,-0.190255,-0.06626,0.108513,-0.0189726,-0.0465061,0.142193,0.0910164,0.183907,-0.0251491	0.229747,-0.121341,0.000181694,0.113777,-0.0793458,0.0133774,0.00564408,-0.0271639,0.192251,0.0267715,0.0367757,0.278518,0.0491666,0.114338,-0.0715075,-0.132416,0.137926,0.0277486,-0.0685446,-0.00227644
0.849364,0.776629,0.857228,0.694293,0.772953,0.768471,0.764225,0.692363,0.624459,0.752441,0.790119,0.810462,0.788233,0.721029,0.760999,0.701211,0.608561,0.774946,0.764629,0.689071	0.846197,0.781115,0.855568,0.670475,0.735135,0.706859,0.761541,0.695505,0.639662,0.749276,0.781249,0.826584,0.774936,0.736475,0.776702,0.727689,0.608116,0.773144,0.762997,0.721288	0.0112597,-0.0114034,0.00622837,0.0445618,0.0875869,0.134876,0.00642037,-0.00605941,-0.0253156,0.00725408,0.0231775,-0.0488433,0.0341691,-0.0329365,-0.0384025,-0.0540655,0.000705611,0.00449531,0.00391813,-0.0640529
0.386797,0.434376,0.499744,0.363032,0.455399,0.410281,0.484053,0.451247,0.452503,0.529196,0.469191,0.348418,0.501637,0.428238,0.325776,0.366082,0.244621,0.381268,0.391706,0.295538	0.516651,0.560276,0.697179,0.419424,0.382724,0.434417,0.501082,0.46358,0.478035,0.538475,0.48872,0.421643,0.498632,0.449348,0.376861,0.426107,0.318457,0.405252,0.397557,0.348937	-0.162285,-0.166396,-0.303005,-0.0665211,0.0880157,-0.0293709,-0.022482,-0.0155951,-0.0325795,-0.0129766,-0.0253384,-0.085835,0.0040064,-0.0261402,-0.0582349,-0.071119,-0.080074,-0.0283667,-0.00692914,-0.0595392
0.579579,0.586052,0.680363,0.512549,0.598803,0.570142,0.533065,0.43361,0.498747,0.585699,0.624449,0.50144,0.644178,0.620633,0.461792,0.441384,0.353406,0.470981,0.506498,0.47305	0.629639,0.620475,0.743217,0.512767,0.526104,0.592572,0.550977,0.494053,0.52273,0.562924,0.640462,0.551361,0.61095,0.621349,0.495087,0.488041,0.371997,0.519095,0.487797,0.494877	-0.0788249,-0.0540929,-0.127148,-0.000295676,0.106134,-0.0338746,-0.0253598,-0.0769218,-0.032441,0.0339776,-0.0266854,-0.0689961,0.0547912,-0.00116466,-0.0431642,-0.0594661,-0.0214051,-0.0636832,0.0248374,-0.0284985
-0.62621,-0.527268,-0.634673,-0.27456,-0.250364,-0.475868,-0.339905,-0.598374,-0.436327,-0.359245,-0.310303,-0.426085,-0.362108,-0.244788,-0.350761,-0.44423,-0.289573,-0.40703,-0.368661,-0.296749	-0.104956,0.0458077,-0.0162791,-0.0682521,-0.0805646,-0.172484,-0.064978,-0.140013,-0.133499,0.0161827,0.000428221,-0.0313363,-0.0580688,-0.0611623,0.00195253,-0.0507511,-0.0539888,-0.0806785,0.00427109,-0.0924254	-0.557923,-0.55956,-0.62485,-0.210247,-0.173294,-0.330513,-0.281136,-0.500273,-0.321559,-0.373257,-0.31069,-0.400091,-0.31057,-0.186417,-0.352472,-0.402554,-0.239326,-0.337433,-0.372346,-0.210086
-0.638383,-0.525609,-0.625194,-0.293438,-0.22782,-0.510926,-0.345349,-0.533415,-0.400997,-0.354744,-0.274886,-0.431264,-0.346218,-0.247169,-0.366398,-0.428588,-0.283547,-0.402637,-0.372925,-0.298762	-0.119363,0.0377636,0.013031,-0.0788531,-0.0432697,-0.185219,-0.088542,-0.0903291,-0.11854,-0.0213355,0.046115,-0.044254,-0.0612434,-0.066579,-0.0105503,-0.025408,-0.0956493,-0.0755249,0.00669409,-0.0893563	-0.561831,-0.552408,-0.633068,-0.219667,-0.186387,-0.359752,-0.264908,-0.465515,-0.296552,-0.335952,-0.316983,-0.39454,-0.291148,-0.183611,-0.357229,-0.407618,-0.193136,-0.337372,-0.378674,-0.215149
0.361933,0.418697,0.496504,0.354939,0.420149,0.408358,0.508934,0.426454,0.439601,0.494382,0.464482,0.369325,0.503506,0.41689,0.345017,0.366811,0.223919,0.360592,0.396466,0.291226	0.495259,0.538998,0.695824,0.435525,0.383531,0.496238,0.528772,0.435708,0.450122,0.507025,0.493033,0.426459,0.514049,0.421751,0.381143,0.400213,0.297444,0.386452,0.403942,0.314231	-0.162445,-0.155363,-0.304528,-0.0953215,0.0436526,-0.110214,-0.0271424,-0.0113649,-0.0131157,-0.0168726,-0.0370304,-0.0678148,-0.0142247,-0.00589869,-0.0415959,-0.0391496,-0.078772,-0.0300472,-0.008901,-0.0253226
0.585129,0.553009,0.679988,0.506841,0.558324,0.525883,0.535421,0.426537,0.497334,0.567583,0.585406,0.499815,0.620333,0.588599,0.468888,0.451052,0.343815,0.462094,0.498047,0.496553	0.638798,0.5828,0.744629,0.531286,0.523223,0.611727,0.556173,0.483839,0.506438,0.548104,0.610408,0.533092,0.60067,0.573343,0.486409,0.470516,0.362917,0.512418,0.480961,0.486654	-0.0857025,-0.0439597,-0.130942,-0.0334525,0.0495873,-0.126556,-0.0295523,-0.072203,-0.0121685,0.0282758,-0.0389049,-0.0453646,0.0313417,0.0230273,-0.0226985,-0.0247081,-0.0218262,-0.0659371,0.0224686,0.0130527
-0.621907,-0.524249,-0.628578,-0.270588,-0.263111,-0.48911,-0.339016,-0.614208,-0.44983,-0.379465,-0.317292,-0.400801,-0.381564,-0.234856,-0.326386,-0.449632,-0.319188,-0.40457,-0.39018,-0.292449	-0.0901376,0.0397111,0.00738195,-0.0436119,-0.0668855,-0.145914,-0.06085,-0.166372,-0.165484,-0.00969447,-0.00287369,-0.00493833,-0.0722608,-0.0635927,0.0222118,-0.0731081,-0.0916336,-0.0746023,-0.0243563,-0.110286	-0.563349,-0.552459,-0.633022,-0.229687,-0.199741,-0.369571,-0.284026,-0.498808,-0.307215,-0.371136,-0.314705,-0.396648,-0.318073,-0.17386,-0.346089,-0.389322,-0.234411,-0.340237,-0.369333,-0.188234
-0.632745,-0.523026,-0.620083,-0.285484,-0.243608,-0.525142,-0.349681,-0.543746,-0.410488,-0.382238,-0.279455,-0.399837,-0.368667,-0.242001,-0.341547,-0.42931,-0.316024,-0.399733,-0.398192,-0.293104	-0.103466,0.0327362,0.0355701,-0.0497993,-0.0333044,-0.164716,-0.0912717,-0.104515,-0.144104,-0.0553618,0.0484449,-0.00790117,-0.0786113,-0.0747448,0.0114251,-0.0399141,-0.135362,-0.0673962,-0.025737,-0.10565	-0.566357,-0.546406,-0.641503,-0.239084,-0.212024,-0.394555,-0.266928,-0.465696,-0.283132,-0.333943,-0.32352,-0.393178,-0.298713,-0.170337,-0.3516,-0.396185,-0.188736,-0.341538,-0.376312,-0.193444
0.499954,0.504376,0.609268,0.416391,0.391428,0.458581,0.465522,0.375018,0.442667,0.532425,0.475012,0.413934,0.520591,0.42408,0.394652,0.38925,0.316996,0.372194,0.372149,0.30255	0.419526,0.416182,0.47728,0.359772,0.394013,0.456871,0.466287,0.422194,0.441246,0.499657,0.471533,0.389693,0.49064,0.403857,0.375782,0.374767,0.261279,0.395459,0.34821,0.27061	0.101774,0.111626,0.186107,0.066595,-0.00305664,0.002163,-0.000977441,-0.0560513,0.00176543,0.0446451,0.00448273,0.0289026,0.0402251,0.0244023,0.0221559,0.016957,0.0607481,-0.0272806,0.0275036,0.0347873
-0.550396,-0.414559,-0.526998,-0.22407,-0.237166,-0.425721,-0.297486,-0.587479,-0.409949,-0.375058,-0.305121,-0.375416,-0.315247,-0.208124,-0.320616,-0.390226,-0.284067,-0.38148,-0.385211,-0.251833	-0.0655182,0.116577,0.0418116,-0.0506888,-0.0138271,-0.110478,-0.020539,-0.115957,-0.113938,-0.00946959,-0.0103031,-0.0050373,0.0127208,-0.0373119,-0.012337,-0.0171451,-0.111301,-0.0602956,-0.0197966,-0.0834822	-0.503017,-0.506651,-0.556546,-0.175373,-0.224073,-0.330802,-0.27865,-0.505991,-0.310514,-0.366891,-0.295747,-0.371081,-0.326657,-0.172149,-0.309503,-0.375594,-0.178407,-0.328746,-0.368223,-0.171966
-0.564382,-0.399435,-0.518849,-0.248737,-0.223965,-0.456028,-0.303085,-0.528339,-0.374941,-0.364369,-0.285771,-0.371306,-0.295996,-0.219866,-0.330745,-0.378021,-0.270173,-0.382887,-0.392495,-0.261974	-0.0813795,0.134513,0.0676386,-0.0676292,0.0134043,-0.118487,-0.0459428,-0.0775606,-0.0992015,-0.0354469,0.0129221,-0.00358374,0.0116456,-0.0540288,-0.0162113,0.00347275,-0.140909,-0.0662698,-0.0185231,-0.0898125	-0.506254,-0.506722,-0.566603,-0.184207,-0.236659,-0.356822,-0.260773,-0.470039,-0.286392,-0.333226,-0.297594,-0.368212,-0.306585,-0.16783,-0.316229,-0.380993,-0.13438,-0.324861,-0.376711,-0.17631
-0.621081,-0.496392,-0.612968,-0.261795,-0.266325,-0.444922,-0.293773,-0.562564,-0.424431,-0.379501,-0.307344,-0.379048,-0.355455,-0.248843,-0.326554,-0.405112,-0.306593,-0.375436,-0.401694,-0.29886	-0.13554,0.057035,-0.0226374,-0.0500209,-0.0493064,-0.140393,-0.0129231,-0.104861,-0.134218,0.00559002,-0.0100017,0.00527772,-0.0188779,-0.0671195,-0.00092813,-0.0253421,-0.092881,-0.0698314,-0.0262573,-0.11493	-0.530171,-0.53819,-0.598638,-0.214584,-0.219906,-0.324819,-0.281921,-0.486396,-0.307744,-0.384276,-0.298259,-0.383558,-0.338851,-0.18481,-0.325724,-0.38371,-0.219976,-0.313833,-0.379438,-0.190471
-0.637672,-0.494292,-0.612013,-0.287463,-0.247404,-0.47577,-0.293876,-0.49861,-0.383377,-0.362278,-0.283723,-0.367012,-0.334493,-0.254018,-0.336424,-0.384147,-0.297948,-0.370618,-0.408621,-0.307507	-0.163297,0.0516491,-0.0118499,-0.0697537,-0.0155309,-0.15031,-0.0312907,-0.0646977,-0.111551,-0.0092435,0.018384,0.0173235,-0.0156829,-0.0759451,-0.00543016,0.00916984,-0.130389,-0.0663797,-0.0253668,-0.120762	-0.529513,-0.53235,-0.604548,-0.222164,-0.232767,-0.350527,-0.265022,-0.448376,-0.283971,-0.35422,-0.300539,-0.381908,-0.320491,-0.181575,-0.3316,-0.391936,-0.174332,-0.311912,-0.387268,-0.193948
0.747174,0.759076,0.764787,0.883269,0.874688,0.776515,0.842249,0.720492,0.807779,0.814469,0.767698,0.806166,0.808277,0.838979,0.814465,0.744293,0.882665,0.718491,0.764959,0.748604	0.766852,0.738522,0.761717,0.900079,0.893495,0.832064,0.814572,0.588464,0.758875,0.764833,0.7686,0.801391,0.77434,0.836154,0.834747,0.753853,0.815634,0.709495,0.778578,0.760068	-0.0460825,0.0467766,0.00735349,-0.0820066,-0.0860828,-0.156967,0.088164,0.229209,0.126369,0.131638,-0.00220032,0.0134902,0.09071,0.00946234,-0.0633569,-0.0217806,0.239335,0.0183511,-0.0336744,-0.0265967
-0.173061,-0.0798299,0.169074,-0.00448356,-0.147059,0.033682,0.0424724,0.11454,0.00874704,0.151887,0.00470686,-0.0118034,-0.166438,0.0089283,-0.0429642,-0.0262571,-0.040698,0.143167,0.0269509,0.0466632	-0.861593,-0.821526,-0.815655,-0.717882,-0.721626,-0.749219,-0.675784,-0.727266,-0.726794,-0.723216,-0.703747,-0.806115,-0.789319,-0.6626,-0.748995,-0.80354,-0.763277,-0.759002,-0.853574,-0.802368	0.809188,0.793752,0.865387,0.715702,0.64278,0.763631,0.698216,0.777074,0.730894,0.788489,0.706115,0.801942,0.717087,0.667579,0.729506,0.794036,0.745745,0.813744,0.860724,0.81839
-0.164252,-0.0945907,0.167148,-0.00771752,-0.139478,0.0209401,0.0503526,0.131852,0.00671574,0.145638,0.0162972,-0.0242717,-0.147524,-0.0137712,-0.0599269,-0.0204838,-0.0667568,0.106785,0.026165,0.0680238	-0.861221,-0.823547,-0.823187,-0.723801,-0.724328,-0.756903,-0.66886,-0.721487,-0.720231,-0.734886,-0.696577,-0.808857,-0.784505,-0.660721,-0.746189,-0.801158,-0.768876,-0.764233,-0.854368,-0.793567	0.811805,0.79054,0.870552,0.720106,0.650577,0.765707,0.69578,0.779213,0.723448,0.795395,0.704872,0.800297,0.72035,0.652891,0.718386,0.7937,0.740107,0.805298,0.86128,0.817463
-0.145928,-0.0306026,0.137986,-0.00832343,-0.117641,0.0370854,0.0181445,0.11679,-0.0232979,0.126636,-0.0158838,-0.0143331,-0.170081,-0.0426687,-0.0504388,-0.0243893,-0.0515449,0.082712,0.012454,0.0463499	-0.836758,-0.783566,-0.791754,-0.704793,-0.71205,-0.728968,-0.657495,-0.725527,-0.721765,-0.737901,-0.706501,-0.792889,-0.78335,-0.665109,-0.73018,-0.798276,-0.748702,-0.760035,-0.859156,-0.783588	0.786917,0.771463,0.83817,0.700579,0.648752,0.745889,0.667674,0.776519,0.710414,0.790654,0.698456,0.787506,0.707536,0.64062,0.705733,0.789252,0.725141,0.792902,0.862383,0.800852
-0.163933,-0.0736183,0.116625,-0.00476269,-0.15033,0.033362,0.0278997,0.110053,0.0013284,0.105977,-0.00957526,0.0151352,-0.193105,-0.00460058,-0.0322154,-0.0197722,-0.0827061,0.0822624,-0.00573584,0.0522153	-0.853455,-0.81135,-0.821731,-0.718135,-0.726404,-0.735966,-0.661136,-0.719994,-0.720584,-0.745787,-0.701574,-0.787732,-0.796271,-0.656826,-0.733899,-0.798249,-0.764077,-0.753403,-0.86624,-0.796961	0.801686,0.784596,0.856294,0.715821,0.646693,0.750891,0.676557,0.769105,0.721222,0.789375,0.696679,0.793408,0.712763,0.654202,0.718676,0.790961,0.727334,0.786896,0.864801,0.815251
0.185642,0.315624,0.0420294,-0.0360503,-0.106255,0.167733,-0.076348,0.101796,0.0244435,-0.0465773,0.0304882,-0.00947674,0.00399143,0.10018,-0.024762,-0.038106,0.0643395,-0.107718,0.0855248,-0.0662802	-0.506169,-0.346647,-0.640373,-0.652418,-0.547505,-0.549609,-0.536051,-0.531517,-0.578694,-0.627682,-0.54059,-0.64603,-0.687465,-0.535241,-0.622171,-0.71931,-0.517497,-0.636356,-0.680937,-0.752914	0.632388,0.596958,0.664518,0.631213,0.468506,0.656794,0.479319,0.600806,0.594725,0.598606,0.561819,0.640474,0.689564,0.603083,0.606757,0.700402,0.563088,0.567541,0.724282,0.722699
0.234643,0.290106,0.0652515,-0.0365052,-0.0796461,0.202315,-0.0713405,0.0724283,0.0630615,-0.00392939,0.0103306,-0.0184743,-0.016928,0.0957213,-0.054324,-0.0563865,0.0439394,-0.114527,0.0357806,-0.0638317	-0.469201,-0.371911,-0.631654,-0.664726,-0.520082,-0.51005,-0.536433,-0.549937,-0.578476,-0.631412,-0.553131,-0.644274,-0.696539,-0.525738,-0.627117,-0.721265,-0.546674,-0.624586,-0.703827,-0.753373	0.63404,0.597545,0.669319,0.643844,0.459469,0.645732,0.4836,0.598525,0.618958,0.629044,0.56026,0.633338,0.68772,0.591683,0.592995,0.693066,0.576759,0.549356,0.72144,0.724376
0.850633,0.757269,0.848008,0.685197,0.796133,0.756944,0.75373,0.698097,0.629142,0.743127,0.781306,0.813815,0.778474,0.685594,0.729974,0.716454,0.632726,0.767602,0.765668,0.720814	0.848438,0.760605,0.818335,0.65943,0.766228,0.739168,0.781687,0.694501,0.633179,0.715164,0.77365,0.813004,0.76215,0.717754,0.764137,0.73436,0.633635,0.777541,0.768603,0.728293	0.00788477,-0.00786894,0.0969565,0.0470067,0.0766846,0.0403557,-0.0680512,0.00698036,-0.00671008,0.059681,0.0193556,0.00239681,0.0401388,-0.0633165,-0.0772582,-0.0377864,-0.00151681,-0.0246536,-0.00713297,-0.0157433
0.394807,0.388358,0.455863,0.352,0.477183,0.39224,0.451392,0.458805,0.432889,0.498686,0.457311,0.32033,0.445664,0.345752,0.286521,0.398828,0.297408,0.377833,0.403844,0.292711	0.516287,0.517108,0.61149,0.407628,0.466669,0.46828,0.518047,0.47412,0.479991,0.488214,0.455672,0.400085,0.472694,0.397057,0.348774,0.426312,0.358115,0.414875,0.388311,0.378619	-0.15258,-0.161103,-0.215776,-0.0649475,0.0135263,-0.0931491,-0.0869991,-0.0195729,-0.0594563,0.0138429,0.00207001,-0.0914787,-0.0342438,-0.0594695,-0.0691641,-0.0331138,-0.0679438,-0.043928,0.0184222,-0.0966153
0.588756,0.549997,0.663721,0.503007,0.617658,0.567014,0.508946,0.448031,0.503734,0.561462,0.604562,0.48202,0.610347,0.560776,0.433137,0.475893,0.389868,0.466577,0.524974,0.504795	0.628695,0.587165,0.66699,0.501244,0.596738,0.615064,0.568747,0.498588,0.519059,0.51537,0.623311,0.535032,0.592498,0.592291,0.46837,0.488243,0.410067,0.52538,0.475457,0.508526	-0.0634107,-0.0548968,-0.00586547,0.00235723,0.0331304,-0.0737803,-0.0841624,-0.0650989,-0.0207511,0.0648601,-0.0300874,-0.0714347,0.0279615,-0.0471881,-0.0442001,-0.0160883,-0.024043,-0.0778986,0.0659877,-0.00501903
-0.655671,-0.648795,-0.686974,-0.269545,-0.268202,-0.445237,-0.411847,-0.474275,-0.41136,-0.439869,-0.381151,-0.469122,-0.350819,-0.373044,-0.313206,-0.334477,-0.444417,-0.494155,-0.473347,-0.308724	-0.0947275,-0.0999337,-0.285406,-0.0918424,0.0836761,-0.142365,-0.0835699,-0.0908865,-0.142517,-0.104134,-0.048263,-0.0841902,-0.143312,-0.177982,-0.0483241,-0.0329106,0.00854211,-0.0787532,-0.026996,-0.0697232	-0.598092,-0.586915,-0.499505,-0.182214,-0.344155,-0.323369,-0.339978,-0.400659,-0.285585,-0.351851,-0.339126,-0.40076,-0.218493,-0.208934,-0.268953,-0.304923,-0.451246,-0.432223,-0.452128,-0.244258
-0.681082,-0.654136,-0.690234,-0.249398,-0.261624,-0.481004,-0.420709,-0.454199,-0.370222,-0.41983,-0.331372,-0.487225,-0.353779,-0.391722,-0.330805,-0.312982,-0.467006,-0.511313,-0.45537,-0.298544	-0.113153,-0.110372,-0.270265,-0.0992242,0.123186,-0.149577,-0.107716,-0.0551782,-0.126822,-0.138549,0.000871116,-0.099113,-0.147724,-0.187191,-0.0606021,-0.0106205,-0.0466268,-0.0742131,-0.0236627,-0.065916	-0.615352,-0.586078,-0.516279,-0.153984,-0.372796,-0.357122,-0.327851,-0.409278,-0.255391,-0.298653,-0.332147,-0.407805,-0.217418,-0.220716,-0.275731,-0.30337,-0.429737,-0.45434,-0.43641,-0.237298
0.369365,0.371773,0.446824,0.341502,0.448139,0.398044,0.488721,0.431705,0.415015,0.450853,0.453296,0.337045,0.447379,0.336447,0.309716,0.39816,0.277894,0.359362,0.410536,0.283471	0.492836,0.496083,0.634162,0.422855,0.466414,0.491425,0.527146,0.450426,0.457744,0.46976,0.459364,0.418021,0.490541,0.355254,0.339397,0.407566,0.337323,0.38629,0.39199,0.361756	-0.150949,-0.152422,-0.261411,-0.0950841,-0.0231047,-0.116089,-0.0517592,-0.0232399,-0.0527495,-0.0239865,-0.00766366,-0.0942554,-0.0552975,-0.0213607,-0.0331681,-0.0112279,-0.0655757,-0.0312687,0.0221035,-0.0872304
0.594252,0.513981,0.655559,0.493718,0.583568,0.534785,0.52085,0.439269,0.495476,0.529815,0.565285,0.473032,0.582374,0.529802,0.445301,0.482315,0.38149,0.459969,0.519538,0.520524	0.636691,0.547615,0.689336,0.518032,0.592516,0.600735,0.551833,0.493223,0.50675,0.51287,0.591634,0.526731,0.581113,0.528421,0.446309,0.476043,0.40091,0.508781,0.466835,0.51685	-0.0682702,-0.0468093,-0.0616253,-0.0326701,-0.0136777,-0.0971661,-0.0434806,-0.0688776,-0.0150543,0.0232677,-0.0395885,-0.0715195,0.00190619,0.00191872,-0.0012587,0.00814173,-0.0229256,-0.0637258,0.069578,0.00502626
-0.652131,-0.649362,-0.673091,-0.2632,-0.276897,-0.466821,-0.417728,-0.483354,-0.419502,-0.453863,-0.387367,-0.440984,-0.367571,-0.368133,-0.291218,-0.334875,-0.471421,-0.496941,-0.495719,-0.298027	-0.0809128,-0.103791,-0.223457,-0.0653413,0.0946619,-0.164406,-0.113566,-0.102825,-0.160947,-0.101472,-0.0531844,-0.0362004,-0.153429,-0.196781,-0.0473882,-0.0423438,-0.038797,-0.0876382,-0.0653551,-0.0628515	-0.603038,-0.584999,-0.529234,-0.201321,-0.362069,-0.327554,-0.31931,-0.40043,-0.277276,-0.369403,-0.341213,-0.41135,-0.22694,-0.184735,-0.247242,-0.296739,-0.440684,-0.42794,-0.444774,-0.239665
-0.676609,-0.653452,-0.676748,-0.239998,-0.272979,-0.508562,-0.431785,-0.459551,-0.374782,-0.440043,-0.335437,-0.452835,-0.37113,-0.391896,-0.308709,-0.308758,-0.498404,-0.515805,-0.481675,-0.286493	-0.0979583,-0.112937,-0.206679,-0.0693857,0.129739,-0.181961,-0.14438,-0.059012,-0.139557,-0.145332,0.00148913,-0.0398671,-0.159988,-0.212377,-0.0581877,-0.0132504,-0.0993978,-0.081613,-0.0653323,-0.0576932	-0.619726,-0.583583,-0.546509,-0.173502,-0.388943,-0.359906,-0.306514,-0.411704,-0.248207,-0.314846,-0.336758,-0.42056,-0.224469,-0.195816,-0.255104,-0.296722,-0.419804,-0.453273,-0.42987,-0.232645
0.503556,0.460166,0.564051,0.404835,0.443824,0.467594,0.452707,0.392858,0.449233,0.494642,0.440729,0.390974,0.482606,0.346522,0.367224,0.41575,0.351402,0.374666,0.382806,0.343197	0.422238,0.371206,0.414032,0.347219,0.434285,0.440488,0.445198,0.427683,0.418374,0.458095,0.46051,0.362863,0.438533,0.326314,0.33886,0.400138,0.31108,0.395926,0.35021,0.262977	0.103277,0.107286,0.195728,0.0670387,0.0118176,0.0341367,0.00940358,-0.0418579,0.0380009,0.047254,-0.0248174,0.0327581,0.0559044,0.0227846,0.0323957,0.0187281,0.0452699,-0.024964,0.037643,0.0881783
-0.580572,-0.556762,-0.580917,-0.217584,-0.267044,-0.400878,-0.374222,-0.461238,-0.388078,-0.447263,-0.371163,-0.421523,-0.302204,-0.343632,-0.285528,-0.270576,-0.44152,-0.47472,-0.485202,-0.269389	-0.0413031,-0.00745004,-0.156383,-0.0728734,0.0912556,-0.133652,-0.0861529,-0.0735704,-0.144179,-0.107686,-0.0355339,-0.0638851,-0.105767,-0.182208,-0.0710664,0.0321911,-0.048203,-0.0722142,-0.0280517,-0.0931945	-0.552517,-0.5516,-0.466955,-0.147042,-0.349775,-0.282354,-0.297666,-0.401285,-0.258355,-0.35676,-0.340115,-0.367536,-0.202923,-0.172206,-0.218903,-0.300152,-0.40187,-0.416794,-0.463458,-0.180732
-0.612892,-0.547072,-0.583259,-0.201877,-0.266867,-0.438358,-0.384799,-0.444297,-0.346732,-0.420606,-0.337083,-0.430974,-0.299978,-0.372784,-0.297217,-0.253098,-0.453905,-0.501987,-0.471614,-0.266885	-0.0601589,0.0132913,-0.137485,-0.0871296,0.121203,-0.141116,-0.11147,-0.0458719,-0.128255,-0.130734,-0.0104097,-0.0632989,-0.105354,-0.203685,-0.0751828,0.0494482,-0.0898766,-0.0816263,-0.0259935,-0.0988247	-0.573893,-0.556318,-0.484636,-0.116801,-0.375911,-0.316842,-0.285578,-0.406714,-0.228644,-0.306739,-0.327824,-0.377986,-0.200976,-0.182994,-0.227109,-0.298807,-0.379511,-0.438321,-0.451151,-0.172613
-0.646523,-0.626858,-0.654498,-0.255208,-0.289851,-0.417214,-0.370341,-0.428179,-0.393886,-0.450792,-0.380211,-0.424084,-0.343978,-0.384488,-0.289865,-0.28367,-0.456799,-0.46613,-0.496314,-0.30861	-0.109345,-0.0847501,-0.197109,-0.0718806,0.068759,-0.137073,-0.070375,-0.0509074,-0.132738,-0.0876394,-0.0619585,-0.0490892,-0.123169,-0.216086,-0.0513534,0.0264117,-0.0412437,-0.0791293,-0.0249582,-0.0760155	-0.578042,-0.572524,-0.525135,-0.186753,-0.351602,-0.297134,-0.307993,-0.385679,-0.275554,-0.37809,-0.32593,-0.382967,-0.230578,-0.183661,-0.242116,-0.307776,-0.423534,-0.401822,-0.477268,-0.238182
-0.679865,-0.631424,-0.664783,-0.242215,-0.284857,-0.453234,-0.376357,-0.409583,-0.347974,-0.418056,-0.34225,-0.4251,-0.340337,-0.406275,-0.301338,-0.258102,-0.476564,-0.48693,-0.483019,-0.306782	-0.144514,-0.09236,-0.194818,-0.0886406,0.104445,-0.144802,-0.0889008,-0.0210733,-0.110464,-0.0997902,-0.030545,-0.0369281,-0.119962,-0.229493,-0.0558475,0.055709,-0.092858,-0.0775595,-0.0232839,-0.0822377	-0.593681,-0.572449,-0.539887,-0.156944,-0.378053,-0.330095,-0.297407,-0.391892,-0.247004,-0.332122,-0.314998,-0.394363,-0.229755,-0.194959,-0.249693,-0.309363,-0.401472,-0.425437,-0.464964,-0.230355
0.706875,0.697963,0.728192,0.901617,0.844219,0.767506,0.823696,0.701497,0.821078,0.803945,0.766111,0.775665,0.792753,0.798733,0.832752,0.786612,0.826738,0.660071,0.74119,0.769548	0.782255,0.685966,0.752331,0.857226,0.885034,0.847776,0.812429,0.6924,0.766159,0.712308,0.740226,0.796917,0.79197,0.821031,0.850156,0.786451,0.784287,0.711355,0.705382,0.758594	-0.168619,0.0230154,-0.0533872,0.195461,-0.161429,-0.229783,0.0340587,0.0176896,0.148061,0.214435,0.0597931,-0.0556525,0.00210342,-0.0647792,-0.0595959,0.000424078,0.120738,-0.0966775,0.0750392,0.0263178
0.853916,0.769473,0.843805,0.683641,0.803127,0.761604,0.743733,0.670263,0.634699,0.736909,0.781488,0.816786,0.781675,0.694122,0.741247,0.716679,0.64671,0.765604,0.764699,0.715384	0.854572,0.767642,0.812218,0.656534,0.77838,0.738014,0.775721,0.675254,0.637915,0.703974,0.779846,0.811852,0.772308,0.71446,0.767421,0.736434,0.635605,0.762841,0.767377,0.729987	-0.00242771,0.00447175,0.100391,0.0491817,0.0660168,0.0538685,-0.0756104,-0.009117,-0.00540467,0.0684394,0.00420493,0.0146468,0.0236373,-0.040348,-0.0607082,-0.0418357,0.0188557,0.00664135,-0.00648125,-0.0305654
0.413417,0.387284,0.442203,0.350516,0.496425,0.384901,0.452244,0.430566,0.447569,0.479086,0.465844,0.322341,0.472914,0.365699,0.302199,0.403308,0.311897,0.366636,0.402771,0.284264	0.538175,0.530004,0.593307,0.403405,0.500688,0.463849,0.507072,0.446599,0.479593,0.456007,0.453515,0.400765,0.496497,0.389702,0.360171,0.431345,0.366415,0.383055,0.383351,0.370707	-0.160457,-0.179582,-0.204848,-0.0615988,-0.0056727,-0.096107,-0.0711432,-0.0198506,-0.0407772,0.0295308,0.0156317,-0.0900579,-0.030819,-0.0279922,-0.0650528,-0.0339415,-0.0615518,-0.0191013,0.0229655,-0.096626
0.603202,0.556868,0.65964,0.49734,0.640532,0.564512,0.506006,0.421248,0.509129,0.553392,0.611668,0.475931,0.633921,0.568544,0.438963,0.479247,0.417012,0.4587,0.529603,0.498532	0.643815,0.594815,0.650499,0.495475,0.618617,0.613463,0.558903,0.469764,0.521106,0.486461,0.622992,0.538282,0.605237,0.593088,0.478352,0.493701,0.41667,0.497382,0.471097,0.504345	-0.0664006,-0.056742,0.0160105,0.00247431,0.0362983,-0.0748844,-0.073755,-0.0604857,-0.0163024,0.0915866,-0.0182956,-0.0838256,0.0465391,-0.0370304,-0.0498583,-0.0189334,0.000412764,-0.0501162,0.077955,-0.0077655
-0.676759,-0.702166,-0.709223,-0.250939,-0.215433,-0.501895,-0.38899,-0.518553,-0.426202,-0.446374,-0.397065,-0.467113,-0.349462,-0.412795,-0.303557,-0.321971,-0.464545,-0.47936,-0.490957,-0.297327	-0.00536034,-0.0618331,-0.351999,-0.0868883,0.159782,-0.168169,-0.106337,-0.155267,-0.15081,-0.177603,-0.0524232,-0.0796037,-0.0769567,-0.18921,-0.0284814,-0.0229414,0.0327763,-0.138526,-0.0363676,-0.0836127	-0.673843,-0.669396,-0.476073,-0.167708,-0.362729,-0.36449,-0.294849,-0.395096,-0.294308,-0.291913,-0.351968,-0.402474,-0.280036,-0.242528,-0.277475,-0.301255,-0.489863,-0.365076,-0.462854,-0.219163
-0.710295,-0.70363,-0.717454,-0.232135,-0.221354,-0.545517,-0.402497,-0.492105,-0.395598,-0.440669,-0.336534,-0.482809,-0.348037,-0.429754,-0.309672,-0.298598,-0.481703,-0.494395,-0.462856,-0.287662	-0.0220567,-0.0728836,-0.343416,-0.0947936,0.203227,-0.178678,-0.130891,-0.119336,-0.134827,-0.211694,-0.00178725,-0.0941518,-0.081688,-0.198525,-0.0402175,-0.00123175,-0.0245295,-0.135161,-0.0322713,-0.0797351	-0.699192,-0.664841,-0.496325,-0.140431,-0.406303,-0.406457,-0.286711,-0.396026,-0.275464,-0.252533,-0.334948,-0.407166,-0.274143,-0.252797,-0.272852,-0.297476,-0.46264,-0.384958,-0.437114,-0.212808
0.389679,0.370473,0.433116,0.341392,0.468857,0.391419,0.492228,0.404309,0.428088,0.428665,0.462597,0.337477,0.476505,0.353963,0.323666,0.403686,0.291635,0.343832,0.409634,0.275805	0.513751,0.513959,0.617848,0.421584,0.497189,0.494155,0.514298,0.415359,0.456568,0.439663,0.452023,0.421109,0.509432,0.357482,0.356569,0.411682,0.356759,0.362995,0.387411,0.347882	-0.155129,-0.177232,-0.252228,-0.0936735,-0.0369447,-0.127373,-0.0295507,-0.0132803,-0.0353985,-0.013553,0.0133697,-0.0974863,-0.0434821,-0.00402838,-0.037196,-0.00959004,-0.0726868,-0.0218952,0.0264148,-0.0797272
0.609689,0.521944,0.651584,0.490627,0.607702,0.531415,0.519663,0.414411,0.500156,0.518312,0.574798,0.464916,0.609839,0.533672,0.448886,0.487261,0.407367,0.448474,0.523983,0.515491	0.649922,0.561658,0.674715,0.516088,0.610719,0.604366,0.539351,0.457979,0.508903,0.4856,0.587692,0.53199,0.590727,0.537234,0.462119,0.481056,0.418178,0.49018,0.462515,0.506921	-0.06664,-0.0561852,-0.0412775,-0.0340947,-0.00479742,-0.107465,-0.0273559,-0.0537738,-0.0117341,0.0437148,-0.0194711,-0.0891149,0.029875,-0.00499375,-0.0166964,0.00810506,-0.0130308,-0.0534572,0.0811304,0.0116021
-0.674318,-0.700853,-0.695106,-0.245523,-0.225073,-0.518918,-0.39439,-0.530656,-0.436532,-0.46344,-0.402001,-0.437036,-0.366748,-0.406571,-0.279725,-0.323326,-0.489066,-0.479233,-0.513087,-0.287248	0.00478838,-0.0563516,-0.29091,-0.060007,0.16645,-0.183973,-0.13912,-0.177861,-0.170117,-0.173269,-0.0638562,-0.0263146,-0.094705,-0.19612,-0.0196596,-0.0343824,-0.00127796,-0.132227,-0.0751261,-0.0835037	-0.67692,-0.671002,-0.506647,-0.18829,-0.377385,-0.370296,-0.270089,-0.389563,-0.287786,-0.315506,-0.347054,-0.4155,-0.281832,-0.228686,-0.261503,-0.292192,-0.488093,-0.370482,-0.45552,-0.208751
-0.707553,-0.700462,-0.703963,-0.222943,-0.233399,-0.568796,-0.413541,-0.500881,-0.401691,-0.464434,-0.340237,-0.446736,-0.365406,-0.427844,-0.28511,-0.295159,-0.50986,-0.496669,-0.488957,-0.27608	-0.0105324,-0.0658322,-0.280435,-0.0642631,0.205308,-0.206015,-0.170475,-0.13422,-0.147987,-0.217527,-0.00791253,-0.0297631,-0.101791,-0.211539,-0.029863,-0.00584172,-0.0639257,-0.127868,-0.0738258,-0.0781417	-0.702254,-0.66531,-0.527705,-0.160986,-0.418646,-0.410935,-0.261501,-0.393088,-0.269738,-0.274654,-0.333221,-0.422592,-0.273799,-0.237831,-0.257439,-0.289817,-0.460958,-0.393811,-0.430677,-0.202303
0.52314,0.473325,0.554462,0.40216,0.480737,0.463421,0.447079,0.365821,0.450062,0.478571,0.444593,0.384289,0.515213,0.345226,0.375157,0.420452,0.37749,0.359476,0.385186,0.332634	0.439635,0.371284,0.396611,0.346949,0.455428,0.434167,0.444719,0.398075,0.430701,0.43372,0.467754,0.366728,0.463601,0.345169,0.355329,0.406305,0.323088,0.381403,0.347892,0.254078	0.108448,0.123798,0.202348,0.0641643,0.0324032,0.0366233,0.00294537,-0.0377511,0.0240172,0.056599,-0.0292425,0.0204419,0.0678084,6.44976e-05,0.0228776,0.0170623,0.0619586,-0.025411,0.043065,0.0858078
-0.610995,-0.628905,-0.604036,-0.198699,-0.215809,-0.456924,-0.345157,-0.506625,-0.40171,-0.452023,-0.38468,-0.419123,-0.299311,-0.384022,-0.274009,-0.258905,-0.457573,-0.450724,-0.501683,-0.255579	0.03753,0.0118228,-0.215651,-0.0667659,0.150473,-0.158352,-0.0944945,-0.139288,-0.137711,-0.167976,-0.0270643,-0.058156,-0.03586,-0.167171,-0.0477178,0.0406521,-0.0201091,-0.106236,-0.0327067,-0.106125	-0.633987,-0.635999,-0.446553,-0.133707,-0.354762,-0.32186,-0.259114,-0.395228,-0.279458,-0.307386,-0.361378,-0.369986,-0.26631,-0.231727,-0.229289,-0.296437,-0.441526,-0.361812,-0.476799,-0.15362
-0.655049,-0.612587,-0.611893,-0.183439,-0.227141,-0.50427,-0.361192,-0.482946,-0.372185,-0.438271,-0.341302,-0.427089,-0.291088,-0.410578,-0.27384,-0.238489,-0.462176,-0.474208,-0.478387,-0.254312	0.0220436,0.0353539,-0.200997,-0.0809442,0.182829,-0.169657,-0.12061,-0.111164,-0.122112,-0.190849,-0.0014496,-0.0575231,-0.0359376,-0.188906,-0.0510857,0.0578494,-0.0624537,-0.11509,-0.0301416,-0.111903	-0.667455,-0.634206,-0.468519,-0.10404,-0.393624,-0.365919,-0.25154,-0.392874,-0.261979,-0.270006,-0.340021,-0.378874,-0.257848,-0.24031,-0.225915,-0.292305,-0.411603,-0.379849,-0.454803,-0.146581
-0.670312,-0.682173,-0.670001,-0.237718,-0.236061,-0.475944,-0.343885,-0.471766,-0.40904,-0.455978,-0.393709,-0.423904,-0.339208,-0.423592,-0.280299,-0.273377,-0.4685,-0.442465,-0.51065,-0.296732	-0.0269196,-0.0480357,-0.24511,-0.0677622,0.146644,-0.162504,-0.0852571,-0.11083,-0.13771,-0.140398,-0.0578238,-0.0554286,-0.0425546,-0.221259,-0.0364976,0.0334989,0.00546977,-0.11294,-0.0235073,-0.0912968	-0.655215,-0.655621,-0.508379,-0.172739,-0.3699,-0.339715,-0.26644,-0.380849,-0.287526,-0.337165,-0.34371,-0.377342,-0.300998,-0.223257,-0.246322,-0.304091,-0.472758,-0.346858,-0.493061,-0.211155
-0.714035,-0.681422,-0.685608,-0.225462,-0.243203,-0.520668,-0.353611,-0.446518,-0.374891,-0.437335,-0.345963,-0.42293,-0.330418,-0.442981,-0.2802,-0.245879,-0.481752,-0.459781,-0.488115,-0.296014	-0.0644342,-0.0555217,-0.247994,-0.0845546,0.185293,-0.173649,-0.103952,-0.0809096,-0.115395,-0.153544,-0.0253151,-0.0432581,-0.039462,-0.234406,-0.0404795,0.0632138,-0.0473321,-0.111494,-0.02154,-0.0975763	-0.680929,-0.650511,-0.527263,-0.143646,-0.410019,-0.381512,-0.259187,-0.379312,-0.27123,-0.30422,-0.323481,-0.386748,-0.2948,-0.232742,-0.24247,-0.304362,-0.444557,-0.367106,-0.471533,-0.20434
0.661589,0.645871,0.716223,0.905532,0.846424,0.730924,0.831799,0.692295,0.801419,0.7905,0.777918,0.77944,0.800889,0.789701,0.842401,0.793594,0.824982,0.686584,0.74261,0.774504	0.776581,0.603981,0.753348,0.861446,0.906529,0.843905,0.824847,0.660365,0.770585,0.72624,0.736768,0.795405,0.78935,0.810835,0.839014,0.784461,0.765906,0.731279,0.682492,0.764613	-0.2365,0.0686812,-0.08063,0.200452,-0.258305,-0.294859,0.0221448,0.0588197,0.0806246,0.150879,0.0964009,-0.0420085,0.0313713,-0.0587547,0.0115518,0.0241959,0.16047,-0.0897653,0.121899,0.0242542
-0.126045,-0.0536493,-0.0167721,-0.01488,-0.07396,0.038412,0.0830386,-0.0628818,-0.0360828,-0.098284,0.00172148,0.0602638,0.0268194,-0.0332867,0.0422324,-0.0198558,-0.0387796,-0.0663548,0.0104054,-0.0254024	-0.733537,-0.564747,-0.647988,-0.451593,-0.573293,-0.495567,-0.476787,-0.428559,-0.309564,-0.514498,-0.565119,-0.665314,-0.520929,-0.516842,-0.585616,-0.507292,-0.43329,-0.625074,-0.586273,-0.553575	0.669382,0.527066,0.638151,0.439668,0.521443,0.524004,0.538505,0.375805,0.276571,0.438382,0.566289,0.697608,0.540201,0.49202,0.612696,0.492396,0.401252,0.582896,0.59306,0.535705
0.0182359,-0.134054,-0.000471691,-0.0152022,-0.0779242,-0.0762696,0.00684356,-0.0192527,-0.0170992,-0.05334,-0.11282,-0.0317349,-0.0718304,-0.0991036,0.0053257,-0.004331,-0.022687,-0.0361856,-0.0290495,0.0385332	-0.588714,-0.51523,-0.529682,-0.33846,-0.450894,-0.393518,-0.469839,-0.38767,-0.229961,-0.439185,-0.468975,-0.61327,-0.439008,-0.352989,-0.520038,-0.45291,-0.370139,-0.53937,-0.532279,-0.390166	0.600503,0.409457,0.529343,0.32493,0.386552,0.327065,0.475155,0.371187,0.213702,0.395101,0.376051,0.593078,0.379133,0.263089,0.523912,0.449461,0.350395,0.5132,0.511132,0.422349
0.0209425,0.00252256,0.0370687,0.00256381,-0.0485179,-0.0904874,0.00334351,-0.0272309,-0.0289598,-0.0538305,-0.0327451,0.114456,-0.0611221,0.0278903,0.0840304,0.0208541,-0.0653112,0.00913607,-0.0665151,0.0282999	-0.856009,-0.777986,-0.851418,-0.697421,-0.774353,-0.797989,-0.781139,-0.723755,-0.683558,-0.757709,-0.801251,-0.802455,-0.796715,-0.737258,-0.750946,-0.720825,-0.662854,-0.781272,-0.777926,-0.726035	0.861507,0.77898,0.861303,0.698735,0.75417,0.762564,0.782439,0.710527,0.667818,0.733809,0.789213,0.839781,0.773248,0.749732,0.785415,0.730695,0.624582,0.784806,0.75023,0.739148
0.0223254,0.00395496,0.033837,0.00984867,-0.0579967,-0.105608,-0.0121989,-0.0128393,-0.0195114,-0.0707622,-0.0192847,0.137162,-0.0673032,0.0160941,0.0873245,0.031488,-0.0722046,0.0136249,-0.0744155,0.0310046	-0.858596,-0.780519,-0.849784,-0.694694,-0.766332,-0.798011,-0.788408,-0.712163,-0.674586,-0.768933,-0.79298,-0.796881,-0.796621,-0.739914,-0.751679,-0.709204,-0.679556,-0.77585,-0.779999,-0.723907	0.864353,0.78206,0.858923,0.699755,0.741282,0.756127,0.783747,0.705777,0.663811,0.738346,0.785711,0.842009,0.770636,0.747111,0.787323,0.724513,0.63869,0.781217,0.749062,0.73834
-0.197174,-0.210028,-0.333392,-0.177772,-0.286732,-0.199889,-0.128486,-0.0959044,-0.0988655,-0.131387,-0.260605,-0.164787,-0.223198,-0.329745,-0.100352,-0.100816,-0.0604371,-0.15068,-0.207994,-0.243956	0.052365,-0.0353648,-0.107079,-0.0102721,-0.0802319,0.0800446,-0.044207,-0.0686816,-0.0161501,-0.0497373,0.00686122,0.0519849,0.00479764,-0.0459113,0.0756846,-0.00948787,0.0208143,0.00687428,-0.0726396,-0.0432701	-0.246989,-0.175971,-0.234692,-0.167806,-0.211363,-0.275526,-0.0847606,-0.0274033,-0.0828477,-0.0821872,-0.266989,-0.21493,-0.227751,-0.288196,-0.17471,-0.0914155,-0.0811493,-0.157391,-0.137431,-0.202827
0.186679,0.232271,0.341999,0.0909789,-0.00344575,0.100572,0.0822688,0.0403636,0.0566389,-0.0180102,0.0124652,0.110009,0.0750234,0.0540304,0.0438457,0.102701,0.0155399,0.0490123,-0.0183239,0.0674554	-0.397875,-0.379641,-0.476226,-0.393196,-0.440108,-0.446513,-0.490166,-0.481752,-0.497649,-0.538302,-0.4835,-0.34225,-0.473427,-0.439752,-0.33825,-0.367098,-0.330722,-0.399101,-0.407163,-0.342287	0.544138,0.562326,0.703626,0.467453,0.437326,0.523573,0.550246,0.512157,0.539093,0.525385,0.492994,0.435849,0.529638,0.482323,0.376512,0.452731,0.344491,0.439516,0.391762,0.400495
0.184851,0.254811,0.343667,0.0828589,-0.0148527,0.0974852,0.0791021,0.030298,0.0577431,-0.00403846,-0.0161589,0.124197,0.0784238,0.0402207,0.0518618,0.0967548,0.0257995,0.0369638,-0.0192558,0.056705	-0.402721,-0.369286,-0.473786,-0.402968,-0.42787,-0.444977,-0.498767,-0.473486,-0.490761,-0.546129,-0.480865,-0.339078,-0.469376,-0.450022,-0.336332,-0.354996,-0.349502,-0.404004,-0.406746,-0.346855	0.546862,0.570421,0.702989,0.47013,0.415659,0.519909,0.555936,0.496659,0.533389,0.543288,0.468345,0.444553,0.528351,0.481527,0.381539,0.436749,0.371948,0.43448,0.390549,0.395776
0.0497281,0.0697878,0.118477,0.0273192,-0.056502,0.0792887,0.101467,0.109837,0.0308619,-0.0466527,0.0104808,0.109743,0.000535653,-0.00835678,0.0406279,0.086039,-0.0258269,0.0750872,-0.0613012,-0.00465894	-0.613953,-0.575304,-0.681936,-0.535834,-0.602452,-0.605694,-0.533251,-0.457493,-0.551724,-0.583521,-0.637002,-0.485605,-0.629472,-0.643454,-0.468327,-0.445904,-0.421524,-0.48873,-0.523704,-0.53187	0.644019,0.620191,0.740579,0.555028,0.565189,0.653594,0.602138,0.540185,0.572832,0.551893,0.643189,0.565226,0.629795,0.638531,0.499452,0.512289,0.400052,0.543859,0.47774,0.528521
0.0359612,0.072634,0.101204,0.0139194,-0.0610346,0.0749379,0.108835,0.102349,0.0412666,-0.0179465,-0.0177318,0.138098,0.0107071,-0.0137088,0.0496993,0.093759,-0.0241988,0.0724186,-0.0628625,-0.0176213	-0.621341,-0.57752,-0.687104,-0.544753,-0.590602,-0.603065,-0.537324,-0.447988,-0.540168,-0.585692,-0.635901,-0.47412,-0.623877,-0.645601,-0.466385,-0.426017,-0.442586,-0.487556,-0.524072,-0.537036	0.642937,0.62398,0.737055,0.554468,0.54937,0.648687,0.61046,0.52621,0.568757,0.573777,0.625219,0.574596,0.630373,0.637535,0.504393,0.499812,0.422916,0.540877,0.476922,0.524377
0.900775,0.883308,0.880013,0.923817,0.887715,0.893375,0.897388,0.83417,0.873725,0.883868,0.821656,0.893713,0.866812,0.869215,0.90082,0.838122,0.914988,0.831197,0.860971,0.828019	0.893204,0.878143,0.896641,0.914761,0.925664,0.891636,0.876086,0.864763,0.882268,0.851402,0.864111,0.883139,0.862405,0.863782,0.889524,0.85831,0.874283,0.836342,0.863102,0.830806	0.0387373,0.0230244,-0.0788251,0.0584524,-0.21287,0.00854953,0.0996303,-0.109795,-0.0372809,0.131187,-0.1464,0.0501781,0.0174556,0.0218022,0.0568494,-0.0719372,0.203484,-0.0168763,-0.00829461,-0.00892857
-0.197489,-0.137764,-0.330019,-0.168447,-0.238389,-0.159418,-0.138402,-0.0803727,-0.0837775,-0.0930002,-0.203696,-0.155336,-0.187802,-0.266569,-0.105253,-0.0981834,-0.0446623,-0.13206,-0.196344,-0.261418	0.110356,-0.00216434,-0.0976255,0.000596296,-0.0304956,0.0497328,-0.0947812,-0.0248207,0.0137428,0.0168025,0.00538109,0.0233408,-0.0124719,-0.0189136,0.0532337,0.00332294,0.0482163,0.0430207,-0.0778745,-0.0279236	-0.301278,-0.13564,-0.24013,-0.169026,-0.209416,-0.207505,-0.0442004,-0.0556631,-0.0974081,-0.109631,-0.208848,-0.178032,-0.175741,-0.24891,-0.157604,-0.101473,-0.092679,-0.174091,-0.120309,-0.235211
0.17479,0.224464,0.327464,0.089175,0.0201254,0.152041,0.0831659,0.0557408,0.0763866,0.0170333,0.0290075,0.0663056,0.108304,0.0363099,0.00518385,0.0901788,0.0560078,0.0440314,0.0139952,0.0522508	-0.375334,-0.363159,-0.478121,-0.388813,-0.411336,-0.448802,-0.514583,-0.452879,-0.476922,-0.494588,-0.479697,-0.366672,-0.473174,-0.428664,-0.360773,-0.362904,-0.303971,-0.381528,-0.405593,-0.336034	0.516256,0.543333,0.696531,0.46197,0.427919,0.562463,0.573218,0.496097,0.53386,0.507347,0.501723,0.422701,0.553133,0.457847,0.365274,0.438725,0.353953,0.418529,0.41722,0.381585
0.172577,0.245859,0.329529,0.0761379,0.0139781,0.158542,0.0892624,0.0370372,0.0709495,0.0411629,-0.00646498,0.0706136,0.115139,0.0296602,0.0121103,0.0780519,0.0698917,0.0298264,0.0168902,0.0402056	-0.380314,-0.353073,-0.474987,-0.399221,-0.396812,-0.44646,-0.521631,-0.445417,-0.472454,-0.501316,-0.479557,-0.364924,-0.468767,-0.437362,-0.359066,-0.35199,-0.32159,-0.386493,-0.40541,-0.340952	0.518837,0.551094,0.695634,0.461336,0.408524,0.565009,0.583715,0.474624,0.525779,0.531511,0.474564,0.424596,0.554005,0.461042,0.36957,0.418543,0.382876,0.411575,0.419428,0.376003
0.0412283,0.0640674,0.0981198,0.0256965,-0.0246736,0.135858,0.0989896,0.126252,0.053208,-0.00949901,0.0299197,0.0561828,0.0391212,-0.0282181,-0.00516812,0.0731861,0.0193887,0.0698248,-0.0246282,-0.0232866	-0.621784,-0.540921,-0.687286,-0.535713,-0.568118,-0.5739,-0.533942,-0.446996,-0.539465,-0.556913,-0.602069,-0.490455,-0.602556,-0.613688,-0.478371,-0.449645,-0.401395,-0.481861,-0.509804,-0.549077	0.646441,0.584725,0.735787,0.553787,0.551171,0.658422,0.601157,0.542625,0.576136,0.550325,0.620806,0.531979,0.6269,0.595787,0.474376,0.506174,0.417534,0.533728,0.491345,0.5326
0.0267695,0.0660178,0.0818241,0.00651894,-0.0227218,0.141693,0.116398,0.109618,0.0561788,0.0300905,-0.00500371,0.0731935,0.052833,-0.0246141,0.00226593,0.0744072,0.0253455,0.0647353,-0.0219578,-0.0384092	-0.629478,-0.543855,-0.691371,-0.545425,-0.552277,-0.568985,-0.537214,-0.439135,-0.529829,-0.556869,-0.603785,-0.480958,-0.595854,-0.614329,-0.476376,-0.431957,-0.420979,-0.481749,-0.509976,-0.555034	0.645372,0.588734,0.731797,0.549988,0.536285,0.657657,0.615146,0.52355,0.569069,0.577286,0.600596,0.535307,0.628889,0.598769,0.478126,0.490596,0.441612,0.529957,0.493545,0.527878
0.900467,0.881791,0.882546,0.922206,0.89254,0.90379,0.901292,0.834578,0.870107,0.890774,0.819581,0.884715,0.871012,0.871618,0.895581,0.83374,0.920089,0.827765,0.864361,0.826305	0.893146,0.877168,0.898409,0.916845,0.92569,0.895263,0.874007,0.872046,0.88301,0.8514,0.866668,0.882225,0.863641,0.860447,0.885517,0.859862,0.877283,0.834824,0.863409,0.830513	0.0374008,0.0204074,-0.0765949,0.0347037,-0.190754,0.0446771,0.128541,-0.137645,-0.0556902,0.162977,-0.162541,0.0113444,0.0297494,0.0446799,0.0486285,-0.0922716,0.221998,-0.0228464,0.00375223,-0.0134108
-0.149213,-0.164636,-0.230849,-0.0679146,-0.0391614,-0.0373192,0.010997,0.064037,-0.0260899,-0.0263498,-0.00421464,-0.0180935,-0.0744056,-0.0586819,-0.0096054,-0.0246524,-0.0392012,0.0171327,-0.0341204,-0.0685638	-0.537543,-0.499703,-0.618441,-0.451052,-0.421752,-0.518844,-0.479247,-0.409132,-0.50632,-0.520089,-0.48632,-0.405767,-0.530077,-0.463277,-0.39166,-0.40116,-0.371604,-0.404088,-0.386718,-0.374996	0.422193,0.365104,0.452143,0.395245,0.389016,0.491033,0.487674,0.461089,0.486659,0.5006,0.483095,0.390541,0.474382,0.415902,0.383498,0.380269,0.337317,0.418324,0.357312,0.314519
-0.157211,-0.184436,-0.245912,-0.0711591,-0.0318047,-0.0374605,0.0203503,0.0666273,-0.0177289,-0.012832,0.00231353,-0.00715357,-0.069887,-0.049385,-0.0101195,-0.0113134,-0.0478383,0.027079,-0.0345044,-0.0682688	-0.544874,-0.5065,-0.624838,-0.460416,-0.402086,-0.516733,-0.483738,-0.397251,-0.496693,-0.526099,-0.47441,-0.398114,-0.525755,-0.465376,-0.391721,-0.380921,-0.396058,-0.400624,-0.386581,-0.377263	0.423981,0.35525,0.44772,0.402443,0.375078,0.488733,0.499175,0.451917,0.483219,0.516756,0.476201,0.392077,0.473258,0.425776,0.38312,0.371207,0.354944,0.423113,0.356836,0.317162
0.884637,0.849029,0.862887,0.921558,0.893257,0.894742,0.898517,0.835558,0.868751,0.880198,0.83012,0.87861,0.850879,0.874211,0.888061,0.830326,0.906766,0.827915,0.866361,0.8206	0.874271,0.863072,0.880571,0.905328,0.921695,0.891588,0.874292,0.859151,0.878654,0.857572,0.851665,0.879832,0.850186,0.857129,0.884261,0.848325,0.874122,0.822879,0.867708,0.813345	0.0457462,-0.0525511,-0.073631,0.0979557,-0.16095,0.0155947,0.112971,-0.0836261,-0.0418403,0.0922882,-0.0735281,-0.00538421,0.00250393,0.068141,0.0176932,-0.060887,0.15741,0.0158015,-0.00542645,0.0218148
0.901711,0.874265,0.88117,0.926425,0.890974,0.892877,0.893258,0.825825,0.865446,0.876474,0.831046,0.87376,0.858539,0.872307,0.889959,0.823701,0.916187,0.821759,0.868822,0.830832	0.885239,0.870481,0.887803,0.908306,0.924714,0.889313,0.875843,0.852309,0.881005,0.863944,0.857534,0.884195,0.861034,0.863565,0.885641,0.853089,0.877341,0.825141,0.869855,0.823864	0.0816367,0.0158336,-0.0304673,0.114298,-0.19159,0.0173021,0.0800156,-0.0894302,-0.0654991,0.0516117,-0.0921828,-0.0458847,-0.00956911,0.0354356,0.0203834,-0.0988444,0.198003,-0.0105064,-0.0042289,0.0220835
