0.429339,0.16964,0.542528,0.809616,0.340162,0.361004,0.6738,0.755131,0.805479,0.302872,0.858545,0.766483,0.694684,0.614447,0.446085,0.633963,0.339161,0.265488,0.195996,0.30609	0.510759,0.144268,0.75284,0.705397,0.355719,0.45076,0.738309,0.673058,0.839995,0.269804,0.840293,0.697017,0.827297,0.390046,0.548115,0.572262,0.357725,0.0319999,0.514241,0.293192	-0.10429,0.026009,-0.355519,0.242993,-0.0176986,-0.1072,-0.12837,0.166898,-0.106728,0.0360107,0.0655174,0.149148,-0.311819,0.295134,-0.135051,0.09683,-0.0211273,0.235488,-0.353916,0.0141689
0.402627,0.182914,0.534059,0.82324,0.317815,0.348936,0.657478,0.755876,0.813232,0.361277,0.896748,0.788236,0.715396,0.621084,0.416391,0.641377,0.34642,0.257913,0.193566,0.183369	0.495721,0.0873504,0.843772,0.711881,0.0970197,0.15196,0.588407,0.632758,0.899038,0.434557,0.936703,0.750223,0.890734,0.363578,0.719673,0.64139,0.402915,0.0427905,0.553364,-0.0654401	-0.116308,0.0971149,-0.563755,0.269016,0.22782,0.208005,0.112653,0.235988,-0.319131,-0.0869272,-0.249699,0.0930215,-0.483328,0.332615,-0.433053,-2.14234e-05,-0.065659,0.217523,-0.402959,0.245859
-0.283186,-0.128441,-0.613867,-0.791627,-0.20776,-0.225158,-0.475599,-0.497022,-0.701382,-0.124224,-0.739931,-0.394626,-0.647004,-0.181661,-0.349676,-0.513716,0.131037,0.118324,0.0292792,-0.0126175	-0.83768,-0.599829,-0.92897,-0.970174,-0.753611,-0.809392,-0.917377,-0.939096,-0.960897,-0.586232,-0.965337,-0.911094,-0.952568,-0.850252,-0.845424,-0.885958,-0.754758,-0.478799,-0.596181,-0.593304	0.726937,0.510737,0.733248,0.769649,0.64718,0.714433,0.783717,0.829019,0.79595,0.498296,0.788915,0.806403,0.796395,0.790724,0.703811,0.683177,0.806074,0.565108,0.61473,0.585066
-0.252922,-0.13836,-0.587798,-0.774961,-0.204646,-0.301576,-0.470386,-0.496606,-0.69843,-0.112657,-0.74424,-0.390386,-0.639275,-0.179644,-0.36958,-0.507799,0.132761,0.116488,0.0136591,0.00778777	-0.829589,-0.598472,-0.924928,-0.967794,-0.757506,-0.83069,-0.917541,-0.938564,-0.96089,-0.586827,-0.966521,-0.909405,-0.951682,-0.846867,-0.857404,-0.884189,-0.761903,-0.477366,-0.604745,-0.576179	0.729794,0.501651,0.738786,0.771339,0.654287,0.70597,0.78669,0.827785,0.798027,0.507736,0.791945,0.804705,0.797743,0.786944,0.714111,0.683091,0.812481,0.562571,0.613338,0.581358
-0.106941,-0.0829662,-0.309947,-0.3751,-0.076495,-0.0992187,-0.106827,-0.0866319,-0.151795,0.0137493,0.104471,0.118821,0.0743419,0.158335,0.0310669,0.000490263,0.207549,0.164704,0.0738043,0.0983883	-0.767091,-0.530992,-0.853832,-0.895827,-0.671654,-0.723752,-0.824571,-0.848956,-0.850664,-0.431629,-0.744668,-0.747455,-0.781063,-0.710783,-0.674749,-0.685499,-0.688945,-0.526354,-0.561792,-0.485133	0.719143,0.468673,0.73962,0.784257,0.627393,0.672851,0.787074,0.822841,0.802492,0.442751,0.787847,0.795615,0.808461,0.7812,0.691324,0.685759,0.784341,0.635928,0.610292,0.556938
-0.251913,-0.11696,-0.487561,-0.67964,-0.179425,-0.277014,-0.404027,-0.429364,-0.610205,-0.0899799,-0.585008,-0.298006,-0.490168,-0.140795,-0.264622,-0.392238,0.128308,0.0782879,-0.0101583,0.0318856	-0.836376,-0.596213,-0.907546,-0.95548,-0.740023,-0.819419,-0.905451,-0.926796,-0.949145,-0.563875,-0.940983,-0.893371,-0.92685,-0.844886,-0.818939,-0.853784,-0.774667,-0.579253,-0.655331,-0.568328	0.740477,0.515178,0.753316,0.786724,0.646431,0.70168,0.790673,0.826206,0.805415,0.499224,0.791904,0.811378,0.800241,0.799156,0.707678,0.693936,0.821338,0.629016,0.649496,0.589531
0.439173,0.194228,0.528571,0.788947,0.360407,0.360616,0.63716,0.77363,0.807623,0.352661,0.665705,0.648223,0.668265,0.543694,0.384077,0.604385,0.506357,0.351653,0.186659,0.306217	0.389277,0.231187,0.783106,0.738397,0.582412,0.380835,0.699744,0.678397,0.705793,0.473651,0.426676,0.453044,0.514484,-0.0756216,0.376136,0.388832,0.180456,0.169437,0.305808,0.357896	0.060185,-0.0386962,-0.434306,0.121095,-0.280984,-0.0234387,-0.112936,0.200417,0.23682,-0.145254,0.333858,0.276329,0.234355,0.594858,0.00928164,0.281771,0.358675,0.193761,-0.126362,-0.0580397
0.411304,0.177426,0.536049,0.785787,0.36441,0.34776,0.650839,0.770711,0.789135,0.3536,0.896817,0.769602,0.789632,0.561681,0.389229,0.597441,0.52366,0.346198,0.195963,0.306252	0.481924,0.271465,0.796905,0.772999,0.588967,0.319296,0.614232,0.587455,0.789768,0.474672,0.820135,0.661559,0.547484,0.407258,0.604909,0.437936,0.366366,0.201346,0.309256,0.359666	-0.0880777,-0.0987972,-0.455388,0.0325733,-0.285924,0.0320188,0.0609884,0.334871,-0.00168034,-0.145491,0.289928,0.220108,0.426551,0.200223,-0.2821,0.216026,0.194635,0.155706,-0.120602,-0.0600255
0.634351,0.258097,0.778902,0.845711,0.381718,0.430095,0.765571,0.752371,0.914206,0.433505,0.901477,0.86601,0.869353,0.731358,0.63554,0.82384,0.893465,0.842724,0.826672,0.424432	0.650699,0.183756,0.87621,0.83883,0.143396,0.136675,0.624562,0.710561,0.963348,0.551914,0.958753,0.901029,0.902631,0.688557,0.865297,0.893047,0.939711,0.864146,0.872063,0.139035	-0.0278391,0.0780424,-0.306465,0.0236802,0.252122,0.311745,0.270209,0.0898374,-0.411917,-0.15565,-0.422056,-0.159394,-0.154568,0.0862195,-0.510492,-0.261881,-0.288319,-0.0788241,-0.162637,0.303295
-0.251963,-0.145494,-0.506748,-0.730237,-0.201748,-0.214333,-0.524964,-0.507463,-0.678198,-0.10072,-0.722469,-0.41934,-0.642427,-0.143145,-0.279319,-0.436222,0.00391943,-0.121471,0.357756,-0.0399812	-0.841263,-0.605833,-0.918024,-0.958448,-0.750647,-0.826033,-0.93262,-0.938364,-0.959133,-0.567467,-0.962695,-0.91709,-0.952291,-0.841185,-0.848062,-0.876126,-0.791996,-0.538982,-0.563685,-0.615835	0.747812,0.504838,0.769038,0.760435,0.646861,0.743299,0.798687,0.822621,0.80378,0.495041,0.788963,0.808787,0.798161,0.793598,0.745286,0.712032,0.793452,0.446761,0.766806,0.590391
-0.256546,-0.15399,-0.487667,-0.726927,-0.202107,-0.300349,-0.510678,-0.505884,-0.680387,-0.114749,-0.714888,-0.427297,-0.646636,-0.176151,-0.285397,-0.443545,-0.00713758,-0.135114,0.331857,0.000835972	-0.842925,-0.603734,-0.915276,-0.95805,-0.75662,-0.851687,-0.931214,-0.937705,-0.959877,-0.581265,-0.96217,-0.91781,-0.952797,-0.845061,-0.856227,-0.877754,-0.800627,-0.545772,-0.573125,-0.591612	0.748169,0.495842,0.772345,0.761358,0.654616,0.74085,0.801862,0.821531,0.805649,0.499857,0.792176,0.807001,0.797528,0.785897,0.755431,0.711029,0.79805,0.443352,0.760364,0.592155
-0.0240018,-0.0639803,-0.14474,-0.374411,-0.0432289,-0.0410638,-0.0783871,-0.10221,-0.122251,0.079929,0.131951,0.115645,0.112237,0.174091,0.159973,0.123432,0.341566,0.135096,0.462411,0.145914	-0.756524,-0.51584,-0.835644,-0.888141,-0.657622,-0.734643,-0.834883,-0.846507,-0.849488,-0.377256,-0.732011,-0.753022,-0.770292,-0.694832,-0.6638,-0.660893,-0.658347,-0.484685,-0.50587,-0.471166	0.746069,0.467282,0.785967,0.769667,0.63237,0.715153,0.80947,0.814794,0.811514,0.443803,0.787863,0.79908,0.812301,0.775157,0.744694,0.725169,0.816343,0.581692,0.784719,0.577385
-0.196468,-0.0844562,-0.325246,-0.642799,-0.141994,-0.236468,-0.403006,-0.442013,-0.613769,-0.0416149,-0.523036,-0.315938,-0.483484,-0.0983573,-0.187421,-0.317065,0.0367191,-0.136352,0.31305,0.0324534	-0.833742,-0.576581,-0.890239,-0.946455,-0.724921,-0.830021,-0.913818,-0.926005,-0.95147,-0.533011,-0.930176,-0.898777,-0.925118,-0.836915,-0.820989,-0.845681,-0.802029,-0.626737,-0.621852,-0.580625	0.762111,0.517316,0.795257,0.775386,0.649815,0.738502,0.808598,0.819361,0.811747,0.502543,0.792897,0.813973,0.799018,0.804807,0.748783,0.722287,0.814754,0.536207,0.782561,0.601739
0.503473,0.115091,0.735904,0.735858,0.52518,0.486446,0.729939,0.725858,0.854986,0.383296,0.685456,0.683695,0.70787,0.464057,0.567971,0.663332,0.653264,0.073586,0.765715,0.544354	0.36603,0.176189,0.784551,0.792737,0.74777,0.412874,0.73224,0.7154,0.720607,0.546653,0.457695,0.541815,0.441744,-0.0303666,0.457887,0.472079,0.256026,0.107147,0.545576,0.627052	0.168495,-0.0623622,-0.115101,-0.136512,-0.366533,0.0920619,-0.00494279,0.021753,0.350045,-0.206658,0.331881,0.225363,0.387204,0.487553,0.148775,0.278447,0.477021,-0.0338274,0.378087,-0.125555
0.527192,0.109593,0.754707,0.734327,0.529105,0.462888,0.74395,0.731827,0.838109,0.373986,0.892398,0.79258,0.783599,0.462546,0.565238,0.659923,0.48247,0.0597948,0.773176,0.549002	0.507686,0.227232,0.806416,0.829226,0.754919,0.338281,0.640418,0.629087,0.805331,0.539122,0.834282,0.754005,0.43777,0.531194,0.691198,0.535472,0.298578,0.138159,0.545555,0.634097	0.026635,-0.120644,-0.132118,-0.24266,-0.376001,0.147741,0.197746,0.190394,0.100843,-0.20684,0.227472,0.0958658,0.526405,-0.0910099,-0.206726,0.192462,0.214841,-0.0790168,0.393677,-0.130537
-0.361107,-0.192831,-0.431744,-0.732509,-0.182138,-0.134176,-0.380933,-0.536098,-0.667687,-0.063634,-0.736829,-0.400459,-0.645826,-0.203737,-0.131507,-0.432613,0.0130988,-0.107772,0.404845,-0.0377144	-0.862687,-0.590615,-0.907326,-0.958392,-0.685134,-0.730344,-0.898011,-0.940303,-0.958505,-0.595818,-0.965369,-0.915329,-0.954929,-0.847335,-0.833197,-0.880396,-0.794107,-0.531215,-0.560967,-0.483716	0.728534,0.44891,0.781863,0.758077,0.574714,0.660936,0.78593,0.815085,0.807787,0.553156,0.79165,0.812806,0.806463,0.777887,0.788036,0.723246,0.798896,0.449158,0.787066,0.454289
-0.381531,-0.186162,-0.432799,-0.727254,-0.186384,-0.287628,-0.436442,-0.550889,-0.671093,-0.102112,-0.729851,-0.409141,-0.647377,-0.226449,-0.1606,-0.444152,0.00102127,-0.104843,0.375225,-0.0883435	-0.868716,-0.581349,-0.908425,-0.957615,-0.691506,-0.782518,-0.910194,-0.941621,-0.959431,-0.61807,-0.964917,-0.916014,-0.955057,-0.848344,-0.84573,-0.882924,-0.802915,-0.526392,-0.570913,-0.505987	0.728711,0.443147,0.783783,0.758837,0.579857,0.638629,0.785979,0.811875,0.809637,0.550715,0.794804,0.81071,0.80604,0.769774,0.792814,0.721845,0.803278,0.446173,0.779214,0.437186
-0.0821092,-0.107821,-0.0745077,-0.372058,-0.0441005,-0.132708,-0.0960657,-0.149804,-0.107973,0.294857,0.154111,0.129944,0.141554,0.106459,0.322837,0.156013,0.358929,0.136714,0.511552,0.0208737	-0.763749,-0.493821,-0.826543,-0.885688,-0.57766,-0.671339,-0.817256,-0.850407,-0.850078,-0.329433,-0.734111,-0.753868,-0.775349,-0.704795,-0.640854,-0.665414,-0.661202,-0.484079,-0.50183,-0.37504	0.727246,0.407708,0.801388,0.766072,0.547507,0.591312,0.782635,0.802886,0.817103,0.569018,0.797946,0.804958,0.826222,0.754633,0.79849,0.744172,0.824465,0.582259,0.806376,0.392838
-0.270672,-0.138516,-0.268244,-0.64709,-0.117278,-0.274593,-0.362909,-0.47807,-0.607581,0.139238,-0.533604,-0.304457,-0.496142,-0.148101,0.0248638,-0.312385,0.0312409,-0.123785,0.36056,-0.0237252	-0.844825,-0.560669,-0.88381,-0.946371,-0.650989,-0.772176,-0.895758,-0.928154,-0.95145,-0.500187,-0.933193,-0.898122,-0.930977,-0.839373,-0.782208,-0.850886,-0.806612,-0.619472,-0.617081,-0.468535	0.744368,0.457699,0.806852,0.772112,0.577826,0.631477,0.789497,0.809101,0.815016,0.597792,0.795922,0.81709,0.80809,0.789404,0.791675,0.733457,0.817258,0.536853,0.79971,0.44981
0.44101,0.0430041,0.839324,0.74128,0.0571502,0.156378,0.58582,0.684585,0.912711,0.829566,0.74695,0.717641,0.747016,0.42478,0.768975,0.735515,0.703566,0.0783981,0.809917,-0.0209623	0.294153,0.169535,0.789074,0.805613,0.474244,0.37904,0.717353,0.71831,0.727918,0.894601,0.46504,0.541544,0.437226,-0.0319436,0.436718,0.473972,0.256079,0.0986789,0.544309,0.319634	0.168747,-0.12746,0.148795,-0.15971,-0.428713,-0.236692,-0.226875,-0.0663539,0.550601,-0.252203,0.431954,0.288038,0.460049,0.450609,0.500256,0.401518,0.545829,-0.0204389,0.475018,-0.338329
0.479426,0.0221905,0.855567,0.741303,0.0619132,0.168725,0.610417,0.710111,0.898336,0.82897,0.993366,0.845558,0.825511,0.436183,0.76651,0.73262,0.528199,0.0508382,0.816361,-0.0166303	0.44106,0.20051,0.806964,0.843978,0.483079,0.346507,0.642158,0.650467,0.816519,0.893585,0.87284,0.769439,0.430859,0.543963,0.660899,0.537919,0.300678,0.11444,0.543649,0.326057	0.0486552,-0.179117,0.156994,-0.274271,-0.43415,-0.188822,-0.0522042,0.110843,0.307016,-0.249241,0.906552,0.217861,0.612508,-0.141308,0.214042,0.321336,0.270478,-0.0639744,0.490325,-0.340839
0.857198,0.568353,0.902153,0.949177,0.599748,0.547254,0.876528,0.915038,0.961828,0.570815,0.973679,0.875189,0.893218,0.777327,0.83859,0.909468,0.904949,0.799432,0.80295,0.470044	0.841143,0.572525,0.842632,0.946402,0.594916,0.653432,0.86926,0.924113,0.95153,0.563986,0.964108,0.881073,0.905331,0.785183,0.819054,0.901624,0.874807,0.78824,0.791904,0.509325	0.057551,-0.00618537,0.248193,0.0272865,0.00751285,-0.165282,0.0305287,-0.0587751,0.121446,0.0100705,0.156208,-0.0257049,-0.0633047,-0.0201598,0.0623859,0.04358,0.144673,0.0302614,0.0303324,-0.0516452
0.416005,0.258736,0.420727,0.531135,0.250514,0.165937,0.366021,0.277334,0.339651,0.225021,-0.0273925,0.0155007,0.00909679,-0.0357696,0.0348194,0.162097,0.125638,0.241702,0.111495,-0.0109572	0.652987,0.403865,0.722893,0.827396,0.438591,0.511198,0.746527,0.774253,0.728964,0.454178,0.585396,0.599739,0.578431,0.338369,0.400091,0.535512,0.344148,0.123223,0.118143,0.131381	-0.325366,-0.162064,-0.434233,-0.528528,-0.211292,-0.377262,-0.523568,-0.632797,-0.517424,-0.255242,-0.603117,-0.58972,-0.572345,-0.369665,-0.370432,-0.408911,-0.228384,0.122117,-0.00673641,-0.142133
0.665314,0.423721,0.688492,0.811958,0.481497,0.465548,0.742275,0.731114,0.814906,0.478894,0.723877,0.6829,0.669678,0.522842,0.550511,0.714359,0.641957,0.598412,0.5025,0.207753	0.665248,0.44059,0.715118,0.865907,0.508624,0.621866,0.828875,0.84701,0.780193,0.515676,0.831305,0.786597,0.811778,0.534056,0.644166,0.73795,0.510083,0.396769,0.325735,0.238084	0.000119324,-0.0207407,-0.0524497,-0.181697,-0.0359255,-0.220014,-0.225082,-0.304397,0.0953088,-0.0488441,-0.269757,-0.224048,-0.311369,-0.0155595,-0.145117,-0.0498938,0.19608,0.264427,0.211361,-0.0319102
-0.776769,-0.604028,-0.901953,-0.946256,-0.792418,-0.816461,-0.914442,-0.931378,-0.962352,-0.596471,-0.964838,-0.913106,-0.935597,-0.825448,-0.792732,-0.883282,-0.790778,-0.403708,-0.557936,-0.645036	-0.0725924,-0.119342,-0.436754,-0.635155,-0.222082,-0.235081,-0.439769,-0.457476,-0.729473,-0.0457446,-0.765973,-0.419034,-0.572617,-0.31452,-0.0980883,-0.550095,-0.0750228,0.0890626,0.176145,-0.0491603	-0.746256,-0.522339,-0.767568,-0.779739,-0.69214,-0.719471,-0.793958,-0.825733,-0.781496,-0.566174,-0.762051,-0.800275,-0.781843,-0.690088,-0.753212,-0.648084,-0.760896,-0.475668,-0.668393,-0.61539
-0.891774,-0.606612,-0.905419,-0.943301,-0.796232,-0.801613,-0.91325,-0.938791,-0.964018,-0.599599,-0.964979,-0.905867,-0.950789,-0.840946,-0.836412,-0.887108,-0.718028,-0.397453,-0.56944,-0.649682	-0.370025,-0.0891841,-0.44133,-0.616073,-0.234695,-0.192771,-0.44097,-0.544879,-0.718985,-0.0457969,-0.7412,-0.34896,-0.668273,-0.184338,-0.198038,-0.557178,0.298711,0.164827,0.136652,-0.0733852	-0.778705,-0.547022,-0.772951,-0.781239,-0.690589,-0.720121,-0.790712,-0.806416,-0.79845,-0.569439,-0.78586,-0.814325,-0.774837,-0.777068,-0.765107,-0.652391,-0.837179,-0.527709,-0.655114,-0.605149
0.395499,0.285637,0.369952,0.522924,0.249717,0.242184,0.359927,0.279809,0.331049,0.211515,-0.0341752,0.0135679,0.0160967,-0.0387647,0.0244925,0.152372,0.098977,0.220548,0.108061,-0.0016218	0.648896,0.422123,0.727469,0.821134,0.444276,0.52062,0.750007,0.770754,0.731857,0.447514,0.589126,0.590944,0.578384,0.326365,0.409404,0.530816,0.341186,0.114669,0.123087,0.110192	-0.340879,-0.155199,-0.489165,-0.522618,-0.218838,-0.318608,-0.534317,-0.625938,-0.528966,-0.260673,-0.611,-0.582043,-0.567571,-0.360568,-0.388811,-0.411746,-0.250674,0.108626,-0.0152285,-0.111794
0.642675,0.423887,0.634615,0.799523,0.478713,0.620843,0.738133,0.735918,0.808254,0.475069,0.716251,0.677286,0.676951,0.517053,0.539445,0.704643,0.608523,0.563981,0.498684,0.237786	0.66173,0.435826,0.734468,0.856419,0.510986,0.674514,0.833586,0.843143,0.783267,0.519119,0.834138,0.774538,0.806835,0.520312,0.6536,0.736226,0.507248,0.379596,0.332354,0.231391	-0.0331553,-0.0146445,-0.187027,-0.180466,-0.0427242,-0.0923386,-0.248121,-0.28253,0.0681012,-0.0584696,-0.292852,-0.204561,-0.286206,-0.00445799,-0.176323,-0.0656297,0.146493,0.234612,0.199374,0.00676743
-0.773672,-0.602425,-0.898836,-0.946575,-0.799613,-0.82641,-0.917631,-0.931258,-0.962624,-0.620096,-0.965737,-0.913489,-0.932797,-0.824344,-0.809532,-0.883695,-0.796608,-0.406534,-0.561302,-0.613711	-0.0618944,-0.13039,-0.414989,-0.634041,-0.224584,-0.277622,-0.45029,-0.461033,-0.728711,-0.0873813,-0.76776,-0.426538,-0.56188,-0.320623,-0.133163,-0.55125,-0.075509,0.0829095,0.169109,0.0144279	-0.747576,-0.512274,-0.771695,-0.781661,-0.700896,-0.712184,-0.796424,-0.824004,-0.783561,-0.563233,-0.765732,-0.797806,-0.779433,-0.684686,-0.758091,-0.648215,-0.767249,-0.473485,-0.66709,-0.622625
-0.89551,-0.604535,-0.904935,-0.943896,-0.801532,-0.822663,-0.918843,-0.938459,-0.965299,-0.621652,-0.966505,-0.905829,-0.950928,-0.839703,-0.848899,-0.891726,-0.727374,-0.40816,-0.572325,-0.618885	-0.388816,-0.100446,-0.434037,-0.616675,-0.232151,-0.275684,-0.464987,-0.546099,-0.725174,-0.0846091,-0.747482,-0.354113,-0.672839,-0.191222,-0.224612,-0.573529,0.294349,0.148291,0.13138,-0.0114999	-0.777363,-0.536678,-0.775492,-0.78297,-0.699551,-0.707418,-0.792414,-0.804827,-0.800442,-0.566858,-0.789118,-0.812261,-0.772086,-0.772525,-0.771365,-0.651284,-0.841546,-0.524693,-0.654493,-0.611739
0.58475,0.398204,0.609234,0.72909,0.39162,0.453208,0.636384,0.630288,0.641514,0.45389,0.430645,0.47199,0.424392,0.204714,0.257144,0.423047,0.21669,0.0822943,0.100152,0.0256176	0.342685,0.268277,0.321884,0.467341,0.231372,0.221983,0.32696,0.238264,0.240736,0.248339,-0.0854414,-0.0190904,-0.0169915,-0.14628,-0.0303997,0.0786023,-0.0783658,0.0237355,-0.0440534,-0.0865974	0.302726,0.145468,0.357446,0.397031,0.176214,0.257089,0.390722,0.4613,0.473977,0.231664,0.497771,0.486695,0.438224,0.340788,0.285313,0.356292,0.290129,0.0586734,0.143572,0.111967
-0.729323,-0.550824,-0.822459,-0.884512,-0.71335,-0.720385,-0.827025,-0.841878,-0.849011,-0.319548,-0.740786,-0.748138,-0.782093,-0.664964,-0.624826,-0.671638,-0.676975,-0.447905,-0.50411,-0.515692	0.00354736,-0.0990958,-0.105505,-0.313225,-0.055797,-0.0737614,-0.0829659,-0.0793899,-0.2025,0.338052,-0.0332715,0.0915419,-0.0578425,-0.0835992,0.202147,-0.0650281,0.0995303,0.164662,0.279007,0.142514	-0.730979,-0.477809,-0.785078,-0.790218,-0.68481,-0.682912,-0.798874,-0.8171,-0.78074,-0.593489,-0.725393,-0.78586,-0.758566,-0.615586,-0.734234,-0.634313,-0.727488,-0.570491,-0.686553,-0.613144
-0.805927,-0.554026,-0.827769,-0.882402,-0.716538,-0.711838,-0.821915,-0.847031,-0.848695,-0.332054,-0.741198,-0.748231,-0.790435,-0.689303,-0.666759,-0.675705,-0.640943,-0.432893,-0.508408,-0.522641	-0.0691485,-0.0669145,-0.109557,-0.299156,-0.06387,-0.0744273,-0.0875662,-0.161097,-0.145273,0.331595,0.0874002,0.146777,-0.107671,0.158016,0.229783,-0.0555112,0.324937,0.25755,0.267837,0.115753	-0.780262,-0.505865,-0.789841,-0.792428,-0.68397,-0.67307,-0.791301,-0.794323,-0.802345,-0.597824,-0.778186,-0.806442,-0.746277,-0.764093,-0.777432,-0.644364,-0.799393,-0.621186,-0.683212,-0.601976
-0.802683,-0.621646,-0.878249,-0.938113,-0.776943,-0.82279,-0.904542,-0.918914,-0.952044,-0.50412,-0.935259,-0.89768,-0.914289,-0.807593,-0.77297,-0.851928,-0.793803,-0.508971,-0.622866,-0.602646	-0.126309,-0.150223,-0.278306,-0.562542,-0.179761,-0.277011,-0.376797,-0.396021,-0.654357,0.154111,-0.598047,-0.336645,-0.476434,-0.247922,-0.0479667,-0.442994,-0.0298466,0.0828241,0.12622,0.0535638	-0.752686,-0.519982,-0.794019,-0.795244,-0.694126,-0.706897,-0.800619,-0.822042,-0.789573,-0.610779,-0.765222,-0.804005,-0.775787,-0.699781,-0.75292,-0.656816,-0.782495,-0.567857,-0.694487,-0.63569
-0.871837,-0.624071,-0.879831,-0.936042,-0.78043,-0.816031,-0.902878,-0.92435,-0.954081,-0.505935,-0.942606,-0.8926,-0.926079,-0.825302,-0.813475,-0.853442,-0.737568,-0.498223,-0.632145,-0.609751	-0.244561,-0.118298,-0.269686,-0.548441,-0.19095,-0.267908,-0.377695,-0.471764,-0.641624,0.15901,-0.600635,-0.276101,-0.55327,-0.110733,-0.106099,-0.44062,0.299893,0.172292,0.0928616,0.0226573	-0.797266,-0.546089,-0.799957,-0.796491,-0.69271,-0.701481,-0.796955,-0.802564,-0.805636,-0.615434,-0.788247,-0.818124,-0.764535,-0.78644,-0.774196,-0.661621,-0.849548,-0.617508,-0.684807,-0.62379
0.521141,0.35653,0.833529,0.874257,0.950729,0.470732,0.750882,0.773523,0.832298,0.939754,0.519901,0.63731,0.771458,0.209106,0.571509,0.646645,0.663973,0.703529,0.671551,0.870466	0.6398,0.414356,0.835532,0.906673,0.952422,0.421708,0.654808,0.683825,0.930754,0.93888,0.706033,0.750365,0.698072,0.701704,0.77509,0.699015,0.864719,0.750067,0.664348,0.873111	-0.178014,-0.0678496,-0.00660093,-0.156346,-0.0179099,0.0611669,0.189005,0.190423,-0.43693,0.00743384,-0.294079,-0.216669,0.159028,-0.577306,-0.365476,-0.0955688,-0.4714,-0.0985353,0.0130052,-0.0110209
0.428585,0.0973523,0.509323,0.365492,0.104688,0.0575324,0.193016,0.129913,0.572349,0.112029,0.193079,0.364677,0.626187,0.330388,0.31973,0.510381,0.825567,0.811907,0.781391,0.33985	0.44519,0.0448924,0.723707,0.423085,-0.181815,-0.23111,-0.11387,0.0289071,0.875264,0.366973,0.933608,0.644968,0.790052,0.267261,0.732156,0.709035,0.923653,0.843585,0.835187,-0.110637	-0.0205203,0.0526901,-0.339538,-0.0681283,0.281152,0.284855,0.300287,0.101387,-0.606992,-0.265874,-0.903371,-0.366491,-0.324306,0.0692418,-0.53848,-0.311311,-0.41306,-0.100537,-0.154857,0.434163
0.0677886,-0.0173841,0.369714,0.0286269,0.00452544,0.0518564,0.0222164,-0.0818487,0.310861,0.0297211,0.245719,-0.0306249,-0.0103577,0.101211,0.214751,0.373174,-0.171156,-0.495699,0.489666,-0.0397009	-0.857741,-0.636357,-0.912913,-0.968046,-0.793295,-0.853194,-0.958872,-0.971613,-0.979453,-0.661037,-0.992928,-0.97404,-0.975653,-0.917014,-0.875867,-0.910011,-0.872321,-0.843195,-0.67664,-0.746669	0.874672,0.625897,0.958962,0.969798,0.794967,0.866704,0.960625,0.966637,0.989145,0.677448,0.995712,0.972423,0.97515,0.931748,0.917956,0.957892,0.824224,0.597042,0.876047,0.728565
0.0219963,-0.01599,0.324713,-0.0145559,0.00145058,0.0777002,0.0411278,-0.0764768,0.282445,-0.00298861,0.349441,-0.0731936,-0.0879441,0.0248512,0.251416,0.333633,-0.190983,-0.512795,0.481201,-0.0110898	-0.860806,-0.634951,-0.911382,-0.969456,-0.800034,-0.876344,-0.957286,-0.971119,-0.979934,-0.676039,-0.991571,-0.97506,-0.978867,-0.921018,-0.883088,-0.910681,-0.881121,-0.846328,-0.682805,-0.732682	0.866397,0.62531,0.953823,0.968568,0.800555,0.893223,0.960594,0.966416,0.988723,0.674413,0.995928,0.971178,0.974843,0.924704,0.928382,0.954351,0.829771,0.589274,0.876137,0.727504
0.123647,0.0221918,0.40806,-0.0957514,0.0437672,0.107181,0.117785,-0.0629,0.176389,0.087546,0.254889,-0.0296918,0.17471,0.029143,0.225132,0.320331,0.20163,-0.0503915,0.523627,0.0610828	-0.823739,-0.572797,-0.88681,-0.964105,-0.747393,-0.817473,-0.939,-0.958651,-0.965366,-0.545857,-0.968903,-0.943649,-0.944922,-0.880325,-0.809745,-0.85719,-0.799161,-0.707989,-0.618607,-0.644502	0.859811,0.58752,0.950802,0.956668,0.7661,0.850164,0.951544,0.95323,0.975625,0.604515,0.981419,0.940303,0.960985,0.886719,0.875309,0.923847,0.861908,0.681926,0.862767,0.67886
0.0932484,0.0370162,0.407987,-0.0452384,0.0452251,0.122621,0.135052,-0.0830537,0.119196,0.0631252,0.501602,-0.019631,-0.043866,0.11197,0.18953,0.302635,-0.138019,-0.400064,0.4709,-0.00195923	-0.856073,-0.612821,-0.898093,-0.968792,-0.777988,-0.863131,-0.95402,-0.969589,-0.979323,-0.642765,-0.984152,-0.969488,-0.974972,-0.918406,-0.865028,-0.903144,-0.887304,-0.844456,-0.708432,-0.723943	0.879142,0.635423,0.955847,0.965885,0.795234,0.891407,0.964769,0.964179,0.983691,0.678366,0.994712,0.968286,0.972707,0.934298,0.906018,0.946954,0.853851,0.67112,0.884322,0.72301
0.0649095,-0.0958189,0.396318,-0.068612,0.252721,0.1314,0.147052,-0.128727,0.275553,0.0537824,0.153288,0.111664,0.220703,-0.201335,0.258134,-0.0140189,0.156977,-0.380852,0.717156,0.320467	-0.141424,0.0041667,0.485091,-0.0874519,0.611033,0.0510049,0.117288,-0.161041,-0.115838,0.34403,-0.667595,-0.468489,-0.538126,-0.663888,0.033252,-0.258075,-0.0877367,-0.207887,0.421547,0.396094	0.204457,-0.0999457,-0.109902,0.0189536,-0.423748,0.080938,0.0302867,0.0329982,0.379284,-0.295719,0.744677,0.551312,0.678273,0.533918,0.226829,0.244942,0.241389,-0.187837,0.4237,-0.086622
0.188645,-0.0823942,0.425186,-0.0641229,0.25139,0.119694,0.150041,-0.099465,0.293778,0.0326452,0.0150781,0.040441,0.0241593,-0.23371,0.280948,0.00430687,-0.127229,-0.395282,0.708589,0.328205	0.0261383,0.0613887,0.531705,0.0403817,0.624226,-0.0449703,-0.0626188,-0.31307,0.107302,0.32228,-0.0854813,-0.190526,-0.609445,-0.198963,0.373991,-0.165924,-0.0507564,-0.18129,0.425371,0.409564	0.163312,-0.143059,-0.137635,-0.104235,-0.442233,0.163783,0.21068,0.22047,0.192546,-0.292714,0.10043,0.2292,0.624411,-0.0364414,-0.103967,0.170109,-0.0769699,-0.230511,0.405415,-0.0939946
-0.091018,-0.0868055,0.550907,-0.0138958,-0.016072,0.0548376,0.17282,-0.204374,0.494538,0.109293,0.414285,0.0800691,0.166269,-0.0467476,0.554533,0.490948,-0.163758,-0.456134,0.565183,-0.0332827	-0.875159,-0.629557,-0.903285,-0.968211,-0.72654,-0.768676,-0.926169,-0.97183,-0.979284,-0.707798,-0.997052,-0.974569,-0.979026,-0.922285,-0.862359,-0.915284,-0.875783,-0.828696,-0.672906,-0.565526	0.852008,0.574126,0.970998,0.967329,0.718862,0.790205,0.947355,0.957664,0.992946,0.758422,0.998778,0.978299,0.984961,0.914987,0.958521,0.970245,0.831238,0.598971,0.896961,0.542453
-0.149767,-0.0699935,0.464944,-0.0531913,-0.0254451,-0.0634811,0.0629256,-0.252562,0.458355,0.034277,0.589242,0.024702,0.0915243,-0.0994969,0.55858,0.431652,-0.185334,-0.432818,0.551407,-0.112941	-0.882139,-0.621403,-0.904938,-0.96943,-0.73336,-0.815216,-0.936401,-0.972826,-0.979904,-0.729285,-0.995706,-0.975441,-0.981969,-0.92371,-0.873033,-0.916516,-0.88472,-0.815878,-0.679466,-0.597027	0.843859,0.576483,0.9642,0.966054,0.721377,0.79276,0.943719,0.954876,0.992489,0.744941,0.998889,0.976611,0.98497,0.90763,0.962326,0.966002,0.836554,0.592172,0.8954,0.519088
0.0324361,-0.0385858,0.575706,-0.110895,0.0218496,-0.0695389,0.0204179,-0.214314,0.298646,0.41123,0.785326,0.0172856,0.354963,-0.107371,0.521332,0.442464,0.229224,-0.0440744,0.591952,-0.0616935	-0.828658,-0.559544,-0.878281,-0.962746,-0.663657,-0.75836,-0.920579,-0.960082,-0.966938,-0.53162,-0.976875,-0.948204,-0.952047,-0.890103,-0.783611,-0.863368,-0.804213,-0.704341,-0.613258,-0.484155	0.838555,0.532454,0.965699,0.953669,0.675709,0.727168,0.923636,0.938969,0.982007,0.773704,0.997191,0.94992,0.976881,0.865444,0.926463,0.944879,0.872581,0.681421,0.884221,0.435468
-0.0228147,-0.038762,0.537525,-0.0961897,0.0333471,-0.0723983,0.0765091,-0.228143,0.210035,0.347144,0.776975,0.039705,0.0565141,-0.013744,0.545382,0.388427,-0.151245,-0.368967,0.543166,-0.056349	-0.864592,-0.605205,-0.89214,-0.968956,-0.702984,-0.811871,-0.935804,-0.969321,-0.979515,-0.635211,-0.989017,-0.970877,-0.98162,-0.920273,-0.830076,-0.908999,-0.89378,-0.833683,-0.702778,-0.558323	0.858715,0.580051,0.966285,0.962473,0.719465,0.785652,0.944677,0.951624,0.986579,0.804873,0.998615,0.973072,0.98357,0.918142,0.946823,0.958869,0.8586,0.671169,0.901731,0.51828
-0.0446683,-0.159023,0.636377,-0.0346919,-0.326829,-0.198899,-0.0861127,-0.225294,0.65499,0.707216,0.869782,0.259278,0.372494,-0.259429,0.581935,0.116569,0.221726,-0.368607,0.772073,-0.313168	-0.240737,-0.0217555,0.505552,-0.104501,0.18593,0.0232959,0.148222,-0.163194,-0.125771,0.796528,-0.729687,-0.518547,-0.599778,-0.673784,0.00821072,-0.269293,-0.101047,-0.210545,0.422574,0.158729	0.1982,-0.137744,0.192877,0.0700629,-0.483385,-0.221171,-0.231381,-0.0644701,0.721338,-0.204524,0.978467,0.685642,0.794721,0.502126,0.576479,0.374118,0.3157,-0.171362,0.518743,-0.44955
0.106406,-0.168506,0.660026,-0.0230245,-0.324378,-0.167223,-0.0379853,-0.136857,0.690363,0.702542,0.985208,0.28012,0.101023,-0.284311,0.617503,0.130821,-0.079381,-0.405323,0.761826,-0.308734	-0.0598555,0.00735475,0.542507,0.0288332,0.20009,-0.00914805,0.0228052,-0.266489,0.146284,0.78785,-0.0881533,-0.208396,-0.686619,-0.211142,0.2991,-0.18274,-0.0623902,-0.211427,0.425748,0.169607	0.165209,-0.175643,0.18307,-0.0518232,-0.492502,-0.158317,-0.0607379,0.134539,0.605197,-0.191059,0.98759,0.461572,0.736552,-0.0778424,0.390533,0.30624,-0.0170754,-0.21207,0.497411,-0.45454
0.863944,0.597965,0.913342,0.959033,0.632195,0.616337,0.899688,0.924467,0.967591,0.597759,0.984259,0.887876,0.903875,0.794084,0.856552,0.925088,0.901536,0.807458,0.809198,0.468405	0.858206,0.592463,0.861834,0.960561,0.63239,0.689574,0.896318,0.932017,0.960434,0.601538,0.978374,0.893407,0.918844,0.801164,0.837677,0.918048,0.870017,0.796141,0.788572,0.51944	0.0221953,0.00852117,0.24199,-0.0193872,-0.000325549,-0.12737,0.0174109,-0.0545596,0.101245,-0.00590055,0.158933,-0.026752,-0.0883256,-0.0194611,0.0668185,0.0467106,0.146158,0.0316854,0.0569945,-0.0674449
0.417273,0.288303,0.443042,0.533814,0.260423,0.188489,0.355917,0.266735,0.325602,0.205379,-0.0457072,-0.01015,-0.00382267,-0.0727926,0.0239852,0.143739,0.0647495,0.189158,0.0817401,-0.0533636	0.725573,0.463327,0.855481,0.93812,0.513371,0.590716,0.856405,0.858208,0.833251,0.536752,0.814851,0.73913,0.759445,0.414966,0.530475,0.703256,0.315626,0.0823178,0.111415,0.145396	-0.442174,-0.202008,-0.664167,-0.809878,-0.291984,-0.452623,-0.719929,-0.767066,-0.696657,-0.372429,-0.829658,-0.7437,-0.761058,-0.473457,-0.513017,-0.622436,-0.256111,0.10853,-0.0299472,-0.19723
0.699351,0.465546,0.736877,0.843783,0.516755,0.534134,0.768774,0.74792,0.826989,0.503138,0.751521,0.694155,0.682977,0.540672,0.573707,0.729981,0.627142,0.613927,0.520899,0.195446	0.719304,0.493986,0.823609,0.944691,0.558737,0.66877,0.884337,0.875321,0.819046,0.567723,0.897538,0.828211,0.859898,0.56909,0.702204,0.795614,0.489756,0.373148,0.319122,0.249233	-0.0401513,-0.036933,-0.220636,-0.497363,-0.0590235,-0.209457,-0.360973,-0.368925,0.0246169,-0.0904098,-0.448617,-0.315358,-0.428681,-0.041048,-0.215188,-0.156561,0.198289,0.312328,0.242005,-0.0565407
-0.799838,-0.647456,-0.898779,-0.951776,-0.836806,-0.845624,-0.939649,-0.967824,-0.982065,-0.706893,-0.994616,-0.960093,-0.956945,-0.899279,-0.826869,-0.918616,-0.887726,-0.686103,-0.666641,-0.782862	0.255245,0.011828,0.402191,0.555841,0.0242051,-0.00553863,0.118247,0.0823096,-0.303545,0.136678,-0.657322,-0.0568018,0.0211361,-0.280275,0.469853,-0.160024,-0.282494,-0.0280967,0.204775,-0.0562488	-0.876202,-0.654273,-0.955555,-0.985992,-0.843918,-0.844039,-0.952107,-0.972651,-0.966691,-0.769249,-0.974225,-0.955394,-0.958691,-0.827596,-0.933897,-0.889323,-0.807813,-0.67094,-0.766746,-0.760084
-0.896136,-0.645813,-0.902084,-0.948886,-0.841081,-0.830851,-0.941218,-0.973001,-0.982365,-0.7103,-0.996464,-0.963344,-0.977846,-0.911016,-0.861868,-0.918765,-0.843536,-0.680218,-0.682846,-0.78723	0.0336024,0.051416,0.455872,0.586972,0.00625358,0.0477554,0.119859,-0.28857,0.00395184,0.140446,-0.0806899,0.265785,-0.298651,-0.0202737,0.366884,-0.166537,0.255618,0.101572,0.151955,-0.0951505	-0.90256,-0.674821,-0.962247,-0.986441,-0.842902,-0.845076,-0.953508,-0.951628,-0.982503,-0.773575,-0.995844,-0.978573,-0.959361,-0.907504,-0.933556,-0.888117,-0.90419,-0.731266,-0.756323,-0.748117
0.39936,0.311571,0.396592,0.527319,0.260225,0.256936,0.350527,0.268934,0.318195,0.192793,-0.0516445,-0.0119906,0.00242535,-0.0757201,0.0145442,0.135182,0.0379492,0.166393,0.0781681,-0.0467186	0.711668,0.486863,0.855005,0.928469,0.515436,0.622927,0.856492,0.856167,0.835384,0.518878,0.817873,0.729711,0.755773,0.403119,0.543342,0.698551,0.312719,0.072578,0.123656,0.112192	-0.436314,-0.206637,-0.693606,-0.78595,-0.294745,-0.43573,-0.723038,-0.76289,-0.704439,-0.362332,-0.834278,-0.735269,-0.754731,-0.464656,-0.53301,-0.622117,-0.27807,0.0949623,-0.0459324,-0.158082
0.680216,0.463676,0.685766,0.833957,0.515676,0.666872,0.7656,0.75247,0.822016,0.499753,0.74667,0.688386,0.690716,0.534592,0.563517,0.720828,0.592834,0.573981,0.514841,0.226486	0.707094,0.497603,0.83706,0.932262,0.55795,0.730595,0.885748,0.872785,0.821072,0.560325,0.900014,0.81611,0.852272,0.555547,0.712573,0.793363,0.487212,0.353679,0.331936,0.232864	-0.0517855,-0.0441027,-0.355173,-0.441754,-0.0593516,-0.124269,-0.373281,-0.350511,0.00290587,-0.0841317,-0.467533,-0.291473,-0.392773,-0.029807,-0.249069,-0.169426,0.148521,0.276417,0.220605,-0.00673332
-0.7985,-0.646924,-0.896696,-0.953843,-0.844816,-0.854789,-0.942054,-0.967815,-0.982167,-0.729364,-0.993482,-0.960429,-0.956199,-0.900527,-0.841857,-0.917959,-0.892836,-0.683384,-0.666416,-0.761282	0.228695,0.010264,0.372214,0.54012,0.0207533,0.0383827,0.0887251,0.0659696,-0.308121,0.0567249,-0.600975,-0.0878644,-0.0105853,-0.294909,0.456886,-0.166744,-0.288161,-0.0363469,0.217658,0.00889175	-0.868581,-0.652853,-0.951376,-0.985991,-0.850655,-0.864799,-0.951268,-0.971743,-0.966549,-0.754858,-0.974102,-0.952985,-0.955282,-0.824613,-0.937969,-0.88698,-0.814137,-0.663518,-0.772082,-0.764996
-0.901124,-0.644877,-0.9023,-0.95124,-0.84726,-0.849796,-0.945725,-0.972613,-0.983346,-0.731273,-0.996344,-0.963408,-0.97892,-0.911965,-0.87275,-0.921552,-0.850477,-0.686761,-0.681956,-0.766116	-0.0476452,0.0504061,0.391855,0.566969,0.0090242,0.0379353,0.0604638,-0.291064,-0.0318802,0.0634543,-0.0844037,0.226117,-0.369942,-0.0366553,0.36863,-0.20229,0.248688,0.0690743,0.166989,-0.0324199	-0.891766,-0.673394,-0.956104,-0.986283,-0.849787,-0.860007,-0.951765,-0.95068,-0.982259,-0.759485,-0.995671,-0.976748,-0.954727,-0.905582,-0.939214,-0.884071,-0.907273,-0.721604,-0.762152,-0.752383
0.648847,0.451147,0.717358,0.828507,0.455547,0.551012,0.729745,0.709294,0.737242,0.51421,0.622608,0.576875,0.563255,0.266093,0.358204,0.558775,0.180055,0.053708,0.109765,0.00959757	0.352351,0.300781,0.368976,0.492494,0.245005,0.240965,0.325007,0.233597,0.241371,0.229566,-0.0988208,-0.0442517,-0.0289452,-0.181715,-0.0367943,0.0709265,-0.140998,-0.0457612,-0.0734148,-0.134841	0.384371,0.173974,0.473788,0.567624,0.236992,0.357516,0.530576,0.570168,0.603211,0.322742,0.679614,0.605666,0.5827,0.427153,0.38986,0.507981,0.313104,0.0992253,0.181716,0.144251
-0.797281,-0.620706,-0.874299,-0.95451,-0.806473,-0.80455,-0.928141,-0.957094,-0.964233,-0.517626,-0.95699,-0.923122,-0.946044,-0.848225,-0.764485,-0.867133,-0.84839,-0.683296,-0.613174,-0.695527	0.148254,-0.0178786,0.434351,0.252739,0.049588,0.0396006,0.0707666,0.0181198,-0.225572,0.475127,-0.426249,-0.0809817,-0.341958,-0.33314,0.279876,-0.139559,-0.158531,0.0270809,0.267599,0.0427438	-0.845586,-0.609593,-0.948467,-0.972614,-0.823142,-0.818086,-0.937342,-0.95859,-0.94398,-0.796791,-0.896396,-0.910182,-0.892967,-0.717967,-0.860292,-0.827745,-0.79706,-0.69747,-0.756623,-0.716956
-0.862253,-0.619379,-0.879729,-0.952783,-0.810368,-0.794592,-0.925814,-0.959693,-0.961899,-0.531677,-0.980138,-0.937658,-0.966789,-0.864791,-0.801069,-0.866805,-0.828046,-0.663297,-0.622434,-0.701602	0.107959,0.0238727,0.464349,0.306539,0.0379358,0.0346892,0.0527574,-0.253381,0.0236939,0.470673,-0.140336,0.0717645,-0.542296,0.014164,0.341571,-0.118963,0.214938,0.162824,0.256358,0.00563477	-0.887588,-0.633879,-0.954261,-0.974658,-0.823003,-0.807036,-0.933,-0.933248,-0.96363,-0.801722,-0.973738,-0.945781,-0.892328,-0.868319,-0.897158,-0.833825,-0.885401,-0.745596,-0.757863,-0.704452
-0.827032,-0.66803,-0.887403,-0.955332,-0.830977,-0.857043,-0.942693,-0.965597,-0.979204,-0.636251,-0.982244,-0.958762,-0.958939,-0.888333,-0.820203,-0.910565,-0.894526,-0.720788,-0.707068,-0.753093	0.158258,-0.0367987,0.426736,0.421412,0.0390484,0.00747446,0.101409,0.0636358,-0.30837,0.369971,-0.312971,-0.0978329,-0.144349,-0.224178,0.377306,-0.163783,-0.232481,0.0214643,0.185482,0.0265334	-0.871256,-0.64714,-0.953181,-0.981574,-0.842682,-0.859014,-0.952998,-0.969651,-0.961022,-0.814495,-0.96634,-0.950041,-0.945463,-0.829307,-0.914501,-0.877674,-0.835873,-0.730944,-0.789065,-0.764353
-0.883519,-0.666657,-0.889115,-0.953394,-0.835064,-0.849819,-0.943656,-0.968693,-0.97976,-0.638591,-0.994777,-0.964281,-0.975878,-0.901554,-0.852219,-0.908838,-0.860807,-0.705887,-0.720605,-0.759743	0.137993,0.00531084,0.485689,0.449167,0.023048,0.0151123,0.0991734,-0.251724,-0.0929479,0.381969,-0.228502,0.153816,-0.432583,0.0398372,0.344128,-0.154321,0.288598,0.16688,0.14216,-0.0210098	-0.910504,-0.669597,-0.96017,-0.982025,-0.841908,-0.853965,-0.953587,-0.948176,-0.975662,-0.820437,-0.991695,-0.973679,-0.940197,-0.908753,-0.925054,-0.877603,-0.920682,-0.780791,-0.782595,-0.750716
0.275797,0.231988,0.676122,0.670063,0.921846,0.208013,0.324106,0.214633,0.496039,0.907363,-0.616923,-0.196177,0.277965,-0.153978,0.351439,0.348982,0.358939,0.620746,0.585487,0.806232	0.357684,0.275604,0.688988,0.772145,0.937041,0.123876,0.154731,-0.00989119,0.741142,0.903124,0.38536,0.390179,0.423669,0.505137,0.636272,0.424749,0.782147,0.681264,0.59579,0.812783	-0.0908491,-0.0465951,-0.0240874,-0.21152,-0.11157,0.0863624,0.178317,0.224049,-0.387597,0.0234846,-0.80977,-0.544665,-0.165154,-0.611549,-0.366869,-0.088952,-0.588396,-0.104863,-0.0158223,-0.0190047
-0.213499,-0.0756681,0.337065,-0.0441684,-0.0200066,0.0233598,0.204938,-0.130815,0.283631,0.083013,-0.130348,0.168666,0.188921,-0.198688,0.586464,0.119796,0.0637868,0.0984715,0.20678,-0.0122256	-0.924932,-0.656733,-0.955783,-0.971574,-0.739323,-0.78695,-0.941047,-0.969102,-0.991049,-0.750866,-0.996653,-0.981583,-0.980708,-0.954089,-0.924396,-0.966868,-0.974318,-0.939646,-0.931953,-0.643635	0.88649,0.61145,0.977829,0.968988,0.730116,0.795683,0.960706,0.959988,0.994995,0.784952,0.995652,0.986864,0.986799,0.932094,0.979726,0.973864,0.977363,0.950197,0.954745,0.636418
-0.239553,-0.0591946,0.242977,-0.0429097,-0.0274364,-0.121632,0.0457321,-0.184609,0.282162,0.0442166,-0.134708,0.172201,0.201535,-0.177641,0.531521,0.0975235,0.0589752,0.200562,0.188084,-0.126103	-0.928637,-0.649143,-0.955531,-0.972179,-0.746917,-0.842509,-0.952309,-0.970337,-0.991412,-0.766168,-0.996482,-0.982923,-0.980106,-0.952486,-0.934079,-0.967111,-0.975883,-0.9258,-0.931957,-0.68265	0.886233,0.613523,0.972679,0.969722,0.734533,0.803184,0.956389,0.957193,0.995183,0.78383,0.995389,0.98791,0.986736,0.932649,0.979363,0.972876,0.97854,0.949971,0.952994,0.608969
-0.108557,-0.0616415,0.278966,-0.0233095,-0.0111615,-0.149474,-0.0801853,-0.15798,0.233182,0.338033,0.29002,0.102716,0.131848,-0.198418,0.491851,0.150147,0.0905319,0.0283427,0.191889,-0.118137	-0.893113,-0.5998,-0.944285,-0.96455,-0.68839,-0.79184,-0.943815,-0.957341,-0.987299,-0.595323,-0.982494,-0.972408,-0.965101,-0.933273,-0.873997,-0.942908,-0.965745,-0.948535,-0.916721,-0.605875	0.868788,0.558819,0.968204,0.962889,0.682472,0.728603,0.934341,0.941799,0.992083,0.776995,0.990327,0.97749,0.973122,0.90186,0.955221,0.957497,0.971351,0.951302,0.942769,0.52534
-0.148239,-0.0757881,0.21719,-0.0574814,-0.000590159,-0.160102,-0.0199564,-0.15754,0.184601,0.313083,-0.0645028,0.105595,0.0995752,-0.164451,0.596641,0.0859104,-0.0404596,0.08519,0.203781,-0.0649602	-0.916446,-0.644788,-0.951906,-0.97052,-0.723097,-0.841231,-0.954504,-0.966613,-0.991379,-0.68869,-0.994246,-0.982227,-0.977985,-0.952885,-0.894258,-0.961325,-0.978104,-0.951133,-0.933081,-0.646251	0.888977,0.598234,0.968801,0.966983,0.722815,0.787144,0.952695,0.95441,0.994058,0.824086,0.993455,0.985598,0.981936,0.934942,0.972187,0.967344,0.976279,0.958646,0.95523,0.606763
-0.140643,-0.0760117,0.335762,0.0413303,-0.536915,-0.31303,-0.245229,-0.104844,0.604608,0.748556,0.554381,0.186054,0.108512,-0.109351,0.509263,0.251407,0.34642,0.0627028,0.212937,-0.62517	-0.611113,-0.116452,-0.0785717,-0.396165,0.063263,-0.0350499,-0.0110751,-0.246561,-0.633391,0.71866,-0.777892,-0.713452,-0.823631,-0.777199,-0.327062,-0.623633,-0.863104,-0.884141,-0.611927,-0.336866	0.514708,0.0408012,0.403684,0.430448,-0.580462,-0.281064,-0.234792,0.145477,0.895185,0.0647034,0.930847,0.794097,0.855669,0.729878,0.716915,0.756441,0.931122,0.89711,0.729774,-0.365218
-0.0973778,-0.0976018,0.323448,0.0477642,-0.534191,-0.269161,-0.180929,-0.0428797,0.585577,0.798967,0.980074,0.371398,0.0684718,-0.0817392,0.540908,0.218421,0.348353,-0.106492,0.21223,-0.624468	-0.52636,-0.0955359,-0.0388523,-0.326013,0.0812976,-0.0690018,-0.134469,-0.324619,-0.450626,0.706891,-0.260256,-0.516804,-0.824579,-0.472996,-0.0614378,-0.565192,-0.847599,-0.909587,-0.609791,-0.326783	0.452158,-0.00208534,0.357803,0.368046,-0.589872,-0.203947,-0.0476178,0.285717,0.819861,0.211564,0.988256,0.745173,0.845324,0.406992,0.582972,0.697506,0.923327,0.889229,0.727829,-0.374007
0.878647,0.610881,0.898396,0.956196,0.632765,0.62378,0.910125,0.926497,0.968212,0.599878,0.980806,0.894666,0.901664,0.798118,0.842194,0.927474,0.90436,0.857601,0.796985,0.476937	0.86074,0.606069,0.844833,0.954914,0.63159,0.703173,0.908726,0.934493,0.959857,0.58467,0.977362,0.897367,0.912362,0.79263,0.826325,0.91678,0.869716,0.835393,0.77079,0.539844	0.0734784,0.00764052,0.222249,0.0147445,0.00195717,-0.141425,0.00808869,-0.05958,0.118259,0.023423,0.083196,-0.0137015,-0.0603191,0.0149374,0.052188,0.0714306,0.162293,0.0783183,0.0679183,-0.0847199
0.400894,0.280312,0.410968,0.535084,0.247015,0.171983,0.3527,0.269357,0.322206,0.171086,-0.0519934,-0.0085773,-0.0106394,-0.0773648,-0.00519883,0.121011,0.0236591,0.184191,-0.0710286,-0.0717023	0.732304,0.485822,0.832729,0.925058,0.515242,0.602063,0.876388,0.861095,0.830466,0.537853,0.811103,0.75231,0.75084,0.406928,0.50821,0.691701,0.373803,0.196276,-0.0118812,0.164975	-0.469138,-0.237909,-0.641193,-0.772201,-0.307344,-0.479757,-0.757981,-0.770434,-0.693947,-0.403936,-0.828171,-0.756009,-0.755444,-0.469511,-0.512056,-0.622823,-0.353268,-0.0125379,-0.0591974,-0.23391
0.698495,0.450758,0.703664,0.841853,0.501821,0.526907,0.771133,0.750673,0.831818,0.479694,0.739171,0.700674,0.678967,0.535538,0.560835,0.727726,0.628728,0.6632,0.445331,0.199262	0.726704,0.519396,0.804803,0.935744,0.561625,0.684397,0.90189,0.877543,0.816996,0.563685,0.896207,0.837129,0.851761,0.565265,0.687365,0.790104,0.510801,0.445357,0.239786,0.267689	-0.0572902,-0.0896197,-0.233206,-0.44238,-0.0832738,-0.246314,-0.429382,-0.371776,0.0462604,-0.115119,-0.465222,-0.330044,-0.409773,-0.0426342,-0.205907,-0.146765,0.173717,0.309157,0.230118,-0.0722826
-0.812859,-0.617136,-0.946737,-0.946224,-0.882461,-0.878665,-0.956327,-0.959425,-0.990557,-0.743616,-0.994202,-0.966108,-0.95471,-0.909984,-0.881175,-0.959417,-0.906558,-0.506436,-0.899252,-0.857769	0.204539,0.0282603,0.125907,0.434517,0.0251652,-0.0630529,0.145278,0.139785,-0.573495,0.113712,-0.670039,-0.0437136,0.0259222,-0.353989,0.39081,-0.507909,-0.145901,0.327239,-0.333373,-0.0150015	-0.872358,-0.634333,-0.958401,-0.97845,-0.887908,-0.863449,-0.967225,-0.969225,-0.965598,-0.790486,-0.970994,-0.963067,-0.95695,-0.820201,-0.946155,-0.880642,-0.876604,-0.715155,-0.808151,-0.853754
-0.920641,-0.619386,-0.952901,-0.944431,-0.886319,-0.861686,-0.958031,-0.966588,-0.991053,-0.744079,-0.99559,-0.968596,-0.974093,-0.918433,-0.92548,-0.961612,-0.79397,-0.482406,-0.912721,-0.861722	-0.0726109,0.0668294,0.189502,0.478498,0.000556938,0.00285278,0.148764,-0.200633,-0.349739,0.116702,-0.279631,0.374473,-0.260498,-0.105708,0.266294,-0.524184,0.383815,0.453352,-0.425562,-0.0763196	-0.90878,-0.65894,-0.967665,-0.980041,-0.886438,-0.862418,-0.968731,-0.950234,-0.981518,-0.792006,-0.99218,-0.985585,-0.956239,-0.900113,-0.956135,-0.882021,-0.902699,-0.767833,-0.796556,-0.840692
0.381351,0.304251,0.365048,0.527651,0.246913,0.243027,0.347496,0.271668,0.314641,0.156783,-0.0579573,-0.0104338,-0.00452599,-0.0798401,-0.0148643,0.112201,-0.00171877,0.163319,-0.0722983,-0.0669168	0.731757,0.508279,0.834818,0.917373,0.519415,0.63918,0.874559,0.858949,0.833717,0.537435,0.810921,0.747979,0.75229,0.406841,0.516382,0.691363,0.374688,0.19409,0.0040374,0.121087	-0.486038,-0.241352,-0.675684,-0.755353,-0.312592,-0.469007,-0.757172,-0.766034,-0.703662,-0.415677,-0.829875,-0.752539,-0.754248,-0.47137,-0.5272,-0.627867,-0.376165,-0.0317775,-0.0763134,-0.186493
0.676129,0.450217,0.653193,0.830261,0.500485,0.669582,0.768608,0.755571,0.826586,0.471714,0.735256,0.694841,0.686246,0.527451,0.550349,0.717287,0.594372,0.621804,0.438353,0.233267	0.726393,0.522809,0.821146,0.924995,0.562203,0.752203,0.901844,0.874943,0.819901,0.571561,0.89718,0.82822,0.848416,0.562501,0.694093,0.790465,0.511226,0.432795,0.255406,0.243042	-0.0987767,-0.0949379,-0.362254,-0.408313,-0.0858833,-0.166461,-0.434226,-0.352213,0.0207407,-0.136704,-0.475766,-0.314189,-0.388174,-0.0498358,-0.232592,-0.168998,0.119438,0.258602,0.206013,-0.0103625
-0.809049,-0.616328,-0.942403,-0.946917,-0.889969,-0.895885,-0.958761,-0.959569,-0.990371,-0.761365,-0.993295,-0.967244,-0.952599,-0.90566,-0.895596,-0.95817,-0.909115,-0.504137,-0.893151,-0.844347	0.221123,0.0253299,0.131562,0.453601,0.0262817,-0.0325764,0.0806034,0.121595,-0.562173,0.0705731,-0.643924,-0.0510858,0.035467,-0.323199,0.330416,-0.492505,-0.128606,0.334664,-0.291511,0.0336248	-0.873842,-0.631794,-0.955498,-0.97971,-0.895309,-0.889262,-0.964805,-0.968196,-0.966064,-0.789516,-0.969414,-0.963781,-0.955775,-0.82351,-0.946056,-0.881781,-0.883847,-0.717712,-0.813426,-0.853733
-0.922939,-0.618237,-0.951173,-0.945364,-0.892211,-0.889258,-0.962649,-0.966405,-0.991727,-0.760482,-0.995566,-0.96941,-0.975162,-0.913675,-0.934699,-0.964841,-0.801721,-0.488349,-0.906158,-0.848609	-0.0950479,0.0642729,0.142187,0.492466,0.00993757,-0.0308495,0.0392148,-0.207962,-0.375473,0.0782882,-0.363416,0.402327,-0.291345,-0.0586912,0.208204,-0.555622,0.40124,0.446014,-0.38012,-0.0300193	-0.907501,-0.656426,-0.963105,-0.981079,-0.89422,-0.882621,-0.965419,-0.949211,-0.981868,-0.791639,-0.990528,-0.986847,-0.955196,-0.903429,-0.956718,-0.882101,-0.910174,-0.767248,-0.802437,-0.839988
0.646752,0.442499,0.678299,0.818998,0.442169,0.547646,0.735502,0.712621,0.739446,0.500203,0.604825,0.584966,0.557745,0.254389,0.332002,0.544875,0.220173,0.159511,-0.0190547,0.010737	0.3347,0.298262,0.334221,0.492295,0.233289,0.226228,0.32233,0.236385,0.236735,0.195964,-0.105769,-0.042794,-0.0360205,-0.189285,-0.0707029,0.0440967,-0.171663,-0.0306509,-0.214794,-0.157203	0.398263,0.166168,0.444949,0.547414,0.232904,0.366871,0.541562,0.572711,0.609386,0.337302,0.66787,0.612429,0.582071,0.423291,0.393468,0.513107,0.377566,0.189237,0.196544,0.167657
-0.815578,-0.592314,-0.933151,-0.942299,-0.867145,-0.853782,-0.952143,-0.946596,-0.980006,-0.564502,-0.959999,-0.940566,-0.94367,-0.84223,-0.842165,-0.919205,-0.901979,-0.610925,-0.884419,-0.808317	0.0361033,-0.0386795,0.0959468,0.287158,-0.010365,-0.0660285,-0.0329143,0.0710693,-0.439485,0.39903,-0.49156,-0.0775301,-0.390774,-0.341727,0.11343,-0.425471,-0.400545,0.071839,-0.3176,-0.0434036	-0.827321,-0.566616,-0.944531,-0.967628,-0.86455,-0.834815,-0.948969,-0.953518,-0.949444,-0.786394,-0.887022,-0.930921,-0.875891,-0.702769,-0.87227,-0.810856,-0.785065,-0.654058,-0.788225,-0.792725
-0.893617,-0.595236,-0.942333,-0.941388,-0.870744,-0.840716,-0.949728,-0.951614,-0.977811,-0.572267,-0.981703,-0.953378,-0.96042,-0.854403,-0.881625,-0.919147,-0.819873,-0.575851,-0.892548,-0.814633	-0.0643632,-0.0002766,0.111142,0.336081,-0.0269836,-0.0653962,-0.0520479,-0.18323,-0.162962,0.383739,-0.344576,0.148167,-0.545906,-0.00986413,0.160177,-0.406076,-0.0192258,0.206526,-0.35389,-0.0941709	-0.87986,-0.595058,-0.953601,-0.970439,-0.864062,-0.820426,-0.944362,-0.930658,-0.969304,-0.783867,-0.962823,-0.965202,-0.871374,-0.851717,-0.912888,-0.818614,-0.81347,-0.699221,-0.787355,-0.780325
-0.841705,-0.646421,-0.943137,-0.94694,-0.882322,-0.901263,-0.962536,-0.956688,-0.987567,-0.682267,-0.983222,-0.968456,-0.954028,-0.900853,-0.878367,-0.95035,-0.914634,-0.601239,-0.906094,-0.83743	0.0762833,-0.071014,0.0885673,0.380983,-0.0261751,-0.124877,-0.00374204,0.12494,-0.479684,0.338805,-0.451378,-0.108708,-0.10955,-0.301797,0.294683,-0.457738,-0.130508,0.344097,-0.339104,0.0436721	-0.862602,-0.603092,-0.952169,-0.975863,-0.876387,-0.874847,-0.96226,-0.966146,-0.965043,-0.829361,-0.956218,-0.960912,-0.943038,-0.822737,-0.93185,-0.871897,-0.890412,-0.783286,-0.818475,-0.850015
-0.90889,-0.648632,-0.948003,-0.945893,-0.885878,-0.891782,-0.96369,-0.961815,-0.988356,-0.681137,-0.994867,-0.973011,-0.970543,-0.911011,-0.915474,-0.951244,-0.822238,-0.572426,-0.916396,-0.843918	0.0124399,-0.0330263,0.159313,0.413828,-0.0481224,-0.108144,-0.0113968,-0.168575,-0.268279,0.349641,-0.572808,0.251229,-0.36718,-0.0469163,0.247904,-0.454766,0.377618,0.488094,-0.413359,-0.0280581	-0.91103,-0.629082,-0.962022,-0.977206,-0.87506,-0.867279,-0.962868,-0.946743,-0.979904,-0.832512,-0.98123,-0.983761,-0.937428,-0.902676,-0.948187,-0.874996,-0.915577,-0.828921,-0.809783,-0.835647
0.151092,0.293983,0.45733,0.650534,0.844518,0.134701,0.251641,0.265972,0.383919,0.900998,-0.650637,-0.234574,0.261075,-0.0735347,0.215002,0.359164,0.583793,0.81513,0.0021786,0.699422	0.359812,0.352996,0.518091,0.746489,0.856665,0.0284159,0.067682,0.0752851,0.702417,0.846962,0.216358,0.311882,0.272225,0.568663,0.602707,0.451771,0.658693,0.853733,0.010985,0.728855	-0.220719,-0.0658461,-0.0796286,-0.186543,-0.0439289,0.106694,0.187147,0.194583,-0.436102,0.228109,-0.760008,-0.509203,-0.0120024,-0.616421,-0.445425,-0.110544,-0.121696,-0.126942,-0.00880661,-0.0600406
0.889812,0.6041,0.893975,0.955177,0.631018,0.614168,0.899074,0.935449,0.968641,0.612229,0.981689,0.893815,0.901402,0.803186,0.821322,0.929036,0.903047,0.84192,0.792014,0.498167	0.867365,0.609642,0.836153,0.95404,0.62618,0.624765,0.877893,0.936955,0.960037,0.579793,0.978096,0.896124,0.912796,0.800123,0.795282,0.917205,0.867967,0.829928,0.764336,0.503257	0.0983617,-0.00877349,0.229,0.0128147,0.00799948,-0.017194,0.100524,-0.0121958,0.122798,0.0502849,0.0902446,-0.0116011,-0.0642944,0.00857097,0.0750841,0.0800029,0.16227,0.0398048,0.0701359,-0.00679244
0.404693,0.292327,0.399193,0.533641,0.247876,0.204776,0.356718,0.278341,0.320045,0.0826425,-0.0559394,-0.0111276,-0.0144298,-0.0609758,-0.042262,0.115661,0.0199919,0.181938,-0.0880866,-0.0217581	0.751527,0.494844,0.817008,0.922941,0.517568,0.526883,0.828105,0.864788,0.828163,0.600514,0.814388,0.747427,0.753102,0.424998,0.458615,0.692084,0.370567,0.189054,-0.027834,0.152971	-0.498423,-0.236767,-0.620035,-0.767122,-0.309383,-0.361064,-0.669013,-0.772358,-0.691364,-0.544914,-0.832406,-0.752297,-0.75928,-0.473698,-0.491354,-0.626579,-0.353191,-0.00737006,-0.0604007,-0.17415
0.701506,0.459523,0.696691,0.841749,0.493237,0.537412,0.764912,0.757791,0.832219,0.413587,0.73987,0.700634,0.681371,0.543845,0.50831,0.728125,0.630076,0.656201,0.432824,0.213904	0.7447,0.524051,0.790093,0.934155,0.562725,0.600145,0.861123,0.879848,0.815712,0.604756,0.897421,0.834446,0.852392,0.578659,0.651602,0.789702,0.506423,0.439059,0.229316,0.253315	-0.0904416,-0.0849966,-0.207768,-0.432456,-0.0961846,-0.092598,-0.281882,-0.366251,0.0514004,-0.254931,-0.468868,-0.32216,-0.407966,-0.0508012,-0.214258,-0.144888,0.181598,0.305023,0.225932,-0.0416682
-0.783615,-0.559368,-0.963975,-0.943013,-0.738072,-0.799198,-0.946367,-0.950732,-0.994173,-0.955065,-0.996918,-0.971008,-0.963327,-0.896317,-0.937805,-0.971197,-0.910622,-0.505375,-0.919116,-0.604744	0.32197,0.0941406,-0.128125,0.444624,0.032573,-0.061187,-0.0767522,0.243485,-0.715687,0.18761,-0.782811,-0.131316,-0.0569619,-0.258378,0.0571271,-0.612995,-0.165157,0.300098,-0.438031,0.00644357	-0.882843,-0.620817,-0.953632,-0.977701,-0.752553,-0.775956,-0.937728,-0.969734,-0.965346,-0.969042,-0.974983,-0.962408,-0.958987,-0.830204,-0.94434,-0.885189,-0.877426,-0.699401,-0.805299,-0.608815
-0.893753,-0.555717,-0.970639,-0.941569,-0.743045,-0.789858,-0.949929,-0.961188,-0.995085,-0.958157,-0.998638,-0.974443,-0.982881,-0.904544,-0.982783,-0.973314,-0.797318,-0.474609,-0.931808,-0.610988	0.18322,0.128905,-0.114615,0.490202,0.0213646,-0.0211818,-0.085925,-0.0858953,-0.580407,0.214046,-0.462454,0.291937,-0.423839,0.0207599,-0.443445,-0.632803,0.370765,0.416036,-0.531321,-0.0166936	-0.925431,-0.638857,-0.963177,-0.979619,-0.752464,-0.781756,-0.940794,-0.954061,-0.981611,-0.97271,-0.996298,-0.985912,-0.95822,-0.908249,-0.955951,-0.886554,-0.901564,-0.743782,-0.793184,-0.600419
0.385488,0.316181,0.353134,0.526113,0.246824,0.26663,0.349305,0.279714,0.312461,0.0668466,-0.0618893,-0.012988,-0.00829669,-0.06351,-0.0517084,0.106822,-0.00531837,0.161242,-0.0889164,-0.0132334	0.757479,0.507237,0.824912,0.914811,0.523461,0.606616,0.847065,0.866765,0.831676,0.61203,0.814369,0.742982,0.753949,0.421856,0.475726,0.693316,0.371723,0.178308,-0.0107421,0.165061	-0.525411,-0.227551,-0.6657,-0.749362,-0.317683,-0.405586,-0.706929,-0.774931,-0.701515,-0.56844,-0.834213,-0.748744,-0.757508,-0.472702,-0.514771,-0.633405,-0.376297,-0.0175718,-0.078249,-0.177905
0.679353,0.461494,0.645138,0.829881,0.490251,0.650903,0.757584,0.759796,0.826942,0.398761,0.735928,0.694329,0.689002,0.535468,0.494509,0.717438,0.595534,0.615648,0.425346,0.240198	0.750283,0.518596,0.811463,0.9229,0.565297,0.705923,0.878731,0.880799,0.818795,0.622213,0.898535,0.825399,0.848683,0.573023,0.664642,0.791043,0.507066,0.418959,0.245693,0.276401	-0.144669,-0.0750689,-0.349061,-0.397342,-0.103818,-0.101791,-0.362404,-0.365818,0.0252329,-0.297189,-0.480031,-0.307026,-0.384535,-0.0541789,-0.253427,-0.170196,0.126741,0.265056,0.200618,-0.0387769
-0.779959,-0.561595,-0.958251,-0.943388,-0.743477,-0.791241,-0.945202,-0.948281,-0.993974,-0.959409,-0.995834,-0.971678,-0.961401,-0.891142,-0.94405,-0.96927,-0.913003,-0.504046,-0.911518,-0.566772	0.354257,0.0763195,-0.0470436,0.456428,0.0405612,0.0925617,0.0188727,0.273593,-0.702711,0.166102,-0.732422,-0.135387,-0.0499217,-0.233233,0.0233172,-0.586792,-0.146365,0.2813,-0.38572,0.134226	-0.888671,-0.611697,-0.954223,-0.97849,-0.761086,-0.823491,-0.947178,-0.97017,-0.965969,-0.970804,-0.973332,-0.962972,-0.957431,-0.830529,-0.946531,-0.886924,-0.884888,-0.687821,-0.810904,-0.65144
-0.895981,-0.55757,-0.967642,-0.942226,-0.746745,-0.791409,-0.950632,-0.958706,-0.995682,-0.96092,-0.998525,-0.974827,-0.98421,-0.898959,-0.983346,-0.975992,-0.80487,-0.480633,-0.923797,-0.573518	0.193592,0.111069,-0.0776924,0.497459,0.0334458,0.0938834,-0.0137763,-0.0457741,-0.614075,0.228883,-0.566893,0.323081,-0.469857,0.0523264,-0.432771,-0.661832,0.389267,0.37809,-0.47563,0.107713	-0.928517,-0.629646,-0.962293,-0.980232,-0.76118,-0.824064,-0.949287,-0.954834,-0.982065,-0.975298,-0.994674,-0.987041,-0.956826,-0.908548,-0.958462,-0.887316,-0.909258,-0.726671,-0.799421,-0.641596
0.656802,0.454656,0.66666,0.81753,0.437252,0.542177,0.717836,0.718925,0.738001,0.460606,0.607088,0.582061,0.562181,0.270784,0.253513,0.544966,0.221836,0.153043,-0.0371335,0.0407421	0.343126,0.309884,0.31926,0.490387,0.235898,0.251235,0.323512,0.24518,0.234203,0.107328,-0.109865,-0.0455752,-0.0404291,-0.171241,-0.112182,0.0379658,-0.174096,-0.0317758,-0.230676,-0.0952172	0.404934,0.168515,0.441332,0.546063,0.224512,0.336823,0.513596,0.575119,0.60907,0.371651,0.672124,0.611417,0.589218,0.422437,0.355583,0.517712,0.38121,0.183924,0.195215,0.135434
-0.785178,-0.528425,-0.953446,-0.93794,-0.695879,-0.72633,-0.927213,-0.932583,-0.986473,-0.900564,-0.972458,-0.947989,-0.95622,-0.823247,-0.908722,-0.939044,-0.910201,-0.60973,-0.905507,-0.481485	0.105289,0.0228792,-0.121352,0.281952,0.00694137,0.10097,0.0461267,0.207434,-0.57209,0.337895,-0.608913,-0.130267,-0.484013,-0.260807,-0.24715,-0.527352,-0.432958,0.0659962,-0.41995,0.0950489	-0.822472,-0.544719,-0.940966,-0.964758,-0.699442,-0.770773,-0.933418,-0.955229,-0.951187,-0.949523,-0.891354,-0.932931,-0.879052,-0.716218,-0.85319,-0.815564,-0.787632,-0.649587,-0.783494,-0.551304
-0.866587,-0.524737,-0.962862,-0.937444,-0.700608,-0.723643,-0.927187,-0.942282,-0.984783,-0.920637,-0.997328,-0.962539,-0.972236,-0.837127,-0.949141,-0.93892,-0.827358,-0.56918,-0.913221,-0.490409	0.0593249,0.057991,-0.150567,0.329533,-0.000467483,0.0979185,0.0302842,-0.044197,-0.307076,0.264515,-0.8348,0.0965608,-0.65482,0.101345,-0.354736,-0.509082,-0.0379939,0.19667,-0.458567,0.0729242	-0.880638,-0.565519,-0.950026,-0.967957,-0.70037,-0.767199,-0.931321,-0.937112,-0.971488,-0.95306,-0.970715,-0.969034,-0.873558,-0.86508,-0.896125,-0.823424,-0.814983,-0.68875,-0.782232,-0.543882
-0.814042,-0.58239,-0.958895,-0.94268,-0.736242,-0.790482,-0.94525,-0.944302,-0.990286,-0.950972,-0.98628,-0.972114,-0.963123,-0.887197,-0.931569,-0.961731,-0.916733,-0.599578,-0.92287,-0.562407	0.167377,0.00758556,-0.0896424,0.399777,-0.0115509,0.0800563,0.0144136,0.247699,-0.568011,0.143494,-0.490949,-0.168634,-0.176355,-0.221486,-0.186629,-0.540944,-0.122216,0.318743,-0.438635,0.0788748	-0.863734,-0.587381,-0.950998,-0.975012,-0.730907,-0.818727,-0.946764,-0.966041,-0.965184,-0.963049,-0.960342,-0.961021,-0.947744,-0.828515,-0.901709,-0.877083,-0.894766,-0.770978,-0.813571,-0.614043
-0.884206,-0.579058,-0.964046,-0.942012,-0.741033,-0.788373,-0.948054,-0.95323,-0.991561,-0.953767,-0.998824,-0.977711,-0.979456,-0.897192,-0.96932,-0.962521,-0.823788,-0.565451,-0.932574,-0.571132	0.174818,0.0429984,-0.041858,0.434164,-0.0217396,0.0862977,0.00996082,-0.0286744,-0.399101,0.189034,-0.843972,0.194548,-0.486084,0.0511231,-0.451472,-0.53901,0.387506,0.451878,-0.512818,0.0511311	-0.917241,-0.606944,-0.960966,-0.976712,-0.73107,-0.818953,-0.949052,-0.950537,-0.980462,-0.968234,-0.986195,-0.984916,-0.941724,-0.906726,-0.920817,-0.88013,-0.918188,-0.810288,-0.804501,-0.604607
0.202233,0.351181,0.304045,0.644336,0.944505,0.319598,0.319709,0.287996,0.223711,0.714333,-0.895525,-0.35317,0.260985,-0.0555888,-0.00203568,0.320534,0.556887,0.819997,-0.0915797,0.869522	0.446947,0.381336,0.363053,0.747939,0.959677,0.28757,0.214856,0.151863,0.654403,0.658306,-0.244896,0.260041,0.257426,0.587414,0.442268,0.413703,0.641217,0.835232,-0.0835286,0.882294	-0.26903,-0.0348172,-0.0663292,-0.199976,-0.162126,0.0352703,0.112587,0.14236,-0.504559,0.105761,-0.833403,-0.561632,0.00381488,-0.62267,-0.443904,-0.107412,-0.131168,-0.0483482,-0.00811319,-0.0548598
-0.0582205,0.076019,-0.159911,-0.103765,-0.0057794,0.111981,-0.0397188,0.00871239,-0.160492,-0.0309886,-0.169617,-0.013366,0.051267,-0.0109765,-0.0585813,-0.060971,-0.184557,-0.0599339,-0.0083109,0.0143519	-0.625447,-0.289796,-0.774297,-0.855962,-0.336505,-0.16325,-0.679712,-0.767583,-0.885017,-0.319952,-0.947938,-0.791989,-0.79888,-0.69416,-0.783292,-0.835641,-0.871377,-0.787009,-0.751297,-0.406157	0.588661,0.35793,0.701209,0.825519,0.33137,0.27029,0.657751,0.771138,0.844473,0.291858,0.92744,0.786953,0.816698,0.688429,0.759564,0.816258,0.81844,0.763068,0.747654,0.418072
-0.059992,0.0197999,-0.0489767,-0.12176,-0.0167433,0.221223,-0.0384707,-0.00697535,-0.174064,-0.0107742,-0.190376,-0.0537089,0.0311801,-0.0144169,-0.0649025,-0.026841,-0.190645,-0.0781308,0.00470694,0.0315341	-0.586023,-0.305437,-0.701199,-0.83121,-0.220254,0.100784,-0.504765,-0.628495,-0.797697,-0.174491,-0.865344,-0.615755,-0.571901,-0.558356,-0.639217,-0.675692,-0.824903,-0.677019,-0.64647,-0.313661	0.545198,0.323282,0.675418,0.789337,0.204264,0.123186,0.475528,0.624257,0.724187,0.164026,0.808095,0.581269,0.592516,0.548353,0.599172,0.660836,0.752617,0.632337,0.649201,0.341814
-0.0369679,-0.00979812,-0.195709,-0.00746022,-0.00232572,0.156187,-0.0387525,0.0428265,-0.104582,-0.0532268,-0.122238,0.0111131,0.0692635,0.00683165,-0.0828809,-0.0595706,-0.145152,-0.0426399,-0.0420452,0.0996681	-0.838756,-0.594023,-0.885522,-0.950595,-0.635886,-0.610293,-0.900111,-0.92278,-0.967437,-0.608447,-0.983811,-0.894944,-0.904423,-0.80282,-0.816103,-0.928587,-0.907588,-0.810782,-0.802547,-0.475988	0.827445,0.587645,0.834422,0.949871,0.634498,0.699777,0.89249,0.928897,0.959983,0.573804,0.979349,0.897135,0.916287,0.805235,0.786415,0.919902,0.878117,0.795649,0.78706,0.549584
-0.0991235,-0.00900348,-0.21753,-0.0121417,0.0016845,0.116193,-0.0592007,0.0495085,-0.121637,-0.0501766,-0.163434,0.0163248,0.0527489,0.00986644,-0.0705817,-0.091366,-0.161722,-0.0650798,-0.0406357,0.0995917	-0.893668,-0.590988,-0.891105,-0.949241,-0.637496,-0.615663,-0.903845,-0.927599,-0.967762,-0.608713,-0.984562,-0.89382,-0.912847,-0.790815,-0.823778,-0.930479,-0.898165,-0.816362,-0.808442,-0.480086	0.871769,0.585098,0.835538,0.948026,0.638495,0.682997,0.892395,0.934205,0.959016,0.576133,0.978594,0.897055,0.921236,0.794482,0.799693,0.917078,0.861592,0.793437,0.793886,0.553226
-0.245678,-0.0433342,-0.325978,-0.464474,-0.191622,-0.11908,-0.519712,-0.559211,-0.669182,-0.148958,-0.690628,-0.568374,-0.581601,-0.465856,-0.5061,-0.605454,-0.610382,-0.565883,-0.420486,-0.191493	-0.159777,0.0122339,-0.256853,-0.339995,-0.041818,0.0555068,-0.231793,-0.255022,-0.412077,0.0192267,-0.227439,-0.110252,-0.0821189,-0.204679,-0.151737,-0.228341,-0.414022,-0.320799,-0.212517,-0.0775584	-0.0894106,-0.0555386,-0.0754415,-0.147824,-0.151014,-0.173441,-0.327354,-0.354785,-0.354997,-0.167705,-0.549503,-0.488749,-0.524534,-0.288705,-0.383839,-0.437613,-0.262763,-0.299443,-0.228377,-0.115652
0.359445,0.178853,0.609829,0.73973,0.301567,0.473617,0.704349,0.756283,0.694991,0.550094,0.832241,0.759296,0.727912,0.459922,0.459758,0.629154,0.307335,-0.087949,0.0583794,0.233243	-0.398654,-0.295894,-0.40116,-0.531266,-0.251308,-0.180503,-0.352494,-0.266208,-0.332989,-0.060752,0.0160202,0.00408488,-0.0189857,0.00759861,0.0184731,-0.158017,-0.0948534,-0.177395,0.00880967,0.0653916	0.663083,0.450886,0.812275,0.912421,0.513927,0.602604,0.84664,0.851134,0.834789,0.591092,0.827251,0.757561,0.736716,0.45391,0.445065,0.71599,0.390796,0.0908641,0.0495952,0.170451
0.508968,0.181452,0.612209,0.730983,0.305284,0.448749,0.711546,0.771051,0.695393,0.54775,0.829289,0.741081,0.748362,0.46996,0.488774,0.628146,0.248053,-0.0817432,0.0705768,0.233445	-0.418887,-0.283491,-0.404118,-0.528852,-0.253648,-0.18294,-0.355537,-0.278985,-0.324097,-0.0689395,0.0425096,0.014307,-0.0282117,0.0733938,0.0188255,-0.154483,-0.0304109,-0.139581,0.00334835,0.0553539	0.7648,0.442196,0.814753,0.90859,0.518762,0.583765,0.851636,0.864148,0.831982,0.59425,0.815529,0.734562,0.760517,0.410733,0.474313,0.713402,0.276379,0.0585051,0.0672444,0.180423
-0.0398729,-0.00574859,0.209142,0.398412,0.0667903,0.221617,0.343548,0.358344,-0.0369236,0.248248,0.468008,0.313225,0.388925,0.062252,0.165331,0.151004,-0.173916,-0.285741,-0.240564,0.0850066	-0.682744,-0.483951,-0.691371,-0.837321,-0.51331,-0.536195,-0.766483,-0.745266,-0.832377,-0.408335,-0.750468,-0.702469,-0.692688,-0.552172,-0.531619,-0.736854,-0.645648,-0.600705,-0.484611,-0.193645	0.660862,0.479536,0.786753,0.926615,0.560872,0.677326,0.87866,0.870999,0.820676,0.596152,0.901756,0.832515,0.852064,0.594006,0.640642,0.798959,0.531403,0.380228,0.276252,0.274139
0.09915,-0.00384958,0.217943,0.384115,0.0681333,0.188109,0.346954,0.377144,-0.0417644,0.252539,0.441254,0.304282,0.396343,0.0575467,0.191393,0.155876,-0.196764,-0.27762,-0.239376,0.0829744	-0.70553,-0.47488,-0.692312,-0.835738,-0.516501,-0.538931,-0.768211,-0.751416,-0.830723,-0.408948,-0.754862,-0.700086,-0.700838,-0.526046,-0.536407,-0.733338,-0.609979,-0.583168,-0.493345,-0.202724	0.75207,0.471893,0.790918,0.923418,0.56476,0.660118,0.880486,0.879357,0.817316,0.599566,0.897254,0.827987,0.858667,0.566445,0.660038,0.797996,0.469574,0.364572,0.287977,0.280972
0.929028,0.705959,0.954645,0.973637,0.983191,0.85074,0.953491,0.974277,0.971943,0.972484,0.975122,0.957797,0.970044,0.845043,0.956773,0.915888,0.855694,0.834361,0.864487,0.968382	0.857172,0.727374,0.95751,0.977055,0.977678,0.86624,0.953129,0.948448,0.986884,0.972903,0.994566,0.97792,0.950467,0.907261,0.924937,0.914229,0.987913,0.891276,0.839393,0.950792	0.352815,-0.0440166,-0.0333409,-0.0701741,0.142253,-0.0589222,0.00396326,0.34008,-0.366164,-0.00777852,-0.644326,-0.317645,0.250964,-0.266657,0.276726,0.0101986,-0.854964,-0.222017,0.0914659,0.221909
-0.20846,-0.055783,-0.280351,-0.435046,-0.183497,-0.337224,-0.502886,-0.561082,-0.642514,-0.138661,-0.672684,-0.554738,-0.591959,-0.457419,-0.492197,-0.591514,-0.566727,-0.527353,-0.419422,-0.219445	-0.122982,-0.0430694,-0.183026,-0.308931,-0.0376857,-0.0636719,-0.206375,-0.25992,-0.368563,0.0465144,-0.194699,-0.101536,-0.105579,-0.196478,-0.127339,-0.20179,-0.353512,-0.279942,-0.208719,-0.0927456	-0.0877268,-0.0127442,-0.102588,-0.145697,-0.146826,-0.279555,-0.330848,-0.35258,-0.358954,-0.183988,-0.550021,-0.480252,-0.518804,-0.286708,-0.389256,-0.442547,-0.266634,-0.290262,-0.230919,-0.129332
0.366788,0.184205,0.643699,0.725925,0.307626,0.436456,0.71576,0.754256,0.703309,0.576172,0.836565,0.755247,0.719708,0.454974,0.487613,0.63227,0.328163,-0.0720858,0.0688787,0.175369	-0.379745,-0.318137,-0.356683,-0.524538,-0.2515,-0.249173,-0.346595,-0.268298,-0.325638,-0.0455013,0.0219419,0.00592991,-0.0253316,0.0103037,0.0281249,-0.149531,-0.0683193,-0.155014,0.0111718,0.0603977	0.655264,0.474534,0.813586,0.905624,0.518974,0.618379,0.851192,0.850452,0.837206,0.605792,0.829855,0.752688,0.731699,0.446765,0.465877,0.714271,0.387788,0.0838655,0.0577514,0.116202
0.532459,0.186079,0.653433,0.718321,0.308394,0.43431,0.729786,0.76825,0.706092,0.571693,0.834294,0.736223,0.74331,0.464418,0.511308,0.638038,0.273436,-0.0606674,0.080512,0.175664	-0.397778,-0.306838,-0.358181,-0.521926,-0.254009,-0.249814,-0.349022,-0.28116,-0.316611,-0.0534163,0.0484622,0.0161865,-0.0345017,0.0761806,0.0283528,-0.145791,-0.00231504,-0.117555,0.00576113,0.0496064	0.767649,0.466294,0.819753,0.902057,0.521547,0.617164,0.859806,0.863001,0.835844,0.606586,0.818943,0.728721,0.758363,0.402477,0.490059,0.717122,0.275577,0.0572965,0.0747855,0.127166
-0.0142737,0.00360186,0.328569,0.37023,0.0696691,0.102235,0.373905,0.345178,-0.0138478,0.29423,0.483268,0.298434,0.35554,0.0568932,0.212009,0.169342,-0.123919,-0.248637,-0.225148,0.0128312	-0.661901,-0.479977,-0.643135,-0.826877,-0.512463,-0.671017,-0.762642,-0.749535,-0.827383,-0.393646,-0.746478,-0.696005,-0.697138,-0.544369,-0.517006,-0.727928,-0.612097,-0.56138,-0.479694,-0.229072	0.653805,0.482745,0.80219,0.916527,0.562065,0.723612,0.884365,0.869702,0.822964,0.616474,0.903727,0.823408,0.843586,0.5832,0.657001,0.798803,0.528245,0.363478,0.285366,0.241194
0.151719,0.00463266,0.349582,0.359689,0.0675553,0.106811,0.392045,0.361959,-0.0151244,0.295443,0.460344,0.287272,0.369263,0.050811,0.23006,0.186703,-0.140702,-0.235786,-0.224649,0.0107296	-0.680921,-0.471348,-0.641637,-0.824914,-0.516104,-0.667624,-0.762923,-0.755792,-0.825525,-0.394582,-0.749914,-0.69396,-0.70324,-0.518595,-0.523532,-0.723302,-0.571169,-0.544133,-0.488618,-0.238437	0.754675,0.474944,0.809618,0.913543,0.563995,0.722887,0.889052,0.877655,0.820647,0.617983,0.899674,0.818133,0.851409,0.554787,0.672583,0.801737,0.468084,0.35373,0.296517,0.248531
0.931953,0.704474,0.953977,0.975782,0.989721,0.870785,0.956928,0.973458,0.972806,0.972366,0.97534,0.957674,0.969944,0.844532,0.957895,0.91843,0.861485,0.833119,0.862617,0.96663	0.851382,0.726284,0.952748,0.978763,0.986277,0.870855,0.953662,0.947966,0.986817,0.975061,0.99374,0.978643,0.947438,0.907846,0.931652,0.911947,0.988729,0.880454,0.838674,0.948188	0.390077,-0.0446598,0.0134938,-0.066322,0.144354,-0.000288675,0.0373721,0.330236,-0.350104,-0.0519485,-0.598088,-0.334022,0.277713,-0.271392,0.243952,0.0399049,-0.858456,-0.17763,0.0865779,0.220991
-0.36461,-0.186657,-0.431531,-0.532458,-0.240504,-0.37283,-0.523172,-0.562678,-0.606562,-0.385935,-0.671605,-0.619138,-0.560989,-0.401052,-0.360002,-0.516432,-0.340787,-0.101172,-0.202647,-0.15502	-0.616305,-0.464126,-0.662732,-0.809379,-0.450968,-0.556905,-0.722567,-0.703332,-0.74346,-0.453308,-0.633045,-0.595173,-0.558379,-0.304895,-0.282367,-0.577542,-0.240715,-0.0471901,-0.0504839,-0.001741	0.324646,0.303786,0.323806,0.486646,0.236068,0.23231,0.320586,0.232774,0.249338,0.0816594,-0.0670792,-0.0379486,-0.00380053,-0.109554,-0.086419,0.0870835,-0.109015,-0.0542405,-0.153736,-0.15332
-0.405784,-0.1872,-0.428066,-0.528814,-0.243014,-0.366949,-0.527269,-0.569525,-0.608896,-0.378563,-0.682123,-0.607238,-0.57282,-0.413006,-0.375497,-0.5126,-0.304888,-0.100499,-0.21234,-0.157099	-0.66522,-0.45374,-0.662245,-0.80621,-0.455135,-0.552686,-0.726846,-0.716066,-0.740367,-0.454323,-0.627577,-0.575287,-0.57704,-0.250798,-0.299201,-0.571878,-0.12667,-0.00469157,-0.06614,-0.0168062	0.355361,0.291281,0.32683,0.483551,0.238499,0.232989,0.32359,0.247458,0.239388,0.0914966,-0.0953743,-0.0491052,0.00630466,-0.18095,-0.0859521,0.0838614,-0.185378,-0.0958527,-0.148282,-0.140664
0.893024,0.682884,0.947734,0.973241,0.984889,0.82515,0.941552,0.959585,0.959749,0.961799,0.906025,0.939134,0.949215,0.753963,0.902811,0.867987,0.865618,0.85055,0.842213,0.955925	0.867858,0.707749,0.947518,0.976927,0.980598,0.823993,0.93947,0.932132,0.981037,0.94549,0.959083,0.960783,0.928356,0.875414,0.904386,0.873322,0.968155,0.913249,0.833635,0.935752	0.111857,-0.0481241,0.00211271,-0.0749081,0.125398,0.00361522,0.0180341,0.260115,-0.364194,0.179955,-0.404881,-0.221595,0.175593,-0.357242,-0.0085825,-0.022046,-0.633153,-0.280862,0.0287918,0.191236
0.910853,0.717423,0.951723,0.975454,0.982749,0.870476,0.955482,0.969246,0.970682,0.96696,0.970461,0.959881,0.968375,0.844137,0.944411,0.907049,0.874466,0.849836,0.873999,0.967648	0.891619,0.740527,0.956434,0.977898,0.977673,0.872571,0.954958,0.945054,0.984308,0.969055,0.982903,0.978183,0.94668,0.905684,0.925528,0.908135,0.985643,0.907034,0.854864,0.946173	0.102382,-0.0492922,-0.0524939,-0.0529995,0.129519,-0.00871516,0.00597944,0.28796,-0.305857,-0.0332824,-0.269722,-0.299724,0.26057,-0.261368,0.149961,-0.0061655,-0.805114,-0.249587,0.0756786,0.254322
