0.0312755,0.00518037,0.10203,0.043722,0.0622031,0.037555,0.0588639,0.148486,0.118089,0.153021,0.0990013,0.0795092,0.0576405,0.00485669,-0.0179926,-0.00863363,0.128234,-0.12611,0.0123556,-0.0731516	-0.420405,-0.384222,-0.364832,-0.289754,-0.361792,-0.279405,-0.415551,-0.389526,-0.278672,-0.227419,-0.317398,-0.359883,-0.232482,-0.283699,-0.222568,-0.265969,-0.351312,-0.350517,-0.224481,-0.0732834	0.445818,0.388629,0.450108,0.329304,0.414664,0.313669,0.463087,0.508596,0.384121,0.367645,0.403714,0.427169,0.286286,0.288159,0.205398,0.257928,0.458873,0.234785,0.236181,0.000132556
0.0266387,-0.00777312,0.0974103,0.0297103,0.0799903,0.0649469,0.0128074,0.206258,0.117488,0.138161,0.100884,0.0566827,0.056941,0.0102591,-0.0523388,-0.00894647,0.0482938,-0.126664,0.0374673,-0.157531	-0.394898,-0.351329,-0.341891,-0.285186,-0.329156,-0.200138,-0.430898,-0.277407,-0.250485,-0.265338,-0.310186,-0.357183,-0.217715,-0.267219,-0.296051,-0.250256,-0.385668,-0.375258,-0.189406,-0.01081	0.417149,0.344497,0.425142,0.31225,0.39865,0.261684,0.44127,0.457489,0.357453,0.38923,0.398597,0.405653,0.271293,0.276719,0.247548,0.241851,0.426027,0.261,0.225275,-0.146972
-0.016064,-0.0304199,-0.0183707,-0.0649168,-0.107256,-0.0702247,-0.091073,-0.0254735,-0.0936289,-0.0553166,-0.0697499,-0.0385444,-0.0842018,-0.0161382,-0.0930147,-0.0295149,-0.115036,-0.0392814,-0.0105215,-0.0533423	-0.627437,-0.58687,-0.575087,-0.553011,-0.622692,-0.520406,-0.672767,-0.70212,-0.640831,-0.451022,-0.556387,-0.611862,-0.547455,-0.43995,-0.488831,-0.443459,-0.663607,-0.465005,-0.494457,-0.663889	0.617598,0.566565,0.56266,0.506269,0.552324,0.467258,0.619661,0.688969,0.58213,0.405831,0.506285,0.587165,0.48564,0.426842,0.414671,0.419434,0.59391,0.433645,0.486467,0.632962
-0.0222852,-0.0199012,-0.00676111,-0.0722738,-0.077873,-0.0436954,-0.103941,-0.0293507,-0.0870352,-0.0547729,-0.0678166,-0.0529214,-0.0694804,-0.0285326,-0.104736,-0.0384772,-0.119498,-0.0353124,-0.00297682,-0.0506832	-0.631638,-0.585833,-0.56673,-0.550119,-0.598178,-0.497826,-0.675493,-0.693147,-0.634886,-0.462296,-0.560267,-0.613586,-0.534405,-0.444056,-0.479139,-0.45292,-0.668346,-0.456373,-0.48195,-0.666191	0.618053,0.572608,0.562123,0.49763,0.545726,0.464228,0.614712,0.677582,0.579895,0.41811,0.5119,0.579481,0.482853,0.420855,0.394184,0.421793,0.596487,0.427957,0.479661,0.637016
-0.0156104,-0.0124492,-0.017573,-0.0347863,-0.0714785,-0.0435227,-0.0876706,0.00169378,-0.0616407,-0.0555919,-0.0683284,-0.0493613,-0.0498156,-0.030269,-0.079524,-0.0425,-0.081332,-0.0420333,-0.000210255,-0.0379863	-0.627812,-0.566988,-0.575821,-0.524516,-0.601558,-0.486569,-0.669914,-0.675463,-0.592227,-0.459092,-0.571839,-0.619669,-0.517169,-0.437381,-0.432579,-0.435679,-0.655188,-0.467656,-0.495614,-0.644682	0.618261,0.558481,0.563955,0.498831,0.553896,0.452632,0.618573,0.676383,0.55069,0.414067,0.523984,0.588302,0.479712,0.412574,0.365633,0.400597,0.606157,0.434156,0.495456,0.621926
-0.0244808,-0.0336255,-0.0227101,-0.023462,-0.0976964,-0.0560953,-0.0924315,-0.0113038,-0.0743758,-0.0589606,-0.0624828,-0.0498994,-0.0793793,-0.01357,-0.0839427,-0.0413844,-0.125034,-0.0482931,-0.00393597,-0.0519639	-0.633558,-0.587456,-0.57747,-0.514021,-0.613204,-0.496551,-0.671335,-0.677989,-0.611866,-0.464682,-0.56334,-0.6214,-0.543343,-0.431478,-0.444533,-0.443195,-0.678163,-0.482253,-0.495873,-0.670565	0.618673,0.564991,0.562132,0.496548,0.548358,0.453075,0.617203,0.671834,0.563116,0.417151,0.51913,0.589788,0.484877,0.420369,0.374567,0.409318,0.604376,0.444308,0.492899,0.640935
0.0783429,0.0201338,0.104382,0.0161968,0.103358,0.1426,0.141405,0.154807,0.166798,0.073496,0.0970649,0.0567135,0.0397501,-0.00937779,0.0592839,0.046615,0.209924,-0.0450671,-0.0280396,-0.15948	-0.421751,-0.371879,-0.32178,-0.346769,-0.356134,-0.213789,-0.351855,-0.407665,-0.288824,-0.400767,-0.32321,-0.3914,-0.229751,-0.271275,-0.244496,-0.195223,-0.32388,-0.304063,-0.270921,-0.0176058	0.484099,0.389099,0.412313,0.360939,0.443179,0.345846,0.469882,0.529082,0.434681,0.460694,0.407491,0.438382,0.267062,0.262565,0.29944,0.239657,0.499821,0.262594,0.244741,-0.142274
0.0792043,0.020644,0.113288,0.0346294,0.104653,0.129661,0.112737,0.123789,0.174809,0.0343033,0.103251,0.0728042,0.0466185,-0.0165673,0.0635145,0.0191589,0.240138,-0.0482486,-0.0376435,-0.159456	-0.409171,-0.372407,-0.305389,-0.319382,-0.357407,-0.217353,-0.355812,-0.434883,-0.284112,-0.430263,-0.318307,-0.385474,-0.221778,-0.277538,-0.244608,-0.220655,-0.25119,-0.340106,-0.283055,-0.0144573	0.473045,0.390052,0.404676,0.350139,0.4454,0.337503,0.450479,0.530133,0.437207,0.457809,0.408144,0.445768,0.26565,0.262177,0.303409,0.238805,0.463377,0.296727,0.248054,-0.145334
0.688025,0.650909,0.616041,0.709446,0.688837,0.598147,0.533694,0.478292,0.701952,0.646945,0.664733,0.629728,0.676561,0.471563,0.338971,0.42492,0.368479,0.583912,0.444043,0.328186	0.75409,0.737043,0.669867,0.734616,0.731958,0.696423,0.545848,0.621096,0.747252,0.595014,0.669555,0.659127,0.694668,0.493582,0.2699,0.459927,0.387058,0.54322,0.470101,0.572062	-0.137302,-0.165562,-0.0916439,-0.0525648,-0.0869723,-0.168442,-0.0171491,-0.203155,-0.0952758,0.0844313,-0.00868849,-0.0502612,-0.0341643,-0.0286981,0.0760257,-0.0435106,-0.0216688,0.0595959,-0.0329328,-0.300245
-0.0768828,-0.0270273,-0.104589,-0.0278522,-0.0701833,-0.0622723,-0.0698274,-0.00976954,-0.0547698,-0.166846,-0.0499892,-0.160561,-0.0282513,-0.00990397,0.041982,-0.0379595,-0.0235052,0.042952,-0.0855254,-0.060988	-0.37714,-0.306299,-0.318071,-0.30377,-0.341702,-0.307082,-0.368972,-0.418616,-0.394726,-0.266681,-0.25885,-0.406255,-0.309746,-0.199073,-0.248357,-0.253143,-0.343604,-0.207206,-0.390815,-0.685333	0.309223,0.281603,0.220828,0.278272,0.27819,0.249582,0.307056,0.410525,0.347468,0.104485,0.211599,0.262839,0.28398,0.189543,0.287343,0.217272,0.322705,0.247952,0.315847,0.651579
-0.0474894,-0.042067,-0.08978,-0.0216585,-0.0962339,-0.0633442,-0.0680541,-0.00576854,-0.0632411,-0.167948,-0.0452689,-0.159401,-0.0247598,0.00477313,-0.00518509,-0.0222929,-0.011012,0.0360924,-0.0965971,-0.0558701	-0.357491,-0.321218,-0.301658,-0.293,-0.3428,-0.289986,-0.367687,-0.397573,-0.395433,-0.28129,-0.264307,-0.398811,-0.299952,-0.185734,-0.257195,-0.247207,-0.341345,-0.205485,-0.389443,-0.686229	0.315356,0.282975,0.217776,0.273074,0.254978,0.230883,0.307323,0.392705,0.340713,0.118961,0.22169,0.255663,0.277252,0.190338,0.252346,0.22616,0.331579,0.239799,0.304293,0.655491
-0.036449,-0.0151776,-0.0894928,-0.00667822,-0.0565686,-0.0506808,-0.0452435,-0.0204662,-0.0340945,-0.133437,-0.00443656,-0.127025,-0.021782,-0.0292696,0.037714,-0.0369741,-0.0109204,0.0341926,-0.0691503,-0.0604057	-0.346592,-0.279923,-0.306131,-0.272589,-0.320945,-0.262434,-0.350946,-0.392078,-0.328993,-0.247342,-0.246896,-0.391361,-0.288801,-0.201045,-0.182822,-0.233085,-0.339733,-0.216743,-0.388827,-0.671425	0.314112,0.265875,0.22274,0.266396,0.269265,0.214608,0.310635,0.374618,0.298244,0.117793,0.242726,0.278164,0.26871,0.172792,0.219026,0.197816,0.330037,0.24909,0.32851,0.636849
-0.0668798,-0.0135659,-0.102686,-0.0450994,-0.0565618,-0.0585255,-0.058694,-0.0412081,-0.0539903,-0.145831,-0.0126725,-0.135117,-0.0207403,-0.0490144,0.0283386,-0.0318618,-0.0242938,0.036944,-0.0846405,-0.0564078	-0.371937,-0.294757,-0.314323,-0.297344,-0.321227,-0.271988,-0.357786,-0.401602,-0.362478,-0.263562,-0.246756,-0.396794,-0.305121,-0.224456,-0.204522,-0.241703,-0.362008,-0.230322,-0.397138,-0.69041	0.312839,0.28232,0.218696,0.255673,0.269563,0.216915,0.305507,0.366458,0.314645,0.122438,0.234818,0.276501,0.286191,0.177394,0.231519,0.21147,0.340711,0.265011,0.323367,0.659694
0.0815998,0.212432,0.169608,0.193198,0.126278,0.163604,0.131021,-0.0605725,0.241054,0.242192,0.100156,0.109617,0.063139,0.239919,0.156817,0.0442987,0.067059,0.213959,-0.0735507,0.26114	0.0235865,0.219294,0.238109,0.122385,0.0919691,0.152189,0.170592,-0.0877089,0.190123,0.0666174,0.103737,0.0912229,0.0972878,0.279499,0.0374413,0.0812221,0.0477161,0.189815,-0.0955358,0.494075	0.0581252,-0.0071974,-0.0713835,0.0725285,0.034712,0.0117066,-0.0404755,0.0272813,0.0533775,0.178454,-0.00361842,0.0185802,-0.0343598,-0.0424246,0.120081,-0.0370567,0.019405,0.0251662,0.0221406,-0.26744
0.0965013,0.199908,0.125303,0.171443,0.114788,0.16088,0.135105,-0.0656095,0.236392,0.198321,0.102321,0.118408,0.0758825,0.241207,0.143267,0.0526126,0.0223409,0.208494,-0.0773284,0.260514	0.0566935,0.207769,0.211422,0.125947,0.0800816,0.158449,0.192366,-0.11543,0.184864,0.0105823,0.103688,0.0933148,0.116516,0.280434,0.0208992,0.0831174,0.0765127,0.131234,-0.102435,0.498647	0.0400268,-0.00820163,-0.0884628,0.0465001,0.035028,0.0024947,-0.0587889,0.0502008,0.0538826,0.188134,-0.00138144,0.0253733,-0.0409964,-0.0420733,0.122735,-0.0306388,-0.0542646,0.0794333,0.0253066,-0.273686
-0.098122,-0.033925,-0.107421,-0.0278172,-0.107045,-0.0748487,-0.0335694,0.0403712,-0.0745189,-0.168435,-0.0485718,-0.139044,-0.00824273,-0.120476,0.0499995,-0.0322295,0.0614613,-0.00702916,-0.0950533,-0.0907545	-0.417913,-0.353846,-0.34839,-0.320876,-0.3917,-0.367858,-0.34652,-0.449053,-0.431247,-0.239134,-0.258036,-0.403108,-0.302441,-0.30109,-0.196218,-0.272883,-0.290039,-0.223656,-0.40993,-0.731211	0.333465,0.323808,0.250339,0.295698,0.297113,0.301305,0.316634,0.48071,0.368573,0.0736664,0.212123,0.279744,0.294934,0.187413,0.243826,0.242789,0.345345,0.216968,0.327644,0.685978
-0.0472708,-0.0403377,-0.0887128,-0.01831,-0.138523,-0.0879381,-0.00356131,0.0323767,-0.0855346,-0.16489,-0.040187,-0.12924,-0.000504614,-0.099763,-0.0472956,-0.0322455,0.0964888,-0.0124186,-0.105302,-0.0967835	-0.384318,-0.362151,-0.329605,-0.307212,-0.396444,-0.361814,-0.325688,-0.438136,-0.432236,-0.249657,-0.261055,-0.388908,-0.289988,-0.283388,-0.24704,-0.278374,-0.270048,-0.220781,-0.407772,-0.735327	0.343283,0.326584,0.248148,0.290536,0.272908,0.282876,0.322501,0.463931,0.360011,0.0884065,0.223209,0.27341,0.289525,0.188967,0.202106,0.248358,0.357229,0.208935,0.316041,0.687469
-0.0348384,-0.00823707,-0.110164,0.00026356,-0.0727068,-0.0781721,0.00649053,0.0360285,-0.0592927,-0.115296,-0.00359572,-0.13084,0.0100615,-0.0742729,0.00795778,-0.011046,0.0225342,-0.00710654,-0.0905956,-0.110466	-0.374228,-0.319061,-0.350503,-0.283316,-0.3558,-0.338332,-0.317238,-0.422403,-0.369639,-0.20079,-0.24652,-0.406974,-0.2734,-0.252431,-0.156709,-0.23669,-0.322553,-0.226041,-0.41575,-0.727226	0.343873,0.311643,0.249992,0.283558,0.290611,0.267228,0.323063,0.451559,0.3173,0.0875205,0.24314,0.291664,0.282684,0.181562,0.164462,0.226235,0.342597,0.219287,0.33788,0.670634
-0.0722615,-0.00549282,-0.130396,-0.0487684,-0.0795651,-0.0792517,-0.0159503,0.00563768,-0.0889451,-0.135501,-0.017921,-0.113212,0.00791965,-0.100185,0.0191801,-0.0457262,0.0391476,0.000258889,-0.104666,-0.0934808	-0.402399,-0.332533,-0.363307,-0.315028,-0.361271,-0.341882,-0.329233,-0.434766,-0.408691,-0.224977,-0.250683,-0.393358,-0.29224,-0.279818,-0.162355,-0.275303,-0.323625,-0.235102,-0.423147,-0.737053	0.340025,0.327638,0.244494,0.270414,0.290044,0.269944,0.314937,0.439327,0.331808,0.0922891,0.233813,0.293203,0.299466,0.184815,0.180972,0.232504,0.358234,0.235346,0.33324,0.691196
0.118631,0.324722,0.261515,0.243974,0.20461,0.234394,0.106117,-0.0235768,0.338914,0.248374,0.145574,0.160093,0.0627118,0.177053,0.186459,0.0833199,0.132524,0.108438,-0.0930417,0.67234	0.0143391,0.258131,0.286415,0.148915,0.134162,0.138901,0.133886,-0.147172,0.243772,0.114813,0.145206,0.11672,0.0815431,0.194487,0.125886,0.0936185,0.0957543,0.118057,-0.132131,0.664912	0.104469,0.0726833,-0.0269165,0.0986427,0.0724368,0.0987067,-0.0281691,0.124025,0.10371,0.137481,0.000375386,0.0441988,-0.0189281,-0.0180565,0.0620291,-0.0103796,0.0372427,-0.00974323,0.0395758,0.0134323
0.148093,0.306868,0.199667,0.221576,0.193364,0.252361,0.108744,-0.0664405,0.343206,0.187724,0.155816,0.181332,0.0879127,0.17898,0.186511,0.121208,0.112565,0.0616362,-0.0996948,0.676608	0.0607831,0.24094,0.243074,0.153059,0.122586,0.165347,0.153555,-0.203546,0.247177,0.0411229,0.153191,0.13077,0.113195,0.196182,0.121554,0.124907,0.152981,0.0208773,-0.141911,0.674507	0.0881034,0.071192,-0.0456206,0.0709217,0.0724965,0.0908023,-0.0455717,0.138985,0.10493,0.147742,0.00268891,0.0517906,-0.0255365,-0.0178275,0.0664632,-0.00375594,-0.0411247,0.0408114,0.042822,0.00386505
0.65224,0.599746,0.733461,0.704169,0.691004,0.658352,0.710597,0.764058,0.794788,0.730439,0.820145,0.754379,0.686132,0.641028,0.61095,0.724809,0.806016,0.735189,0.721582,0.859617	0.652813,0.596402,0.740594,0.710457,0.721034,0.692117,0.713336,0.797427,0.799587,0.710745,0.806856,0.764968,0.700834,0.640378,0.647765,0.713128,0.794451,0.746629,0.737692,0.848264	-0.000998727,0.00520702,-0.015615,-0.0125824,-0.0598504,-0.0620297,-0.00555615,-0.0854046,-0.0131656,0.0409574,0.0392862,-0.0250377,-0.0283184,0.00110222,-0.0609262,0.0241789,0.0321558,-0.0253612,-0.0344451,0.0419205
0.282644,0.346514,0.337432,0.330777,0.41533,0.249031,0.289648,0.312648,0.322503,0.486102,0.415406,0.331958,0.326537,0.375643,0.165051,0.306468,0.397929,0.422698,0.507986,0.746383	0.292818,0.372647,0.333845,0.345593,0.433676,0.307351,0.289559,0.368774,0.394799,0.470369,0.381539,0.312919,0.355096,0.392128,0.256528,0.328417,0.398425,0.417052,0.497696,0.782409	-0.0110929,-0.0300076,0.00404228,-0.0167282,-0.0223761,-0.0631545,9.66925e-05,-0.06344,-0.0828444,0.0203959,0.0402461,0.0212459,-0.0323056,-0.0193327,-0.0955213,-0.0244051,-0.000589439,0.00685433,0.0137728,-0.0865948
0.453012,0.42917,0.512851,0.331194,0.482283,0.34114,0.393728,0.482834,0.430904,0.590995,0.610173,0.4905,0.420842,0.480019,0.408752,0.436916,0.53644,0.500374,0.632404,0.84724	0.457272,0.433048,0.514507,0.352155,0.500304,0.398423,0.395902,0.54273,0.474655,0.56781,0.583118,0.472118,0.423763,0.486703,0.485344,0.437397,0.51121,0.473773,0.623907,0.821245	-0.00537245,-0.00476361,-0.00225021,-0.023728,-0.0237522,-0.0662933,-0.00257517,-0.0811653,-0.0550004,0.0348947,0.0419987,0.0239207,-0.00355513,-0.00872223,-0.0955472,-0.000594563,0.0347642,0.0348665,0.0140354,0.0854524
-0.317956,-0.323086,-0.372757,-0.2617,-0.348598,-0.32965,-0.397783,-0.48489,-0.375472,-0.228216,-0.328504,-0.415317,-0.339824,-0.31288,-0.262673,-0.337104,-0.420195,-0.238152,-0.445457,-0.726415	-0.0474391,-0.0410438,-0.117213,-0.0414,-0.112311,-0.101446,-0.0777396,-0.134066,-0.0593318,-0.253245,-0.135883,-0.179135,-0.0262602,-0.114976,-0.0934014,-0.110609,-0.148465,-0.0189381,-0.190299,-0.0814575	-0.27466,-0.285833,-0.26722,-0.222713,-0.245915,-0.236099,-0.330256,-0.375217,-0.323343,0.0265642,-0.201621,-0.255165,-0.316387,-0.205289,-0.173529,-0.235267,-0.289809,-0.220207,-0.278791,-0.685521
-0.342091,-0.327228,-0.358333,-0.270455,-0.360462,-0.335401,-0.37025,-0.49207,-0.388628,-0.20819,-0.320204,-0.416069,-0.330423,-0.319265,-0.26859,-0.341319,-0.438193,-0.204489,-0.417445,-0.736922	-0.0645086,-0.0443556,-0.0805444,-0.0291054,-0.125259,-0.100109,-0.0267833,-0.17016,-0.0793107,-0.246706,-0.127542,-0.185358,-0.00441791,-0.122767,-0.104951,-0.124359,-0.117536,-0.0246062,-0.154331,-0.109256	-0.283846,-0.287038,-0.286044,-0.243264,-0.246324,-0.243467,-0.346907,-0.351327,-0.319155,0.0406009,-0.200865,-0.249991,-0.326481,-0.204515,-0.168386,-0.226578,-0.338069,-0.180793,-0.281232,-0.682626
0.308158,0.322045,0.335355,0.33039,0.427876,0.264352,0.2867,0.311249,0.335979,0.481792,0.417431,0.346855,0.373438,0.354021,0.139387,0.275417,0.386956,0.426124,0.544494,0.735169	0.317945,0.351465,0.324825,0.339224,0.416608,0.290927,0.284058,0.334457,0.402859,0.486184,0.396975,0.317448,0.388293,0.370891,0.19451,0.308477,0.39899,0.409336,0.517171,0.782709	-0.01085,-0.0331751,0.0118163,-0.0099499,0.0137124,-0.0287884,0.00287562,-0.0259051,-0.0773499,-0.00573571,0.0245196,0.0330451,-0.0173747,-0.0194202,-0.0566593,-0.0361298,-0.0142308,0.0203345,0.0380321,-0.111971
0.440127,0.419822,0.529628,0.351899,0.469419,0.355479,0.357946,0.484573,0.413223,0.585095,0.568689,0.502172,0.469429,0.5005,0.36321,0.418945,0.521224,0.491663,0.651719,0.836808	0.443825,0.427058,0.524147,0.366848,0.457576,0.379868,0.35751,0.510822,0.451653,0.581778,0.55521,0.473131,0.457888,0.507736,0.402036,0.431041,0.507985,0.453814,0.626677,0.82238	-0.00459611,-0.00881701,0.00758661,-0.017165,0.0150828,-0.0281965,0.000499954,-0.0348831,-0.0472485,0.00502878,0.0196987,0.0380921,0.0147017,-0.00970134,-0.0454646,-0.0147616,0.018006,0.0487204,0.0423289,0.0462702
-0.333851,-0.348507,-0.367112,-0.249766,-0.355457,-0.326253,-0.404405,-0.481163,-0.390462,-0.261866,-0.336753,-0.415783,-0.353053,-0.298661,-0.308929,-0.344444,-0.434171,-0.235195,-0.423659,-0.732717	-0.065789,-0.0716643,-0.11876,-0.034728,-0.144187,-0.117234,-0.0881613,-0.154791,-0.0866597,-0.272877,-0.13545,-0.189496,-0.0551212,-0.098756,-0.178063,-0.114082,-0.15988,-0.0250036,-0.172626,-0.0895158	-0.274082,-0.283934,-0.259674,-0.21692,-0.222683,-0.217331,-0.327935,-0.352636,-0.314442,0.0118588,-0.210924,-0.245641,-0.303845,-0.20598,-0.138484,-0.239785,-0.294751,-0.211435,-0.270841,-0.688349
-0.362697,-0.361236,-0.350224,-0.254966,-0.369426,-0.341233,-0.388339,-0.484216,-0.39882,-0.228194,-0.326227,-0.413937,-0.349488,-0.301014,-0.315852,-0.346979,-0.451798,-0.204247,-0.400954,-0.738268	-0.088612,-0.0867443,-0.0800797,-0.0177718,-0.159492,-0.126329,-0.0523774,-0.184579,-0.0996281,-0.252688,-0.12399,-0.191814,-0.0419564,-0.101681,-0.189978,-0.125473,-0.129374,-0.0343364,-0.143523,-0.103948	-0.283186,-0.283371,-0.27794,-0.238274,-0.223078,-0.224586,-0.342937,-0.329046,-0.311572,0.0259937,-0.210762,-0.241281,-0.312108,-0.205627,-0.133909,-0.231588,-0.342439,-0.17111,-0.27315,-0.687044
0.277667,0.330814,0.324534,0.298087,0.429395,0.298275,0.292678,0.323561,0.397956,0.493589,0.386039,0.375803,0.412927,0.375819,0.29431,0.31032,0.378018,0.408194,0.553014,0.788236	0.271465,0.308616,0.329704,0.303965,0.428855,0.295294,0.294887,0.325965,0.368832,0.48595,0.393122,0.376948,0.386754,0.365962,0.274806,0.289583,0.353014,0.387895,0.554564,0.726051	0.00670788,0.0247219,-0.00578875,-0.00646305,0.000661522,0.00326931,-0.00241774,-0.00268746,0.0341348,0.0100501,-0.00835108,-0.00133376,0.0311472,0.011429,0.021221,0.0227849,0.0288553,0.0241172,-0.00223626,0.145394
-0.30427,-0.269794,-0.349841,-0.229694,-0.340192,-0.280263,-0.414862,-0.442258,-0.347469,-0.212162,-0.322735,-0.420731,-0.305278,-0.285998,-0.186521,-0.307717,-0.370879,-0.198558,-0.404855,-0.72744	-0.0355752,0.00493227,-0.0891117,-0.0176754,-0.113865,-0.0828918,-0.100012,-0.119172,-0.0895007,-0.226897,-0.0978288,-0.178334,-0.00447029,-0.0985471,-0.0852348,-0.0987515,-0.0744284,0.0302238,-0.119353,-0.112012	-0.271635,-0.274361,-0.269119,-0.212883,-0.235447,-0.202066,-0.328479,-0.341062,-0.266248,0.0154803,-0.232239,-0.26206,-0.301219,-0.192887,-0.102923,-0.215514,-0.304866,-0.227417,-0.299997,-0.670023
-0.319994,-0.282237,-0.346931,-0.245209,-0.354276,-0.282879,-0.411346,-0.434324,-0.350343,-0.188705,-0.320946,-0.426138,-0.303579,-0.291398,-0.193992,-0.301371,-0.404291,-0.16721,-0.381191,-0.735009	-0.0399396,-0.00883497,-0.0691353,-0.0131981,-0.12921,-0.0767151,-0.081204,-0.132111,-0.0935382,-0.217447,-0.0975046,-0.190408,0.00692084,-0.105438,-0.0979997,-0.0985066,-0.0608227,0.0198414,-0.0884435,-0.130729	-0.283679,-0.274086,-0.284622,-0.232765,-0.235863,-0.210737,-0.34155,-0.320608,-0.265505,0.0299716,-0.23066,-0.256546,-0.309848,-0.191854,-0.0978529,-0.209071,-0.352128,-0.186433,-0.302961,-0.668515
-0.323418,-0.306393,-0.346568,-0.23656,-0.330611,-0.274826,-0.409211,-0.45818,-0.381848,-0.224513,-0.308814,-0.411268,-0.351521,-0.337566,-0.226366,-0.32873,-0.400111,-0.219397,-0.41341,-0.738982	-0.0545222,-0.0225067,-0.0868975,-0.0320778,-0.10204,-0.0725345,-0.0936445,-0.145906,-0.10976,-0.233666,-0.089159,-0.164108,-0.045277,-0.154542,-0.11211,-0.110246,-0.100905,0.0228033,-0.135532,-0.0980487	-0.273722,-0.285857,-0.267734,-0.206046,-0.236551,-0.206406,-0.328141,-0.334646,-0.283991,0.00965963,-0.225874,-0.265048,-0.311197,-0.193097,-0.117232,-0.2267,-0.311794,-0.240995,-0.294372,-0.691
-0.340781,-0.316788,-0.338119,-0.239383,-0.35695,-0.275555,-0.401997,-0.455751,-0.391432,-0.194819,-0.304123,-0.414519,-0.344595,-0.341373,-0.234014,-0.325588,-0.439571,-0.186392,-0.387692,-0.744915	-0.062202,-0.0334164,-0.0600162,-0.012705,-0.132949,-0.0638061,-0.0702536,-0.164909,-0.12207,-0.217897,-0.0850477,-0.173282,-0.027152,-0.159795,-0.124834,-0.114059,-0.0972046,0.0158326,-0.102099,-0.1132	-0.284612,-0.286404,-0.283863,-0.227369,-0.235161,-0.215539,-0.341384,-0.314477,-0.282878,0.0241009,-0.224893,-0.259906,-0.320441,-0.192054,-0.112465,-0.219688,-0.357648,-0.201629,-0.297364,-0.689889
0.819755,0.837107,0.774976,0.819231,0.806627,0.796902,0.833709,0.800328,0.829596,0.784243,0.797372,0.858884,0.836551,0.896039,0.91413,0.806888,0.748551,0.862364,0.764841,0.775456	0.845642,0.838306,0.798076,0.848012,0.806069,0.807745,0.855772,0.763454,0.828707,0.76164,0.794554,0.85051,0.844272,0.895656,0.908918,0.798894,0.84644,0.800301,0.760618,0.780583	-0.0843823,-0.00401813,-0.0605474,-0.0942746,0.00159478,-0.0304321,-0.0770014,0.0947957,0.00284484,0.0561319,0.00769131,0.0310707,-0.0262853,0.00194055,0.0308166,0.0224946,-0.267168,0.200301,0.0100956,-0.0129891
0.684171,0.655497,0.589045,0.702184,0.662729,0.562146,0.536461,0.381795,0.666427,0.602879,0.630842,0.622156,0.659544,0.459706,0.378595,0.43081,0.357753,0.624545,0.413273,0.463532	0.747054,0.728363,0.641447,0.712987,0.726505,0.693766,0.511315,0.592982,0.715981,0.530938,0.639243,0.631913,0.678797,0.48659,0.276286,0.465649,0.31305,0.589751,0.467345,0.552234	-0.128625,-0.139441,-0.0842268,-0.0216339,-0.122994,-0.215769,0.034651,-0.272992,-0.0947781,0.10581,-0.0140796,-0.0160782,-0.0348594,-0.0346308,0.114261,-0.0435822,0.0503411,0.0550816,-0.0670146,-0.119219
-0.0679036,-0.00633013,-0.0968623,0.0229723,0.00569443,-0.00527925,-0.0121426,0.00665257,0.0138786,-0.13731,0.000194052,-0.142115,0.0368641,0.00303888,0.122317,-0.0124758,0.0546862,0.070131,-0.0781013,-0.00274132	-0.387641,-0.305813,-0.366648,-0.321793,-0.362611,-0.316262,-0.382757,-0.471774,-0.438463,-0.354438,-0.304626,-0.440741,-0.331873,-0.201149,-0.224432,-0.239182,-0.382978,-0.11999,-0.398636,-0.659877	0.328381,0.300064,0.279719,0.342235,0.367546,0.311503,0.372345,0.47693,0.449606,0.228236,0.304802,0.318581,0.36428,0.204063,0.337484,0.227385,0.428686,0.188534,0.330834,0.658326
-0.0343562,-0.0287421,-0.0893848,0.0355353,-0.0433984,-0.0284577,-0.000958213,0.0136086,-0.000539994,-0.138788,0.00394233,-0.131253,0.0291036,0.0277539,0.0845263,0.0102957,0.0716607,0.0606914,-0.0952628,-0.000648855	-0.368528,-0.322406,-0.352341,-0.309729,-0.36598,-0.303362,-0.379079,-0.451827,-0.44064,-0.367057,-0.309888,-0.431587,-0.324398,-0.185796,-0.230982,-0.234189,-0.38143,-0.117528,-0.397296,-0.661865	0.338457,0.29641,0.271507,0.341506,0.327788,0.277298,0.378258,0.462591,0.440204,0.240523,0.313447,0.318369,0.350195,0.212454,0.309466,0.243897,0.441035,0.176957,0.313914,0.6615
-0.0273279,-0.00668597,-0.081598,0.0204678,-0.00670952,-0.0159503,0.0111454,-0.0230844,0.011087,-0.10028,0.047288,-0.0990375,0.0168775,-0.00515587,0.105217,-0.000962831,0.0449296,0.0639562,-0.0695675,-0.0190573	-0.359129,-0.280672,-0.35431,-0.291829,-0.345465,-0.276554,-0.366373,-0.451062,-0.382202,-0.334273,-0.29479,-0.423808,-0.3176,-0.200032,-0.160449,-0.220018,-0.385563,-0.129898,-0.39611,-0.647029	0.33509,0.274501,0.280831,0.310442,0.339542,0.261759,0.375983,0.432481,0.391629,0.24211,0.337375,0.339,0.332695,0.195077,0.261256,0.219102,0.423162,0.192257,0.335796,0.635812
-0.0528081,0.00941501,-0.0921581,-0.0274249,0.0127443,-0.013692,-6.62106e-05,-0.0367538,-0.000645012,-0.111353,0.0340227,-0.107271,0.041985,-0.037902,0.0999818,0.00310939,0.0613423,0.0714615,-0.082377,0.000273694	-0.383254,-0.293292,-0.362613,-0.317742,-0.343168,-0.28444,-0.372199,-0.458726,-0.411445,-0.349614,-0.29418,-0.428716,-0.329044,-0.224194,-0.180828,-0.228239,-0.400288,-0.143529,-0.404819,-0.66624	0.337272,0.301874,0.279805,0.292869,0.354362,0.271806,0.372142,0.429208,0.410909,0.247912,0.32495,0.336941,0.365973,0.187889,0.275823,0.231184,0.450567,0.212808,0.333566,0.666392
0.0344223,0.196808,0.106654,0.183045,0.0568701,0.0529498,0.0437825,-0.164622,0.130383,0.207452,0.0322248,0.0747022,0.0345096,0.245136,0.102496,0.00673643,-0.06899,0.231461,-0.0480969,0.406016	0.00602161,0.21531,0.178189,0.0905142,0.0530427,0.130889,0.141587,-0.188443,0.114948,-0.0389131,0.0323135,0.0388004,0.0521204,0.270972,0.0532654,0.0912383,-0.0378493,0.281179,-0.10117,0.484513	0.0284066,-0.0193214,-0.0729212,0.0940899,0.00383897,-0.0784827,-0.0984145,0.0245845,0.01567,0.244393,-8.88542e-05,0.0360062,-0.0176426,-0.027674,0.049501,-0.0845538,-0.0312222,-0.0531792,0.053333,-0.0977214
0.0492052,0.184043,0.0537286,0.146045,0.0440384,0.0607005,0.0659843,-0.149399,0.119081,0.190391,0.0297975,0.0726632,0.0426076,0.25188,0.0855002,0.0369975,-0.136795,0.228217,-0.0437654,0.405626	0.0404365,0.203924,0.14963,0.0943505,0.0402251,0.136501,0.161841,-0.210194,0.10955,-0.0933868,0.0330724,0.041471,0.0718901,0.270763,0.0361967,0.091346,-0.0111113,0.220741,-0.107884,0.488424	0.00878622,-0.0206561,-0.0966789,0.0524163,0.00382012,-0.0764336,-0.0968913,0.0627659,0.00965709,0.27882,-0.0032781,0.0312865,-0.0293725,-0.0202649,0.0494565,-0.0545329,-0.125875,0.00787315,0.0644224,-0.103255
-0.0889964,-0.0123077,-0.0991381,0.0244071,-0.0309904,-0.0153222,0.0237091,0.065407,-0.00496903,-0.138185,0.00101798,-0.116626,0.0575668,-0.108159,0.127012,-0.00601742,0.136579,0.0231147,-0.0891522,-0.0280849	-0.426178,-0.346708,-0.393142,-0.330551,-0.421708,-0.390316,-0.338563,-0.526743,-0.473653,-0.319822,-0.302528,-0.42361,-0.325793,-0.304708,-0.152024,-0.258574,-0.296139,-0.138387,-0.431942,-0.678468	0.350475,0.335833,0.305928,0.352118,0.395892,0.37725,0.359387,0.572429,0.46979,0.190036,0.303452,0.322938,0.376302,0.203247,0.27375,0.25295,0.415896,0.160987,0.356518,0.663016
-0.0337677,-0.0263294,-0.0877799,0.0401923,-0.0875031,-0.052343,0.0624643,0.0595437,-0.0227925,-0.134856,0.00871426,-0.0971524,0.0541691,-0.0767687,0.0410211,0.0015214,0.174473,0.0150956,-0.105709,-0.0367858	-0.393918,-0.357439,-0.37642,-0.315045,-0.428757,-0.388959,-0.316578,-0.517576,-0.475776,-0.32861,-0.305519,-0.408079,-0.315173,-0.283649,-0.200417,-0.265066,-0.277226,-0.13459,-0.429804,-0.683888	0.365005,0.334255,0.298503,0.350796,0.354555,0.343612,0.371692,0.559865,0.45795,0.202738,0.313399,0.323763,0.363143,0.211485,0.239469,0.26648,0.430859,0.149382,0.339521,0.663801
-0.025319,0.000618161,-0.102686,0.0279965,-0.0223766,-0.0427419,0.0617524,0.0397222,-0.0149745,-0.0807133,0.0472632,-0.101086,0.0499618,-0.0500824,0.0734347,0.0259711,0.075694,0.0249641,-0.0927764,-0.0627619	-0.384785,-0.31307,-0.394937,-0.294811,-0.389832,-0.367064,-0.311491,-0.507852,-0.421701,-0.281824,-0.294127,-0.426995,-0.302674,-0.254017,-0.112543,-0.223932,-0.33132,-0.140846,-0.437298,-0.674541	0.363002,0.313627,0.304604,0.320165,0.370689,0.329491,0.3662,0.536746,0.409311,0.205792,0.336709,0.340611,0.347383,0.206563,0.184453,0.248458,0.397056,0.165229,0.35909,0.638824
-0.0577495,0.0183447,-0.120691,-0.0303573,-0.00929034,-0.0330953,0.0415659,0.0149809,-0.0369247,-0.100063,0.0275383,-0.0827516,0.0718066,-0.0889768,0.0884437,-0.00949317,0.120785,0.0366464,-0.104333,-0.0323924	-0.411533,-0.32381,-0.407759,-0.325785,-0.392183,-0.368542,-0.322372,-0.51811,-0.456007,-0.305106,-0.296874,-0.41338,-0.316926,-0.282252,-0.118129,-0.260635,-0.327371,-0.149984,-0.444884,-0.686016	0.362396,0.340135,0.301927,0.298379,0.384293,0.339588,0.359126,0.528985,0.426259,0.2115,0.321782,0.342339,0.380083,0.198254,0.204437,0.251764,0.431109,0.18561,0.357127,0.668478
0.0702467,0.304896,0.202453,0.233264,0.137922,0.121466,0.0187386,-0.139228,0.234716,0.213933,0.0792338,0.125364,0.034061,0.182513,0.127545,0.0434822,-0.000557128,0.132937,-0.0684678,0.722961	-0.000988109,0.26265,0.234275,0.127147,0.0849086,0.0942357,0.137662,-0.289494,0.174283,0.0216288,0.0727373,0.0805239,0.0360068,0.182354,0.166894,0.104393,0.0731538,0.209617,-0.155953,0.71336	0.0712298,0.0459232,-0.0334064,0.10936,0.0536413,0.0275459,-0.119231,0.156577,0.0630107,0.193198,0.00653422,0.0452975,-0.00194821,0.000164912,-0.0402051,-0.0611889,-0.0737079,-0.0788776,0.0884298,0.0198262
0.100053,0.287031,0.130528,0.194817,0.125549,0.15151,0.0391411,-0.161582,0.23301,0.177107,0.0853508,0.136155,0.0550699,0.189426,0.12398,0.104907,-0.0407843,0.092196,-0.06703,0.726198	0.047518,0.245852,0.18807,0.131773,0.072568,0.121484,0.155568,-0.334644,0.178829,-0.0526104,0.0821397,0.0959124,0.0684487,0.18268,0.162082,0.134657,0.140466,0.112928,-0.165615,0.721068	0.0527856,0.0443049,-0.0589905,0.0647057,0.0534685,0.0305883,-0.11714,0.182955,0.0565369,0.227596,0.0032338,0.0407752,-0.0134294,0.00698853,-0.038884,-0.0301766,-0.180218,-0.0209506,0.099692,0.0107685
0.657013,0.603434,0.730928,0.723643,0.698378,0.655851,0.735083,0.770137,0.800704,0.742772,0.827193,0.76481,0.696859,0.656901,0.646206,0.735736,0.82172,0.742186,0.719949,0.860265	0.654145,0.607204,0.745758,0.723341,0.745604,0.709757,0.729466,0.801187,0.808718,0.724275,0.815651,0.766424,0.721911,0.645619,0.671681,0.716812,0.807995,0.756532,0.741137,0.850808	0.00502873,-0.00594972,-0.0326002,0.000633612,-0.0985343,-0.100853,0.0121127,-0.0810747,-0.0227362,0.0400337,0.0354798,-0.00389832,-0.0504153,0.0195897,-0.0450123,0.0400417,0.0408404,-0.0327163,-0.0454268,0.0352786
0.287619,0.349024,0.344111,0.340937,0.433037,0.264452,0.323341,0.311315,0.341437,0.506625,0.438848,0.35197,0.343309,0.39229,0.210404,0.32994,0.415566,0.440933,0.506785,0.746223	0.298145,0.386427,0.341047,0.375867,0.473732,0.342293,0.324825,0.38167,0.42982,0.491024,0.407526,0.326252,0.395877,0.396978,0.310014,0.34025,0.436926,0.432935,0.503906,0.790461	-0.0115132,-0.0432339,0.00347068,-0.040064,-0.051198,-0.0855882,-0.00165746,-0.079842,-0.103584,0.0207671,0.0381443,0.0290547,-0.0608357,-0.00555288,-0.106561,-0.0116142,-0.026099,0.00988539,0.00386644,-0.107861
0.460943,0.440838,0.51979,0.334949,0.5083,0.35997,0.425966,0.48473,0.44959,0.610845,0.6219,0.507977,0.450005,0.486545,0.444459,0.455763,0.566715,0.520331,0.632309,0.849188	0.460719,0.442664,0.518608,0.384132,0.531982,0.42793,0.426953,0.551808,0.502346,0.585359,0.600927,0.482711,0.456216,0.495169,0.524902,0.445453,0.537894,0.486913,0.628435,0.824733	0.000284276,-0.00226875,0.00161795,-0.0564455,-0.0324593,-0.080335,-0.00120707,-0.0915709,-0.0681463,0.0396707,0.0334878,0.0334733,-0.00781549,-0.0113612,-0.104921,0.0129369,0.0414596,0.0447579,0.00642853,0.0816152
-0.350698,-0.330086,-0.42408,-0.263368,-0.388776,-0.393315,-0.446105,-0.540562,-0.443524,-0.266769,-0.368181,-0.441725,-0.352555,-0.303672,-0.285507,-0.358924,-0.491417,-0.204741,-0.437465,-0.67117	-0.0395475,-0.0202819,-0.110876,0.00556464,-0.0428094,-0.0478182,-0.0197277,-0.128279,0.0095081,-0.224493,-0.0902955,-0.160758,0.0433372,-0.100958,-0.0186674,-0.0863893,-0.0840887,0.0120212,-0.1849,-0.0195217	-0.315526,-0.311892,-0.328657,-0.268539,-0.351822,-0.352119,-0.430163,-0.443003,-0.45113,-0.0449691,-0.287441,-0.302444,-0.389934,-0.209126,-0.268269,-0.281256,-0.424886,-0.216231,-0.274793,-0.6603
-0.375763,-0.33445,-0.413725,-0.281346,-0.402919,-0.393205,-0.408232,-0.537828,-0.460929,-0.22296,-0.36372,-0.451582,-0.346465,-0.305437,-0.293407,-0.344312,-0.520348,-0.169195,-0.404248,-0.683562	-0.0575182,-0.0235205,-0.0718429,0.019039,-0.0563103,-0.0456069,0.0344522,-0.165649,-0.012831,-0.213957,-0.0819182,-0.169535,0.0671112,-0.108271,-0.0308527,-0.0986887,-0.0469359,0.00572797,-0.147921,-0.0454385	-0.325275,-0.313395,-0.352355,-0.298785,-0.354656,-0.353945,-0.436545,-0.408579,-0.450764,-0.00945432,-0.290456,-0.305431,-0.404178,-0.20391,-0.264953,-0.254264,-0.485264,-0.174753,-0.272629,-0.658579
0.312446,0.326128,0.343843,0.337986,0.449726,0.282894,0.318462,0.309161,0.355181,0.502628,0.441547,0.365114,0.391127,0.367457,0.185302,0.298222,0.404676,0.444801,0.544391,0.736079	0.325849,0.360021,0.326279,0.372759,0.443282,0.30903,0.325265,0.348528,0.434649,0.506007,0.42198,0.337711,0.419956,0.382787,0.258375,0.327076,0.439761,0.422773,0.51906,0.789914	-0.0149215,-0.0384019,0.0197834,-0.0397845,0.00804862,-0.0286396,-0.00758888,-0.0441206,-0.0939756,-0.00453206,0.0240481,0.031257,-0.0344945,-0.0178386,-0.0767477,-0.0319731,-0.0426804,0.0271303,0.0353079,-0.128618
0.447485,0.434026,0.539187,0.352176,0.500962,0.379824,0.388821,0.485332,0.4336,0.60509,0.582758,0.517672,0.500266,0.501724,0.399997,0.436109,0.550721,0.511113,0.65323,0.83996	0.450082,0.432147,0.523109,0.401077,0.47735,0.394365,0.395188,0.520937,0.477605,0.598323,0.573614,0.49066,0.481522,0.521175,0.453568,0.444767,0.536223,0.46372,0.627549,0.825149	-0.00325092,0.00231285,0.0223944,-0.056944,0.0310327,-0.0171032,-0.0075238,-0.047653,-0.0554977,0.0106073,0.0137348,0.0362103,0.0246911,-0.0263381,-0.065445,-0.0107423,0.020574,0.0621161,0.0435214,0.0482605
-0.366711,-0.35616,-0.420452,-0.251188,-0.397961,-0.397747,-0.449345,-0.535905,-0.459381,-0.299097,-0.376029,-0.441129,-0.367653,-0.2869,-0.327432,-0.365229,-0.504691,-0.201924,-0.416266,-0.679053	-0.0549776,-0.058658,-0.121305,0.0177956,-0.0976546,-0.0875709,-0.0210105,-0.147366,-0.0259468,-0.245399,-0.0909374,-0.162503,0.00107804,-0.0743211,-0.0971805,-0.08263,-0.0939863,0.0030245,-0.172858,-0.0296297	-0.318148,-0.30385,-0.315225,-0.267786,-0.312449,-0.32137,-0.432417,-0.421855,-0.438663,-0.0579515,-0.295186,-0.300142,-0.368585,-0.21721,-0.237819,-0.291393,-0.431156,-0.204824,-0.26228,-0.662758
-0.396603,-0.369356,-0.407446,-0.265623,-0.414104,-0.405134,-0.421865,-0.527896,-0.472193,-0.242364,-0.369579,-0.44887,-0.36763,-0.284642,-0.335901,-0.34853,-0.532587,-0.168909,-0.388422,-0.686234	-0.0790864,-0.0739605,-0.0803309,0.0362036,-0.114175,-0.0960387,0.0172386,-0.177114,-0.0408298,-0.220524,-0.0792702,-0.167383,0.0156019,-0.0768933,-0.109733,-0.0925186,-0.0571109,-0.00683972,-0.142971,-0.0432327	-0.327798,-0.303692,-0.338184,-0.298952,-0.314814,-0.321609,-0.435933,-0.386962,-0.439843,-0.0230724,-0.29907,-0.304354,-0.381046,-0.212397,-0.234824,-0.264542,-0.490392,-0.162257,-0.259883,-0.662661
0.287524,0.346703,0.334537,0.30479,0.464423,0.324035,0.328848,0.329858,0.423182,0.515269,0.408777,0.394569,0.449494,0.378774,0.338654,0.331005,0.422205,0.428783,0.555172,0.795799	0.276624,0.311278,0.336438,0.31836,0.447217,0.311803,0.328327,0.325453,0.38741,0.505192,0.419197,0.395633,0.402252,0.382438,0.315838,0.311137,0.372523,0.404177,0.554065,0.726909	0.0118426,0.0397116,-0.00214203,-0.0150284,0.0217167,0.0136066,0.000584616,0.0049347,0.0427873,0.0136234,-0.0125744,-0.00126075,0.0576699,-0.00428481,0.0255487,0.0221486,0.0589545,0.0297651,0.00159968,0.163429
-0.338553,-0.27833,-0.399157,-0.233488,-0.384041,-0.354609,-0.465771,-0.5019,-0.426404,-0.251035,-0.364177,-0.443402,-0.324951,-0.273806,-0.216145,-0.33086,-0.450793,-0.165696,-0.3971,-0.672673	-0.0276657,0.0135908,-0.0811814,0.00771613,-0.0697997,-0.0514297,-0.0456139,-0.12895,-0.0493688,-0.196481,-0.0511068,-0.152018,0.0369232,-0.0729287,-0.0228157,-0.0643827,-0.0252784,0.0616838,-0.1209,-0.0637091	-0.313827,-0.29082,-0.328624,-0.24077,-0.322897,-0.308811,-0.429278,-0.398758,-0.385143,-0.0573843,-0.319007,-0.312445,-0.357584,-0.20497,-0.194287,-0.272277,-0.43042,-0.225079,-0.29013,-0.63623
-0.355547,-0.29109,-0.400719,-0.259722,-0.400256,-0.349136,-0.451134,-0.483203,-0.434783,-0.204537,-0.365965,-0.457939,-0.327147,-0.274468,-0.225242,-0.305216,-0.494229,-0.132308,-0.368716,-0.68171	-0.0322965,-0.000213137,-0.0602828,0.0129046,-0.0861452,-0.0438906,-0.024346,-0.140649,-0.0543846,-0.184046,-0.0510226,-0.167025,0.0496762,-0.0794234,-0.0362147,-0.0630829,-0.007625,0.0505226,-0.0895135,-0.0812285	-0.327006,-0.290895,-0.348863,-0.271716,-0.325328,-0.309996,-0.431528,-0.367532,-0.38961,-0.0212925,-0.320935,-0.315008,-0.370797,-0.199391,-0.190582,-0.246887,-0.488445,-0.181616,-0.288732,-0.635682
-0.356207,-0.312269,-0.396609,-0.241639,-0.371896,-0.347377,-0.459415,-0.514754,-0.454665,-0.26231,-0.351154,-0.434749,-0.36529,-0.3259,-0.252707,-0.350905,-0.470489,-0.186028,-0.406254,-0.686008	-0.0419524,0.000629224,-0.0753812,-0.0148413,-0.0385775,-0.0298105,-0.03532,-0.148758,-0.0614862,-0.201668,-0.0465555,-0.137037,0.019646,-0.140911,-0.0448537,-0.0770164,-0.0242526,0.0592666,-0.13474,-0.036119	-0.319022,-0.312837,-0.331128,-0.227614,-0.33817,-0.320889,-0.43109,-0.396346,-0.404486,-0.0640287,-0.309661,-0.316572,-0.382193,-0.193893,-0.210236,-0.281496,-0.451387,-0.242619,-0.287237,-0.666401
-0.37425,-0.322767,-0.392347,-0.255051,-0.399687,-0.340578,-0.441228,-0.502677,-0.469781,-0.210029,-0.350602,-0.447311,-0.362072,-0.324936,-0.262559,-0.328999,-0.519508,-0.151221,-0.375527,-0.6935	-0.0500133,-0.0101751,-0.0468996,0.00486714,-0.0711846,-0.019665,-0.00945527,-0.167299,-0.0757484,-0.182513,-0.0424991,-0.148823,0.0396206,-0.145408,-0.0581552,-0.0795965,-0.0159089,0.0515226,-0.100562,-0.0503386	-0.330421,-0.313622,-0.351923,-0.259596,-0.338123,-0.323077,-0.433581,-0.366173,-0.408572,-0.028612,-0.312763,-0.319776,-0.396011,-0.18843,-0.207573,-0.25611,-0.507796,-0.201176,-0.285757,-0.666426
0.808888,0.834003,0.747635,0.802734,0.794295,0.771633,0.830689,0.795313,0.799981,0.792721,0.774648,0.84234,0.826037,0.896595,0.904558,0.820826,0.689016,0.862016,0.770349,0.80766	0.836915,0.835616,0.78124,0.849935,0.794301,0.768456,0.827708,0.72916,0.807869,0.734899,0.779087,0.848614,0.841309,0.888634,0.903526,0.781573,0.833081,0.799727,0.755891,0.811977	-0.0867632,-0.00532036,-0.0807979,-0.14856,-1.75679e-05,0.00780429,0.00954171,0.157473,-0.0223001,0.138521,-0.011198,-0.0220026,-0.0500627,0.0391696,0.00564929,0.109502,-0.338185,0.200527,0.0346133,-0.0125428
-0.0571346,-0.0147136,0.00102989,0.00238032,-0.0951658,-0.0192396,0.0629533,0.092362,-0.0494014,-0.0104532,0.00186004,0.0486471,0.0484745,-0.182885,0.0122082,0.0106394,0.121627,-0.0936318,-0.0145439,-0.0424314	-0.837072,-0.798077,-0.759125,-0.811434,-0.834217,-0.758415,-0.689579,-0.731111,-0.850199,-0.708122,-0.746909,-0.765819,-0.778388,-0.679544,-0.477902,-0.584529,-0.539703,-0.687443,-0.691934,-0.837542	0.819112,0.792672,0.759561,0.812246,0.802784,0.750121,0.721223,0.771384,0.835906,0.702871,0.747731,0.785213,0.796798,0.567143,0.487267,0.59149,0.620593,0.634662,0.684277,0.824408
0.00476418,0.00900601,0.00869773,0.0106557,-0.108302,-0.0435279,0.114232,0.069874,-0.0579063,-0.00194081,0.0108699,0.066546,0.0587881,-0.175095,-0.0560211,-0.0139498,0.155109,-0.0917121,-0.0130857,-0.0602809	-0.820378,-0.796072,-0.749924,-0.805709,-0.834343,-0.760499,-0.676613,-0.72816,-0.85238,-0.712135,-0.747446,-0.758291,-0.773664,-0.673649,-0.510787,-0.592941,-0.524624,-0.687326,-0.689151,-0.841348	0.82193,0.799347,0.753706,0.809416,0.798164,0.741518,0.734105,0.759396,0.835724,0.711177,0.752205,0.785214,0.796237,0.565225,0.468162,0.58382,0.628582,0.635684,0.682217,0.822797
0.00857074,0.0195824,-0.0394069,0.0191561,-0.0394914,-0.0527098,0.090438,0.103707,-0.0689764,0.032519,0.00189217,-0.00589057,0.0762116,-0.0737704,-0.0376096,0.042,0.0476063,-0.0779418,-0.0360312,-0.0747732	-0.819894,-0.783562,-0.763188,-0.796676,-0.816204,-0.759718,-0.673821,-0.711583,-0.837306,-0.688209,-0.752603,-0.777129,-0.763974,-0.634024,-0.45007,-0.562311,-0.572367,-0.68582,-0.699857,-0.83857	0.822684,0.791008,0.746224,0.803569,0.802583,0.736501,0.720361,0.75926,0.815424,0.704951,0.753422,0.774785,0.793958,0.587743,0.419562,0.590369,0.603528,0.642207,0.680998,0.814893
-0.0102385,0.0222854,-0.0547451,-0.00741204,-0.0580231,-0.0379553,0.0743285,0.0899023,-0.0953206,0.0155394,-0.0129182,0.0491867,0.0683891,-0.0836938,-0.0109928,-0.0200789,0.090103,-0.0699688,-0.0331868,-0.0548326	-0.829555,-0.788523,-0.768488,-0.806999,-0.819801,-0.759024,-0.680418,-0.71772,-0.850373,-0.697986,-0.752913,-0.765785,-0.771331,-0.645965,-0.45229,-0.594049,-0.565519,-0.693263,-0.702109,-0.842931	0.826335,0.796807,0.74509,0.804398,0.799824,0.742458,0.718414,0.758669,0.821655,0.705869,0.747263,0.785389,0.797644,0.594406,0.443502,0.580899,0.623835,0.655069,0.684881,0.82629
0.099943,0.282804,0.202249,0.124388,0.210994,0.144984,-0.0412088,0.0730352,0.250513,0.0335043,0.110687,0.106186,-0.00165081,-0.109754,0.0460252,0.0574087,0.0914046,-0.191191,-0.0323509,0.601933	-0.677739,-0.503861,-0.438439,-0.634964,-0.612277,-0.539652,-0.464383,-0.565571,-0.571925,-0.561328,-0.58877,-0.556752,-0.651939,-0.390102,-0.202672,-0.354458,-0.288291,-0.534348,-0.532477,0.418448	0.728348,0.688551,0.588503,0.703767,0.729083,0.634957,0.43143,0.613274,0.71937,0.583852,0.656663,0.625934,0.650989,0.292888,0.246399,0.403653,0.369947,0.382204,0.508892,0.24526
0.142848,0.268187,0.164004,0.122338,0.21476,0.195587,-0.044329,0.0059994,0.272145,-0.00911202,0.131026,0.131794,0.0273922,-0.109218,0.063112,0.103219,0.126988,-0.268212,-0.0372671,0.609387	-0.652223,-0.523121,-0.478697,-0.629518,-0.620537,-0.513957,-0.454937,-0.6049,-0.562378,-0.605539,-0.579843,-0.540217,-0.636919,-0.387013,-0.203507,-0.31952,-0.241621,-0.608783,-0.544088,0.43175	0.727308,0.693951,0.595917,0.698093,0.73707,0.644733,0.419059,0.608691,0.723753,0.599736,0.660675,0.627345,0.65292,0.290055,0.263238,0.409242,0.357636,0.407032,0.517311,0.241061
0.65898,0.620412,0.752641,0.713029,0.730128,0.680397,0.718731,0.762441,0.806594,0.768626,0.82318,0.792408,0.690434,0.631961,0.625092,0.731334,0.807204,0.730414,0.757496,0.865939	0.686303,0.603023,0.773226,0.725055,0.735122,0.712889,0.723392,0.798821,0.803867,0.750978,0.815041,0.802272,0.708431,0.646457,0.616712,0.734671,0.807127,0.73487,0.764524,0.857519	-0.0498832,0.0277832,-0.0492417,-0.0248976,-0.0107797,-0.0630961,-0.00970834,-0.093056,0.007756,0.0417439,0.0247336,-0.0270783,-0.0352288,-0.0245087,0.0136377,-0.00721225,0.000219538,-0.00961741,-0.0166973,0.0327074
0.295322,0.350285,0.383687,0.335716,0.444867,0.279093,0.310633,0.326062,0.338028,0.531993,0.407702,0.395722,0.334068,0.395691,0.139715,0.333654,0.400052,0.408748,0.54179,0.760627	0.340181,0.386865,0.393315,0.370319,0.475595,0.348127,0.332358,0.373256,0.425534,0.550014,0.419372,0.406211,0.36817,0.392064,0.229279,0.355646,0.412344,0.394168,0.546568,0.795859	-0.0498684,-0.0423134,-0.0113389,-0.0395163,-0.0389748,-0.0764634,-0.0242256,-0.0537343,-0.102208,-0.0254754,-0.0140774,-0.0124983,-0.0388846,0.00429367,-0.0925279,-0.0249527,-0.0147202,0.0173801,-0.00678835,-0.0892753
0.477945,0.433073,0.554148,0.36434,0.510857,0.373916,0.418935,0.505797,0.454676,0.634051,0.604257,0.542487,0.428556,0.513073,0.400939,0.460487,0.543484,0.485457,0.667252,0.855271	0.492095,0.44973,0.556739,0.367834,0.541422,0.435007,0.430615,0.538079,0.496307,0.633284,0.614832,0.547088,0.438927,0.478981,0.466772,0.465786,0.518403,0.451806,0.660334,0.83219	-0.0185021,-0.020686,-0.00374764,-0.00403363,-0.0422514,-0.0729586,-0.0142503,-0.044352,-0.0537627,0.00128162,-0.016827,-0.00654286,-0.0127736,0.0452001,-0.0809897,-0.00674551,0.0349183,0.0431052,0.012367,0.0800732
-0.357767,-0.474649,-0.467109,-0.404543,-0.430507,-0.430059,-0.466429,-0.449287,-0.523619,-0.387458,-0.395034,-0.452399,-0.367623,-0.505458,-0.402192,-0.363332,-0.460881,-0.416798,-0.399441,-0.813889	0.0276621,-0.0165584,-0.00678113,-0.0179218,-0.0510852,-0.0443159,-0.00677752,-0.120945,-0.00535536,-0.124123,-0.0942014,-0.0158176,0.00379292,-0.129693,-0.150787,-0.0740451,-0.132875,-0.0720832,-0.111505,-0.0260311	-0.381652,-0.461719,-0.46179,-0.389445,-0.387954,-0.393238,-0.461109,-0.347209,-0.519721,-0.27664,-0.31246,-0.439728,-0.370899,-0.402126,-0.267636,-0.297285,-0.349403,-0.355392,-0.301359,-0.804911
-0.392913,-0.467854,-0.424512,-0.396482,-0.427978,-0.436527,-0.442581,-0.450183,-0.534118,-0.339477,-0.388784,-0.455277,-0.368952,-0.512024,-0.398156,-0.378808,-0.446705,-0.381373,-0.370208,-0.823699	0.0105358,-0.0200636,0.0361795,-0.00279727,-0.0628237,-0.0423721,0.0486608,-0.154424,-0.0299042,-0.117184,-0.0852743,-0.023187,0.0262878,-0.13921,-0.162366,-0.0911226,-0.0949394,-0.0766271,-0.0751014,-0.0659257	-0.401786,-0.452033,-0.453723,-0.394122,-0.375243,-0.401583,-0.480886,-0.317856,-0.512398,-0.231502,-0.313917,-0.4367,-0.391443,-0.401428,-0.252088,-0.297971,-0.367345,-0.31392,-0.303546,-0.801286
0.32535,0.32304,0.384172,0.33836,0.450962,0.295251,0.308338,0.326073,0.348624,0.528471,0.410745,0.411293,0.381995,0.377739,0.109802,0.305962,0.391811,0.411261,0.574636,0.750156	0.344902,0.376184,0.373439,0.361469,0.47666,0.33351,0.32569,0.337054,0.437953,0.565171,0.430998,0.411726,0.399432,0.36021,0.204632,0.32437,0.404099,0.392358,0.571848,0.793938	-0.0220226,-0.0604966,0.0125304,-0.0263291,-0.032735,-0.0424372,-0.0192895,-0.0123369,-0.105426,-0.052329,-0.0246091,-0.000521461,-0.020576,0.0202893,-0.0970104,-0.020436,-0.0146002,0.0225409,0.00415298,-0.108258
0.473044,0.418084,0.573816,0.387375,0.493132,0.388023,0.385147,0.511546,0.43418,0.630112,0.564283,0.554297,0.476873,0.537862,0.344179,0.446202,0.532869,0.47708,0.682577,0.845464	0.460357,0.451926,0.555712,0.379391,0.518493,0.417018,0.392222,0.507103,0.478116,0.647613,0.583469,0.548762,0.469541,0.489842,0.416042,0.448061,0.507801,0.438911,0.668422,0.831007	0.0162186,-0.0417262,0.0265785,0.00936019,-0.0340731,-0.0345924,-0.00833476,0.00599929,-0.0554461,-0.0295668,-0.0286037,0.00795541,0.00944758,0.0651972,-0.0838727,-0.00232299,0.0343674,0.0482774,0.0260328,0.0486089
-0.375669,-0.49718,-0.466853,-0.394698,-0.436506,-0.430217,-0.474755,-0.448269,-0.535059,-0.414213,-0.404194,-0.450992,-0.382298,-0.496433,-0.432787,-0.371806,-0.476994,-0.415696,-0.375978,-0.820147	-0.0209463,-0.0358675,-0.0280144,-0.017034,-0.0598398,-0.0601528,-0.0205207,-0.146333,-0.0279653,-0.145945,-0.0989462,-0.0289631,-0.0288,-0.128416,-0.19563,-0.0935752,-0.157729,-0.0718011,-0.0833722,-0.04481	-0.357536,-0.469688,-0.444654,-0.38022,-0.386769,-0.379895,-0.458703,-0.323133,-0.514797,-0.285528,-0.317964,-0.427615,-0.357433,-0.393075,-0.259093,-0.288259,-0.345239,-0.354475,-0.302075,-0.804918
-0.415245,-0.500388,-0.422625,-0.385621,-0.436423,-0.441721,-0.463228,-0.446064,-0.541649,-0.354974,-0.395927,-0.45146,-0.389812,-0.500278,-0.429884,-0.384249,-0.46444,-0.383066,-0.351991,-0.825283	-0.0451554,-0.0536306,0.0173422,0.00338369,-0.0738617,-0.0687044,0.0191756,-0.174274,-0.0440972,-0.122532,-0.0865664,-0.0316518,-0.0155598,-0.132405,-0.207301,-0.107665,-0.120543,-0.0809481,-0.0534449,-0.0656159	-0.377161,-0.459077,-0.436766,-0.388498,-0.374638,-0.384692,-0.478156,-0.294698,-0.509727,-0.243012,-0.32034,-0.425894,-0.376536,-0.393969,-0.244359,-0.28852,-0.364292,-0.311786,-0.30427,-0.803159
0.319399,0.335435,0.383341,0.335737,0.461591,0.337105,0.327331,0.349706,0.428368,0.557857,0.396924,0.443653,0.420566,0.406063,0.280194,0.335287,0.390984,0.390233,0.597317,0.799872	0.28756,0.315193,0.376318,0.305627,0.46105,0.326989,0.317022,0.334421,0.382488,0.53903,0.39576,0.437759,0.395959,0.376658,0.251054,0.318962,0.35431,0.371809,0.585425,0.741301	0.03506,0.0226351,0.00820717,0.0335526,0.000687507,0.011369,0.0115019,0.0173087,0.0548713,0.0269222,0.00138128,0.00731526,0.029524,0.0347143,0.0313444,0.018279,0.0425711,0.0215512,0.0182869,0.14389
-0.349824,-0.431197,-0.450715,-0.380777,-0.426987,-0.398358,-0.48967,-0.399169,-0.507345,-0.379618,-0.40035,-0.460065,-0.342454,-0.477595,-0.328226,-0.335445,-0.417993,-0.373156,-0.358632,-0.81965	-0.00114372,0.0247838,0.00595436,-0.0133894,-0.0674751,-0.0373724,-0.0584044,-0.0950969,-0.0664819,-0.125944,-0.101906,-0.0546246,0.0187332,-0.0855713,-0.134533,-0.0635441,-0.0680771,-0.00326638,-0.0536992,-0.0710538	-0.34882,-0.451159,-0.455447,-0.36927,-0.370177,-0.366441,-0.443962,-0.31607,-0.456252,-0.266411,-0.311139,-0.415892,-0.358884,-0.408727,-0.20264,-0.277823,-0.360165,-0.370341,-0.310921,-0.79489
-0.376361,-0.432945,-0.417157,-0.3812,-0.427965,-0.398816,-0.488569,-0.387004,-0.506501,-0.328228,-0.400795,-0.467177,-0.350858,-0.484249,-0.324267,-0.338379,-0.420723,-0.339863,-0.333133,-0.826602	-0.00536461,0.007962,0.0293355,-0.00784996,-0.0818919,-0.0293423,-0.0373992,-0.107632,-0.07091,-0.114943,-0.101786,-0.0675299,0.0310995,-0.0945043,-0.147172,-0.0648994,-0.0513162,-0.0142335,-0.0223754,-0.098374	-0.371747,-0.439392,-0.441095,-0.374471,-0.358642,-0.373849,-0.459567,-0.291514,-0.451818,-0.221648,-0.311726,-0.412667,-0.377835,-0.408436,-0.18597,-0.27962,-0.377559,-0.327212,-0.313091,-0.792686
-0.365242,-0.465546,-0.441905,-0.382291,-0.418063,-0.391102,-0.479756,-0.413822,-0.53114,-0.384541,-0.385359,-0.452486,-0.386922,-0.515942,-0.369926,-0.358342,-0.442699,-0.395714,-0.365679,-0.826118	0.00957203,-0.0108722,0.0242811,0.012761,-0.0543542,-0.0166866,-0.0354578,-0.101894,-0.0666526,-0.121528,-0.083782,-0.0296939,-0.0240137,-0.129569,-0.15854,-0.0812048,-0.0825908,-0.0151764,-0.0555785,-0.0566655	-0.373508,-0.456987,-0.461237,-0.393134,-0.372166,-0.376875,-0.451987,-0.325659,-0.481534,-0.275906,-0.311638,-0.42855,-0.366312,-0.414052,-0.224556,-0.285444,-0.373775,-0.382837,-0.316534,-0.807241
-0.393149,-0.465412,-0.40433,-0.371101,-0.431131,-0.38979,-0.475672,-0.40785,-0.533463,-0.328669,-0.382398,-0.457541,-0.390395,-0.521851,-0.365738,-0.365635,-0.451093,-0.360589,-0.338548,-0.831575	0.00212211,-0.0238216,0.0543209,0.0367234,-0.0864629,-0.00568764,-0.0095857,-0.121019,-0.0798644,-0.103244,-0.0792921,-0.0396727,-0.00526744,-0.137093,-0.170711,-0.08752,-0.0744637,-0.022149,-0.021657,-0.0786101	-0.394942,-0.446541,-0.448793,-0.402341,-0.358013,-0.384955,-0.468222,-0.301724,-0.473784,-0.233343,-0.312584,-0.425594,-0.385921,-0.414405,-0.208015,-0.287309,-0.38972,-0.341165,-0.319232,-0.805629
0.786025,0.805489,0.76259,0.792999,0.784474,0.759713,0.800204,0.807891,0.767046,0.765441,0.762064,0.828782,0.813443,0.869331,0.91001,0.785679,0.772975,0.845096,0.783092,0.706008	0.837044,0.779158,0.710671,0.796185,0.765094,0.768699,0.834125,0.765769,0.757532,0.674502,0.763433,0.832535,0.841055,0.871661,0.886226,0.789677,0.810146,0.757173,0.776015,0.711452	-0.149151,0.0707071,0.113346,-0.00864324,0.0484752,-0.0216012,-0.102008,0.110459,0.0227106,0.188004,-0.00327391,-0.0121056,-0.0874235,-0.00961963,0.122898,-0.0105349,-0.0994455,0.244153,0.0180382,-0.0109382
0.654597,0.612661,0.753982,0.715355,0.739517,0.683096,0.692422,0.762728,0.814499,0.767368,0.823731,0.781607,0.683688,0.653551,0.666956,0.745782,0.777614,0.738248,0.755044,0.86454	0.699811,0.603884,0.777954,0.730494,0.739981,0.704479,0.724033,0.790504,0.809444,0.753454,0.819255,0.798945,0.706136,0.672007,0.606663,0.733675,0.800557,0.743997,0.762628,0.850549	-0.083436,0.0139317,-0.0579804,-0.0317094,-0.00102273,-0.0412184,-0.0633902,-0.0699551,0.0148367,0.0329841,0.0137649,-0.0461676,-0.0434,-0.0329093,0.101267,0.0267358,-0.0607792,-0.0127551,-0.0178804,0.0528632
0.291087,0.341365,0.398886,0.331719,0.444691,0.292833,0.277867,0.298877,0.352727,0.521038,0.407779,0.399102,0.313488,0.40162,0.166489,0.320354,0.396772,0.425387,0.548097,0.764379	0.353715,0.389354,0.39172,0.37243,0.492039,0.347258,0.314193,0.353035,0.43339,0.558889,0.41945,0.387632,0.358806,0.462023,0.22054,0.363372,0.359755,0.419641,0.542883,0.787859	-0.0698163,-0.0553446,0.00849364,-0.0464487,-0.0606091,-0.0605858,-0.0398014,-0.0605471,-0.095219,-0.0534015,-0.0140795,0.0135698,-0.0510621,-0.0741643,-0.0561112,-0.0486844,0.0431815,0.00699446,0.00742255,-0.0590278
0.476287,0.424714,0.571261,0.367789,0.515293,0.381109,0.393928,0.489794,0.473654,0.630229,0.608284,0.53127,0.411475,0.509976,0.412871,0.479034,0.532152,0.49929,0.670804,0.852014	0.503673,0.454316,0.550534,0.36791,0.556823,0.433662,0.412075,0.523069,0.500781,0.641225,0.612575,0.535997,0.429963,0.535313,0.461636,0.464407,0.483219,0.480177,0.655743,0.82552	-0.036029,-0.0366797,0.0302361,-0.000139911,-0.0582402,-0.0629575,-0.0216632,-0.0447368,-0.0355625,-0.0184533,-0.00683904,-0.00660855,-0.0224616,-0.0348516,-0.0602476,0.0188126,0.0658713,0.0251413,0.0268872,0.0893115
-0.376383,-0.541306,-0.524714,-0.440803,-0.477929,-0.462647,-0.442187,-0.471794,-0.575691,-0.395925,-0.431443,-0.486341,-0.365725,-0.431471,-0.447108,-0.401458,-0.526253,-0.329562,-0.386828,-0.877812	0.0476598,-0.0108139,-0.00794428,-0.0199444,-0.0163547,-0.0353748,-0.0431867,-0.164384,0.0175648,-0.119555,-0.099804,-0.042203,-0.0169242,0.0128518,-0.17281,-0.086532,-0.232917,-0.0133076,-0.102952,0.0173973	-0.41657,-0.533615,-0.518933,-0.424592,-0.465211,-0.434381,-0.406768,-0.333256,-0.587317,-0.290102,-0.346562,-0.453445,-0.350973,-0.441873,-0.297267,-0.32626,-0.334313,-0.317647,-0.29565,-0.881743
-0.420569,-0.530656,-0.475385,-0.432152,-0.473301,-0.489746,-0.419628,-0.450363,-0.592131,-0.336296,-0.430862,-0.497345,-0.379,-0.441474,-0.457116,-0.439111,-0.524253,-0.258264,-0.356802,-0.886792	0.0311344,-0.0146503,0.0384598,-0.00394483,-0.02959,-0.0346415,0.00789592,-0.191154,-0.00954818,-0.112369,-0.0909263,-0.0500808,0.00454822,0.00393496,-0.188835,-0.107191,-0.195251,-0.0189856,-0.0669377,-0.0371953	-0.445865,-0.520048,-0.504618,-0.428939,-0.450013,-0.462959,-0.426112,-0.283625,-0.585896,-0.232721,-0.353796,-0.458689,-0.382888,-0.444637,-0.293626,-0.348315,-0.366519,-0.240458,-0.296957,-0.878576
0.323923,0.315839,0.400496,0.335621,0.449854,0.307693,0.279313,0.295809,0.361804,0.518542,0.411978,0.416472,0.363187,0.3851,0.130772,0.288685,0.392875,0.429001,0.58065,0.75214	0.344512,0.372179,0.369616,0.362008,0.496778,0.341934,0.285898,0.322551,0.446538,0.571414,0.428393,0.387333,0.388115,0.426279,0.238436,0.343271,0.333853,0.417591,0.5673,0.789983	-0.0231752,-0.0638448,0.0362461,-0.030036,-0.0604287,-0.0382672,-0.00715675,-0.0295627,-0.101062,-0.0751344,-0.0199323,0.034743,-0.0290184,-0.0492667,-0.111129,-0.0605896,0.0679325,0.0139001,0.0199078,-0.0932503
0.475888,0.410782,0.591453,0.39245,0.496678,0.393096,0.364681,0.491176,0.452037,0.626982,0.569954,0.544882,0.461306,0.535824,0.343575,0.459585,0.526032,0.491485,0.686311,0.840408	0.458967,0.449097,0.546766,0.378156,0.537563,0.424583,0.352552,0.496633,0.484029,0.652574,0.578955,0.531912,0.458028,0.542495,0.448553,0.457488,0.453636,0.466523,0.663466,0.828164	0.0216498,-0.046983,0.0660445,0.0167852,-0.0557777,-0.0377949,0.0139187,-0.0072176,-0.0409533,-0.0433141,-0.0134335,0.0182644,0.00415652,-0.00940543,-0.124103,0.0026555,0.0950851,0.0323878,0.0419443,0.0402755
-0.399398,-0.568511,-0.524031,-0.43312,-0.482704,-0.462147,-0.460017,-0.473224,-0.585883,-0.421728,-0.443367,-0.485584,-0.382172,-0.424322,-0.461315,-0.402015,-0.546454,-0.32791,-0.362905,-0.881039	-0.023279,-0.0449899,-0.0350606,-0.022576,-0.0193194,-0.0387831,-0.0862577,-0.181082,-0.0035081,-0.144942,-0.109977,-0.0644673,-0.0534206,0.00609192,-0.162463,-0.0884214,-0.281276,-0.0142939,-0.0756178,0.014923	-0.379649,-0.537263,-0.498122,-0.414598,-0.467746,-0.431091,-0.389203,-0.319523,-0.583574,-0.294806,-0.350479,-0.434726,-0.335603,-0.429304,-0.323064,-0.325152,-0.313339,-0.315093,-0.295393,-0.884335
-0.449275,-0.567687,-0.47235,-0.42516,-0.480732,-0.490588,-0.450521,-0.445789,-0.598647,-0.35098,-0.440434,-0.493895,-0.401557,-0.431207,-0.471445,-0.436562,-0.546813,-0.258708,-0.338005,-0.885797	-0.0492623,-0.0643818,0.0137238,-0.000946552,-0.0349587,-0.0486812,-0.0505421,-0.20131,-0.0214886,-0.120955,-0.0973172,-0.0675724,-0.0421336,0.00278722,-0.178949,-0.1058,-0.246814,-0.0240666,-0.0459973,-0.0135341	-0.409066,-0.522398,-0.482944,-0.424384,-0.453393,-0.452719,-0.409299,-0.268582,-0.58468,-0.240223,-0.358482,-0.441041,-0.365609,-0.433473,-0.319446,-0.346779,-0.346804,-0.236112,-0.296619,-0.882847
0.322387,0.328616,0.399093,0.340223,0.471975,0.343338,0.304764,0.32846,0.445842,0.559006,0.400484,0.422966,0.406835,0.429891,0.283611,0.354593,0.355396,0.407095,0.598872,0.793804	0.285402,0.309329,0.385754,0.30095,0.465448,0.339836,0.286133,0.307053,0.39278,0.53216,0.393056,0.438971,0.378652,0.395313,0.275098,0.299348,0.345569,0.394219,0.588489,0.74348	0.040733,0.0214704,0.0157652,0.0437539,0.00836429,0.003965,0.0204111,0.0238082,0.0643272,0.0382144,0.00881546,-0.0196531,0.0333141,0.0416567,0.00923346,0.0618052,0.0112025,0.0153373,0.0160336,0.122794
-0.372507,-0.50615,-0.503187,-0.419323,-0.480218,-0.433077,-0.472361,-0.427175,-0.558149,-0.391596,-0.437284,-0.489728,-0.345551,-0.420423,-0.360508,-0.374809,-0.467869,-0.284814,-0.343705,-0.883257	-0.00397442,0.0175978,0.0287384,-0.0223546,-0.0568706,-0.0108699,-0.109036,-0.145492,-0.0403044,-0.14219,-0.107881,-0.0536661,-0.0151197,-0.0271657,-0.111249,-0.0955566,-0.108154,0.0404418,-0.0337723,-0.00280843	-0.369079,-0.519124,-0.524343,-0.400725,-0.435233,-0.424205,-0.383053,-0.30035,-0.529762,-0.264111,-0.345713,-0.447831,-0.332167,-0.397801,-0.259674,-0.289625,-0.378888,-0.321552,-0.313572,-0.882638
-0.40915,-0.503166,-0.459781,-0.420547,-0.4795,-0.450376,-0.472132,-0.390657,-0.563314,-0.326399,-0.442982,-0.504539,-0.364819,-0.429563,-0.367536,-0.401065,-0.4857,-0.216356,-0.317554,-0.889513	-0.0085401,-0.00109049,0.0525627,-0.016646,-0.0721958,-0.0022623,-0.0904854,-0.152436,-0.0456893,-0.129252,-0.108161,-0.0677957,-0.00394604,-0.0359315,-0.126272,-0.0995562,-0.0925161,0.0277359,-0.00261851,-0.0411304	-0.402015,-0.502351,-0.500254,-0.406748,-0.42191,-0.44857,-0.398678,-0.253306,-0.531299,-0.205831,-0.351671,-0.452212,-0.361394,-0.399802,-0.253006,-0.314048,-0.411683,-0.242636,-0.315198,-0.880601
-0.386136,-0.54118,-0.491467,-0.41789,-0.471001,-0.42586,-0.457153,-0.438982,-0.578684,-0.393874,-0.419596,-0.486628,-0.389061,-0.458703,-0.402714,-0.390783,-0.496618,-0.310134,-0.351406,-0.886491	0.0132139,-0.0237663,0.056785,0.0167085,-0.0349333,0.00271883,-0.0771033,-0.145614,-0.0284721,-0.128982,-0.0813333,-0.0560464,-0.0538941,-0.0619094,-0.156487,-0.0722529,-0.154402,0.025042,-0.0373258,-0.00813687	-0.397322,-0.524156,-0.533367,-0.431585,-0.443362,-0.428083,-0.393935,-0.313401,-0.559429,-0.27907,-0.350214,-0.442654,-0.342345,-0.408391,-0.262787,-0.327785,-0.370636,-0.332593,-0.318254,-0.884736
-0.423552,-0.536625,-0.445539,-0.408008,-0.481903,-0.441779,-0.454486,-0.409516,-0.58737,-0.325453,-0.422144,-0.499269,-0.403262,-0.467163,-0.411043,-0.420094,-0.521987,-0.239634,-0.323419,-0.891231	0.00575548,-0.0379121,0.0872847,0.0422931,-0.0697079,0.0146728,-0.054067,-0.159504,-0.044005,-0.109662,-0.0769947,-0.0667399,-0.0369172,-0.0695543,-0.1718,-0.0808215,-0.15053,0.0165789,-0.00356073,-0.038169	-0.428263,-0.509069,-0.512878,-0.442663,-0.426523,-0.453512,-0.410507,-0.267485,-0.557783,-0.223777,-0.356744,-0.447438,-0.371881,-0.410962,-0.257421,-0.351196,-0.403134,-0.255199,-0.320227,-0.883103
0.765478,0.776155,0.757129,0.780995,0.765808,0.717588,0.804628,0.818566,0.730132,0.764355,0.744614,0.801957,0.797497,0.86975,0.901125,0.771071,0.740489,0.890144,0.786302,0.391404	0.83979,0.7336,0.669261,0.784615,0.745265,0.764219,0.834743,0.73087,0.73763,0.646769,0.759604,0.826048,0.843723,0.871424,0.89563,0.819413,0.823373,0.756414,0.776459,0.427883	-0.208064,0.0988236,0.178128,-0.0093487,0.0478574,-0.103257,-0.0917164,0.218293,-0.016248,0.23255,-0.0345072,-0.0713719,-0.141305,-0.00691635,0.02848,-0.131303,-0.21236,0.409358,0.0252727,-0.0438167
0.0546807,-0.0526453,-0.0108308,0.00134107,0.013278,0.0163664,-0.0132585,-0.0223209,0.0488947,-0.00729309,0.0123391,0.037019,0.103358,-0.0386215,-0.0520326,-0.0682136,-0.0236952,0.00441943,0.095975,-0.0353735	-0.469881,-0.376654,-0.591381,-0.527789,-0.453465,-0.52129,-0.582508,-0.648025,-0.630333,-0.433069,-0.664933,-0.609639,-0.450397,-0.403256,-0.524661,-0.595555,-0.657827,-0.520207,-0.416244,-0.43036	0.511421,0.330564,0.584292,0.528756,0.46395,0.533108,0.57368,0.634887,0.65892,0.427125,0.67176,0.632386,0.529123,0.370403,0.485894,0.549672,0.644173,0.523423,0.492543,0.401093
-0.034498,-0.0287684,0.0435004,0.0575754,-0.0487518,0.00962036,-0.102051,-0.0206082,-0.0556543,-0.0104807,-0.163076,0.0249499,0.103393,0.0575816,-0.102853,-0.0318032,-0.0453594,-0.0330214,0.0459244,-0.0268689	-0.375309,-0.295942,-0.417459,-0.493305,-0.426658,-0.467932,-0.557684,-0.530526,-0.62037,-0.309002,-0.595893,-0.501444,-0.371419,-0.227492,-0.376902,-0.492053,-0.588367,-0.49614,-0.251169,-0.190924	0.345281,0.269468,0.452738,0.535666,0.385934,0.475412,0.483129,0.515555,0.58491,0.299491,0.479403,0.51989,0.457252,0.281387,0.285101,0.467567,0.557897,0.470833,0.293706,0.164902
-0.0282598,-0.0510824,0.00839638,0.0255285,-0.00330441,0.0399284,-0.013653,0.0388693,-0.0516405,-0.0832414,-0.0353243,-0.00161565,-0.0238004,0.0252355,-0.100348,-0.0346624,-0.0623484,0.0111676,0.070947,-0.0555844	-0.673816,-0.634136,-0.76091,-0.712205,-0.739619,-0.704089,-0.727397,-0.79143,-0.820416,-0.795377,-0.836444,-0.8019,-0.70925,-0.667484,-0.712622,-0.754435,-0.834736,-0.747264,-0.761269,-0.864706	0.658087,0.602573,0.764423,0.72456,0.738118,0.723672,0.720903,0.80552,0.802787,0.762628,0.82551,0.801323,0.697219,0.681244,0.65943,0.7391,0.814793,0.752154,0.789572,0.849975
-0.0359556,-0.0683888,0.0135495,0.0357469,-0.00673227,0.0216893,-0.0414982,0.0494557,-0.0350021,-0.050827,-0.0260013,0.00802573,-0.0389433,0.0333605,-0.10219,-0.0300286,-0.0593185,0.00150518,0.0579716,-0.0312744	-0.677511,-0.642178,-0.753904,-0.707486,-0.743411,-0.705551,-0.72176,-0.794955,-0.817487,-0.786327,-0.833767,-0.800363,-0.710167,-0.666469,-0.716168,-0.755828,-0.822868,-0.750001,-0.755294,-0.865701	0.657574,0.600146,0.759694,0.7249,0.740384,0.716279,0.701266,0.812468,0.805535,0.766119,0.825666,0.803229,0.690315,0.684608,0.66246,0.742655,0.802731,0.750659,0.77915,0.857647
-0.240401,-0.149681,-0.263147,-0.0397214,-0.0904243,-0.0727759,-0.133447,-0.239107,-0.061273,-0.16426,-0.339823,-0.154735,-0.019421,-0.152758,-0.163171,-0.169201,-0.24207,-0.134208,-0.166278,-0.329054	-0.0250342,-0.0615564,-0.011723,-0.0335226,0.0146591,0.0459152,0.00619703,0.00581524,0.0633676,0.0144013,-0.0360972,0.0779582,0.0869299,-0.0142473,0.148316,-0.0138947,-0.0757556,-0.0450705,0.116382,-0.0536936	-0.21667,-0.0889437,-0.252202,-0.00620716,-0.104944,-0.118296,-0.139528,-0.244582,-0.124159,-0.178239,-0.307498,-0.22992,-0.106172,-0.138813,-0.304126,-0.155672,-0.169422,-0.0896799,-0.277294,-0.280313
0.0227721,0.0777825,0.0230113,0.042742,0.0217301,0.0859223,-0.0212287,0.0750782,0.0513443,0.0238418,0.00891315,-0.0259118,0.0543854,0.0363462,0.104001,0.0329837,0.0829184,0.0553326,0.078504,0.0459277	-0.297733,-0.332175,-0.37785,-0.336362,-0.469393,-0.300115,-0.349686,-0.368914,-0.379187,-0.574029,-0.451333,-0.426792,-0.324956,-0.426535,-0.230968,-0.364464,-0.409863,-0.395219,-0.541708,-0.767923	0.318347,0.399632,0.397406,0.373731,0.486164,0.376333,0.330914,0.432026,0.422309,0.589799,0.458402,0.405363,0.372754,0.455814,0.327112,0.392727,0.476585,0.440909,0.594913,0.786125
0.0347939,0.0665274,0.00572927,0.0339043,0.0192939,0.0901648,-0.0517616,0.0970605,0.0673367,0.0297311,-0.000586473,-0.0318999,0.0440277,0.0369017,0.101986,0.0481317,0.0603969,0.0508387,0.0707463,0.059248	-0.296211,-0.341571,-0.373098,-0.335929,-0.474686,-0.293544,-0.342957,-0.371509,-0.37697,-0.571325,-0.45289,-0.433452,-0.322459,-0.429884,-0.240798,-0.359684,-0.403662,-0.401878,-0.52877,-0.771411	0.327628,0.399031,0.378019,0.365669,0.489497,0.373815,0.296458,0.452262,0.433308,0.591017,0.452423,0.407182,0.361357,0.459496,0.334568,0.400876,0.453015,0.443652,0.577898,0.794354
-0.00218668,0.0257916,0.0395961,0.0331704,0.0377307,0.10512,-0.0140568,0.064014,-0.00327181,0.00113925,0.0339018,-0.00977232,-0.0178848,-0.0493248,0.0733757,-0.00548179,0.0285633,0.0226202,0.0711666,-0.111989	-0.475292,-0.43231,-0.537906,-0.347062,-0.523992,-0.380919,-0.442495,-0.541822,-0.498387,-0.665469,-0.623388,-0.556469,-0.448511,-0.563405,-0.485525,-0.493098,-0.552318,-0.480851,-0.66185,-0.8561	0.473597,0.45305,0.565458,0.375904,0.550832,0.467326,0.43112,0.585528,0.495924,0.666103,0.643686,0.549686,0.434108,0.528775,0.539675,0.488938,0.571859,0.498053,0.700043,0.823017
0.00904808,0.0171097,0.0266703,0.0414205,0.0151146,0.112145,-0.0436015,0.0848367,0.0060074,0.020322,0.0272222,-0.0130768,-0.0218229,-0.0473734,0.0714929,0.00655603,-0.00678235,0.0221799,0.0661136,-0.0921516	-0.47444,-0.438778,-0.532199,-0.335696,-0.537893,-0.372134,-0.435756,-0.546563,-0.496943,-0.659094,-0.621694,-0.560159,-0.442672,-0.567815,-0.492282,-0.49036,-0.557976,-0.484265,-0.650453,-0.857236	0.481421,0.45249,0.551048,0.371945,0.548548,0.464878,0.39975,0.60342,0.501453,0.670437,0.638117,0.551119,0.424954,0.534828,0.544608,0.495324,0.553288,0.501063,0.687022,0.830706
0.895585,0.897717,0.852044,0.879066,0.872032,0.857459,0.874992,0.900107,0.911605,0.812399,0.858147,0.916615,0.888523,0.930066,0.950101,0.878054,0.85157,0.880828,0.836211,0.910892	0.87919,0.894758,0.887458,0.891413,0.861487,0.859814,0.917923,0.869657,0.894348,0.813311,0.866089,0.910842,0.90836,0.923225,0.939212,0.864142,0.882187,0.874597,0.866939,0.899302	0.0771122,0.0150378,-0.14523,-0.0570633,0.0423885,-0.00896553,-0.218115,0.140184,0.0934267,-0.0026872,-0.03093,0.0349683,-0.102837,0.0484007,0.101146,0.057671,-0.123078,0.0271361,-0.111715,0.064097
-0.228899,-0.127419,-0.282279,-0.0705047,-0.0615,-0.0794195,-0.0842472,-0.22964,-0.0378509,-0.159882,-0.27964,-0.168183,-0.0831185,-0.186178,-0.0991998,-0.147637,-0.22162,-0.117514,-0.203619,-0.305084	-0.0626555,-0.0206103,-0.00515472,-0.0349497,0.00567937,0.0365364,0.0130076,0.0178126,0.039257,0.0201339,-0.0405494,0.0581229,0.0263895,0.0165619,0.171793,0.0263423,-0.0628547,-0.0471711,0.0434799,-0.022782	-0.168662,-0.10709,-0.277528,-0.0356428,-0.0671559,-0.11562,-0.0971484,-0.246444,-0.0769935,-0.179438,-0.241833,-0.224115,-0.109268,-0.202117,-0.266452,-0.173305,-0.161008,-0.0707352,-0.244931,-0.284277
0.0405401,0.110271,0.0186883,0.0292448,0.0239299,0.0655539,-0.0141235,0.0570087,0.0742626,0.0781837,0.0239216,-0.0254818,0.0715169,0.0184776,0.153765,0.0495216,0.107337,0.0493493,0.0343692,0.0832306	-0.319773,-0.301432,-0.373616,-0.338975,-0.47453,-0.314004,-0.345101,-0.364946,-0.387421,-0.56586,-0.453976,-0.437511,-0.365763,-0.407883,-0.19478,-0.332929,-0.397984,-0.396899,-0.578178,-0.756757	0.355702,0.398459,0.389584,0.364605,0.492863,0.371902,0.332599,0.413354,0.448772,0.616758,0.472764,0.416674,0.426133,0.423172,0.338409,0.376247,0.484619,0.437675,0.600612,0.790215
0.0579321,0.110776,-0.000946602,0.0151575,0.0236272,0.0808425,-0.0301988,0.0746549,0.0832394,0.0636391,0.0103327,-0.0358012,0.0694223,0.0136983,0.152868,0.0617433,0.0848866,0.0497972,0.0350977,0.0790784	-0.317796,-0.308502,-0.369404,-0.340272,-0.48054,-0.307481,-0.336406,-0.369959,-0.386461,-0.567956,-0.45627,-0.444742,-0.361843,-0.412517,-0.204209,-0.329688,-0.392146,-0.402035,-0.56508,-0.762202	0.368936,0.405423,0.368587,0.353606,0.498508,0.378905,0.30935,0.432664,0.455062,0.609563,0.464413,0.415557,0.420698,0.42382,0.346268,0.383622,0.461665,0.442964,0.588506,0.793456
0.0175357,0.064308,0.0350594,0.0202586,0.0390183,0.0815587,-0.00590207,0.0415243,0.0211742,0.0633714,0.0502485,-0.00906195,-0.00334897,-0.0689779,0.134927,0.0150098,0.0582867,0.015821,0.0166807,-0.0603123	-0.457639,-0.415419,-0.550924,-0.372923,-0.507321,-0.390669,-0.407544,-0.538322,-0.473263,-0.653788,-0.585614,-0.564484,-0.489799,-0.581763,-0.419203,-0.474875,-0.535614,-0.469738,-0.683745,-0.845707	0.471392,0.467245,0.57488,0.390233,0.535734,0.457646,0.40261,0.567169,0.489532,0.688629,0.617687,0.558277,0.487249,0.534223,0.524466,0.486418,0.575921,0.481977,0.692527,0.827608
0.0342228,0.068534,0.0186456,0.0233186,0.0190618,0.100636,-0.018728,0.056421,0.0223169,0.0587722,0.0391478,-0.0175987,0.00248666,-0.073474,0.134387,0.0238927,0.0234419,0.0207968,0.0219848,-0.0621723	-0.456217,-0.418952,-0.545309,-0.363759,-0.521118,-0.381271,-0.397149,-0.546136,-0.474293,-0.65151,-0.585464,-0.56905,-0.481874,-0.586821,-0.425707,-0.473117,-0.539493,-0.471325,-0.671656,-0.849097	0.482901,0.47388,0.558279,0.383822,0.534866,0.4641,0.381257,0.584545,0.491409,0.684088,0.610616,0.557029,0.483781,0.536478,0.529785,0.491454,0.555904,0.487344,0.683548,0.830782
0.899062,0.9056,0.85062,0.870572,0.873438,0.865263,0.88659,0.896666,0.909507,0.812167,0.858757,0.912525,0.89447,0.928623,0.949988,0.876909,0.858115,0.88231,0.835206,0.910491	0.878111,0.89196,0.888419,0.887494,0.861308,0.859066,0.916671,0.86969,0.898313,0.827518,0.869811,0.910223,0.906725,0.926011,0.938742,0.86516,0.88847,0.872054,0.861218,0.904528	0.0995208,0.0709528,-0.154728,-0.0744226,0.0489722,0.0241454,-0.160613,0.12252,0.0611762,-0.0468125,-0.0436849,0.0135902,-0.0648575,0.018648,0.103937,0.0486838,-0.12776,0.0444792,-0.0926675,0.0337934
-0.0246877,-0.0518568,0.00876982,-0.009341,0.0129196,0.00863773,0.00862879,-0.0232197,-0.0547429,-0.0232057,0.0165835,0.0182733,-0.0757391,-0.0768463,-0.0512215,-0.0358371,-0.0564744,-0.0337325,-0.0208266,-0.129019	-0.308895,-0.343275,-0.368721,-0.324281,-0.476375,-0.341657,-0.343399,-0.399374,-0.454561,-0.596526,-0.429412,-0.447308,-0.443893,-0.468058,-0.374749,-0.376118,-0.42371,-0.400268,-0.609576,-0.79893	0.286391,0.2967,0.376275,0.315897,0.486302,0.349264,0.350988,0.379676,0.410021,0.581368,0.442842,0.461806,0.380962,0.405809,0.329859,0.34493,0.376239,0.371552,0.59632,0.746899
-0.0276779,-0.0486399,0.0155769,0.00699344,-0.00556025,0.0111572,0.0127404,-0.0290784,-0.0626458,-0.0125114,0.0210967,0.02159,-0.0681341,-0.0754666,-0.0505244,-0.0401737,-0.0637932,-0.0296552,-0.0169634,-0.126309	-0.312652,-0.348417,-0.355164,-0.309304,-0.491254,-0.335347,-0.32883,-0.410075,-0.460465,-0.590625,-0.426008,-0.450381,-0.434531,-0.470903,-0.382276,-0.37786,-0.419896,-0.402821,-0.595579,-0.802353	0.287461,0.304945,0.368701,0.315614,0.487024,0.345213,0.340145,0.385594,0.409636,0.582417,0.443122,0.467426,0.377576,0.410007,0.338286,0.342892,0.365904,0.377677,0.584521,0.752283
0.88707,0.897937,0.854377,0.875706,0.87317,0.852987,0.901325,0.885389,0.893034,0.811912,0.867578,0.915025,0.891266,0.928849,0.945881,0.866676,0.860604,0.87737,0.832138,0.913445	0.883143,0.883643,0.87437,0.880458,0.860544,0.860174,0.917425,0.872095,0.889435,0.817178,0.867706,0.904678,0.901984,0.922249,0.932161,0.86551,0.87502,0.867155,0.859547,0.905509	0.0181346,0.0692025,-0.0790369,-0.0207506,0.0507853,-0.0269878,-0.0930076,0.0583435,0.0174966,-0.0156493,-0.000519123,0.0600849,-0.0546588,0.0460395,0.115983,0.00466469,-0.0583765,0.0427049,-0.0962618,0.045907
0.892411,0.902411,0.85276,0.868994,0.878847,0.850012,0.896283,0.889609,0.901671,0.80882,0.862021,0.913693,0.894089,0.932371,0.946384,0.872549,0.861858,0.880979,0.832542,0.914234	0.885419,0.891851,0.879199,0.888625,0.851664,0.859514,0.91602,0.8716,0.891536,0.82174,0.866026,0.905786,0.910715,0.927332,0.933755,0.867397,0.869109,0.874308,0.862097,0.908124	0.0333177,0.0541018,-0.105647,-0.0861784,0.108076,-0.0352716,-0.110271,0.0801735,0.0516753,-0.0385269,-0.0158037,0.0458667,-0.0895134,0.0372241,0.10858,0.021187,-0.0288947,0.0290327,-0.104704,0.0359934
