-0.0993093,0.203078,0.101299,0.109883,0.135955,0.16252,0.326695,0.258079,0.178603,0.122781,0.0281799,0.10064,0.182474,0.216167,0.174105,0.102997,-0.038394,0.0637838,0.0688595,0.0849105	-0.240605,-0.00424949,-0.0991684,-0.193326,-0.125217,-0.0312605,0.0788485,-0.0451792,-0.106281,-0.162014,-0.22282,-0.290417,-0.148422,-0.111231,-0.234721,-0.426643,-0.529688,-0.482196,-0.474364,-0.397493	0.144754,0.207148,0.198474,0.296902,0.2568,0.192801,0.254399,0.299763,0.279577,0.27924,0.249433,0.379951,0.32217,0.319711,0.392775,0.507345,0.501493,0.529688,0.526041,0.466653
0.166502,0.164157,0.135001,0.122505,0.12301,0.111244,0.324527,0.284401,0.229072,0.143989,0.0561595,0.0990292,0.199835,0.195968,0.168483,0.10382,-0.0366166,0.0712753,0.071479,0.0939612	-0.00656723,-0.0256805,0.0248727,-0.163004,-0.12208,-0.0471135,0.0676249,-0.0322338,0.0261961,-0.146264,-0.198501,-0.279481,-0.121856,-0.0925725,-0.241475,-0.42335,-0.507235,-0.458719,-0.476805,-0.392859	0.17288,0.18904,0.110499,0.279919,0.241463,0.157531,0.262667,0.313758,0.204101,0.284265,0.251853,0.368316,0.314044,0.283399,0.393931,0.504975,0.479525,0.513215,0.530214,0.46949
0.120164,-0.400832,0.0136175,-0.0433701,-0.0479312,-0.0156695,-0.0564386,-0.0369549,-0.0200503,-0.0862678,-0.0863465,-0.0854682,-0.115166,-0.0476927,-0.0543698,0.0342603,-0.0974237,-0.0580267,-0.0451606,-0.00181381	-0.206103,-0.756298,-0.592463,-0.608018,-0.536782,-0.379673,-0.524749,-0.625419,-0.481363,-0.459025,-0.467655,-0.540311,-0.534787,-0.545063,-0.607387,-0.624694,-0.759105,-0.727339,-0.658977,-0.594104	0.318381,0.510102,0.60123,0.57994,0.50176,0.366182,0.482603,0.602387,0.465808,0.388127,0.397354,0.476864,0.447161,0.510645,0.571903,0.645146,0.714524,0.698806,0.632644,0.592929
0.136887,-0.412405,0.0171453,-0.0411113,-0.0447246,-0.0295637,-0.0340414,-0.0302224,-0.0260862,-0.0879101,-0.0829223,-0.0784506,-0.120721,-0.0434964,-0.0480912,0.0261018,-0.104362,-0.0446681,-0.0400653,-0.00356725	-0.194276,-0.760724,-0.593613,-0.599872,-0.526713,-0.390634,-0.523393,-0.618094,-0.48662,-0.463962,-0.451119,-0.542411,-0.539045,-0.547809,-0.605946,-0.629096,-0.763115,-0.718902,-0.651195,-0.590382	0.322585,0.50755,0.604605,0.572888,0.493617,0.365289,0.498229,0.599062,0.466455,0.392042,0.382506,0.484581,0.447441,0.516622,0.574599,0.644613,0.715756,0.696604,0.627501,0.588053
0.103092,-0.345471,0.0175554,-0.0321022,-0.0337916,-0.0222046,-0.0234825,-0.0332714,0.00870006,-0.0455483,-0.0697417,-0.0638856,-0.0893249,-0.0235086,-0.0354739,0.0169103,-0.0869784,-0.0462887,-0.0284631,0.00210233	-0.195588,-0.724545,-0.595201,-0.598165,-0.508164,-0.366715,-0.486118,-0.611953,-0.455616,-0.445677,-0.4545,-0.522663,-0.494305,-0.539732,-0.610482,-0.627203,-0.755844,-0.718281,-0.66169,-0.583244	0.292777,0.505639,0.60642,0.577146,0.482661,0.347338,0.467977,0.590709,0.462483,0.40842,0.397353,0.474626,0.423687,0.522858,0.587736,0.637353,0.715932,0.695103,0.645382,0.584629
0.134548,-0.392233,0.0107647,-0.0437664,-0.0355223,-0.022183,-0.0244507,-0.0406095,-0.0168927,-0.0628802,-0.100092,-0.084439,-0.114255,-0.0307804,-0.0445664,0.0110564,-0.0895649,-0.0689591,-0.0175093,-0.00565084	-0.172008,-0.754038,-0.598648,-0.603496,-0.505197,-0.380404,-0.496262,-0.619638,-0.486679,-0.435234,-0.480103,-0.53341,-0.525861,-0.548777,-0.610459,-0.641443,-0.753198,-0.722859,-0.65332,-0.588654	0.299622,0.513751,0.605511,0.574915,0.478258,0.361269,0.477607,0.593974,0.47368,0.382831,0.399194,0.470147,0.437917,0.526897,0.581719,0.647904,0.71164,0.688205,0.643168,0.584949
-0.190931,0.189289,0.135442,0.0337875,0.138176,0.088152,0.185353,0.117935,0.0929949,0.0736592,0.041164,0.1247,0.139515,0.111549,0.0505374,0.106173,0.0702989,0.0739363,0.00197956,0.0157896	-0.274374,-0.0317184,-0.021454,-0.28784,-0.149833,-0.113057,0.0140051,-0.201996,-0.210909,-0.185102,-0.282267,-0.316374,-0.186086,-0.186167,-0.298374,-0.413196,-0.503013,-0.448587,-0.517274,-0.461169	0.0880559,0.219689,0.156441,0.31853,0.282168,0.199224,0.171794,0.312487,0.298058,0.25528,0.319716,0.424333,0.317362,0.291659,0.343728,0.497542,0.553731,0.505749,0.518723,0.473511
-0.187555,0.198901,0.162124,0.039117,0.149544,0.105681,0.187117,0.121081,0.104214,0.0730771,0.0690705,0.0944038,0.125061,0.111484,0.059791,0.101507,0.0840874,0.073879,-0.0127609,0.0105513	-0.266116,-0.0217685,0.0441821,-0.298782,-0.129748,-0.110935,0.0325005,-0.206426,-0.177689,-0.216878,-0.260386,-0.331056,-0.181556,-0.199851,-0.2956,-0.423558,-0.488983,-0.444536,-0.530604,-0.458117	0.0826877,0.219718,0.118793,0.333995,0.273976,0.214105,0.155563,0.319521,0.276778,0.285431,0.323636,0.412566,0.29981,0.30455,0.349219,0.503421,0.550438,0.50193,0.521374,0.466414
0.121897,0.342831,0.607547,0.695328,0.561876,0.582506,0.609497,0.624147,0.457766,0.582656,0.631916,0.61882,0.582013,0.673975,0.767129,0.763853,0.777337,0.726277,0.737514,0.786893	0.13362,0.356,0.758663,0.731123,0.579857,0.620134,0.603889,0.610276,0.572869,0.588554,0.634322,0.638126,0.60387,0.727033,0.763921,0.767875,0.830369,0.783005,0.717866,0.784533	-0.0119172,-0.0150001,-0.280325,-0.0728092,-0.0266706,-0.0589067,0.00887486,0.0224052,-0.156016,-0.00897655,-0.00401452,-0.0319048,-0.0337016,-0.104035,0.00774884,-0.00972911,-0.149589,-0.131521,0.0417539,0.00616825
-0.163385,-0.242247,-0.0473994,0.00833131,-0.0372536,-0.0906969,-0.0715413,-0.0288759,-0.0109308,-0.156278,-0.0791967,-0.1412,0.0273355,-0.0787642,-0.0445515,0.045759,-0.0567156,-0.022796,-0.0638499,-0.0708655	-0.288559,-0.630941,-0.533724,-0.406243,-0.383073,-0.295878,-0.407542,-0.488501,-0.301845,-0.318088,-0.278608,-0.327131,-0.229389,-0.377503,-0.379092,-0.2312,-0.4709,-0.398562,-0.297626,-0.296373	0.131368,0.458822,0.498947,0.413176,0.350826,0.210839,0.346092,0.466202,0.291878,0.170275,0.203911,0.194936,0.255125,0.307894,0.340287,0.27406,0.42555,0.379212,0.238305,0.230345
-0.177436,-0.249749,-0.052185,0.0114864,-0.0132071,-0.0842742,-0.0534284,-0.00762209,-0.00504464,-0.143499,-0.0809469,-0.127014,0.00730767,-0.0461924,-0.0399811,0.0446784,-0.0474906,-0.0172586,-0.0526028,-0.07293	-0.302235,-0.634436,-0.539301,-0.392544,-0.35478,-0.293178,-0.408835,-0.470088,-0.301109,-0.311164,-0.260484,-0.323201,-0.245288,-0.361777,-0.376717,-0.234775,-0.471222,-0.385544,-0.279723,-0.291779	0.131871,0.457117,0.501222,0.402216,0.343181,0.214196,0.363344,0.464129,0.296514,0.175502,0.183404,0.204585,0.252144,0.320948,0.341885,0.276552,0.433431,0.370753,0.230512,0.223607
-0.145298,-0.192764,-0.0700569,0.0311543,0.00576459,-0.0660417,-0.042155,-0.0140799,-0.0194437,-0.0569063,-0.0277824,-0.0856036,0.0238284,-0.0411909,-0.0129826,0.0292954,-0.0141796,-0.0164974,-0.0218107,-0.042244	-0.252905,-0.59191,-0.550119,-0.384485,-0.322989,-0.257742,-0.362712,-0.462772,-0.288915,-0.244638,-0.231584,-0.27014,-0.190124,-0.360357,-0.372535,-0.232356,-0.444377,-0.378993,-0.2809,-0.257986	0.111712,0.450554,0.499305,0.41072,0.328142,0.19502,0.325535,0.451635,0.270993,0.190382,0.205121,0.188905,0.212987,0.323974,0.3613,0.259882,0.432925,0.364776,0.260686,0.218119
-0.177187,-0.221349,-0.0644312,0.00775998,-0.00532261,-0.0744691,-0.0299439,-0.0406511,-0.0349966,-0.108226,-0.0946141,-0.12804,0.00409599,-0.0719022,-0.0146437,0.0455944,-0.0424351,-0.0303685,-0.0436099,-0.049318	-0.280718,-0.621831,-0.547332,-0.399163,-0.328098,-0.281031,-0.366236,-0.484726,-0.321954,-0.261977,-0.296181,-0.305166,-0.232779,-0.387862,-0.36965,-0.242159,-0.453237,-0.386024,-0.292175,-0.266536	0.10895,0.464403,0.500553,0.405666,0.32334,0.210977,0.340021,0.453001,0.290227,0.158237,0.207378,0.184329,0.236649,0.325024,0.356939,0.284611,0.418858,0.359874,0.251773,0.220111
0.0802491,0.170857,0.173709,0.154809,0.0972307,0.171548,0.184086,0.0051644,0.127501,0.1211,0.118104,0.16834,0.00541515,0.239289,0.0314016,0.0542199,0.163421,0.0148011,0.0585917,0.126747	0.149651,0.158006,0.234249,0.116265,0.0685922,0.154202,0.252757,-0.0358856,0.0842566,0.149513,0.0271681,0.107089,0.00159261,0.241,0.0643933,0.102792,0.114879,0.0748296,0.0543088,0.0868442	-0.0702457,0.0132072,-0.0631085,0.0392503,0.0288307,0.0178166,-0.0720229,0.0410424,0.0437144,-0.0289375,0.0912287,0.0623758,0.00382257,-0.00181622,-0.0330586,-0.0488447,0.0494711,-0.060095,0.00429653,0.0403464
0.0925971,0.169587,0.122726,0.136075,0.0966621,0.159746,0.164677,0.0122186,0.107496,0.074226,0.114047,0.153798,0.0126352,0.246544,0.00337965,0.0706977,0.169142,0.0361948,0.0571505,0.113198	0.171645,0.160894,0.233332,0.0771805,0.0802203,0.127992,0.252204,-0.037065,0.100257,0.0694823,0.0245207,0.0994522,0.0283189,0.226865,0.0354077,0.113486,0.131771,0.0985379,0.0395626,0.0823962	-0.0803249,0.00893656,-0.113867,0.0595193,0.0165703,0.0324177,-0.0913202,0.0492613,0.00731765,0.00476838,0.0897774,0.0551904,-0.0156892,0.0208453,-0.0320318,-0.0431347,0.0382222,-0.0625662,0.0176278,0.0310919
0.432503,-0.200166,-0.142023,-0.0796093,-0.00807259,-0.0941897,-0.10305,-0.0831984,0.0649698,-0.17836,-0.131323,-0.140088,0.0168164,-0.103966,-0.056686,0.0329044,-0.0458518,-0.0223743,-0.0807918,-0.0763126	0.211197,-0.607145,-0.626634,-0.476899,-0.369495,-0.318436,-0.431265,-0.511199,-0.308712,-0.344426,-0.321612,-0.335996,-0.254987,-0.422472,-0.387929,-0.242457,-0.48389,-0.427295,-0.300892,-0.300603	0.243553,0.463281,0.531953,0.412968,0.362503,0.23118,0.343479,0.447012,0.366334,0.176936,0.19868,0.205585,0.270643,0.333138,0.338691,0.273182,0.447978,0.408829,0.225584,0.229556
0.423619,-0.206312,-0.140784,-0.0680061,0.00129197,-0.0948478,-0.0711769,-0.0684221,0.0536401,-0.1466,-0.139336,-0.129317,0.00808887,-0.0649088,-0.0529472,0.0425763,-0.0380993,-0.0163283,-0.0652892,-0.0805056	0.200105,-0.608161,-0.627554,-0.459584,-0.352219,-0.321358,-0.421679,-0.497181,-0.319519,-0.321999,-0.310011,-0.335182,-0.261407,-0.402504,-0.386197,-0.237673,-0.484588,-0.414849,-0.278831,-0.297594	0.244215,0.459503,0.533944,0.404211,0.35335,0.233631,0.361347,0.443858,0.366871,0.184088,0.17838,0.215193,0.268927,0.346652,0.340207,0.277442,0.454887,0.401239,0.217501,0.222418
0.371562,-0.159219,-0.143366,-0.0455619,0.0287635,-0.0834592,-0.0636227,-0.0623115,0.0487837,-0.0567354,-0.0537389,-0.082231,0.00721682,-0.0595233,-0.0160792,0.031792,-0.00819264,-0.0119941,-0.0311649,-0.0448486	0.190004,-0.572856,-0.631173,-0.450049,-0.315558,-0.292618,-0.378511,-0.484183,-0.302919,-0.253658,-0.253352,-0.277948,-0.220178,-0.400805,-0.373782,-0.23099,-0.460361,-0.40393,-0.276614,-0.259605	0.19535,0.455151,0.53634,0.412955,0.341224,0.214394,0.322659,0.434996,0.346581,0.199798,0.202368,0.200295,0.227034,0.349623,0.359866,0.260866,0.45388,0.393844,0.247583,0.217287
0.409611,-0.179776,-0.146224,-0.0681884,0.0142314,-0.0926887,-0.0445736,-0.0991062,0.0209142,-0.134453,-0.134801,-0.132959,0.0175292,-0.0927916,-0.0172312,0.0478937,-0.0282972,-0.0261022,-0.0566181,-0.0529233	0.223503,-0.597485,-0.633191,-0.463323,-0.322839,-0.315537,-0.376516,-0.512111,-0.342821,-0.291823,-0.329516,-0.319616,-0.239114,-0.428667,-0.371246,-0.241183,-0.464339,-0.411204,-0.291579,-0.268825	0.204863,0.467976,0.536654,0.408026,0.335529,0.229562,0.337609,0.435087,0.361146,0.163797,0.203766,0.194942,0.255572,0.349788,0.356294,0.285776,0.441848,0.38928,0.238904,0.219018
-0.314597,0.299025,0.395242,0.159272,0.119789,0.263427,0.167566,-0.0336255,0.235144,0.124213,0.144144,0.188719,-0.0593476,0.336698,0.0270082,0.109421,0.207811,0.0776503,0.069147,0.150689	-0.279899,0.271224,0.330928,0.093156,0.0767516,0.211987,0.241561,-0.0640663,0.0917118,0.148216,0.049942,0.111764,-0.0786787,0.29223,0.062733,0.155998,0.118425,0.0979465,0.0797643,0.111821	-0.0380483,0.030255,0.073992,0.0671119,0.0434364,0.0544829,-0.077116,0.0305065,0.146594,-0.0244536,0.0948846,0.0786126,0.0194218,0.0493212,-0.0357854,-0.0473863,0.0916406,-0.0204517,-0.0106762,0.0395344
-0.294264,0.344526,0.357651,0.146307,0.104362,0.244315,0.174722,-0.0133802,0.251901,0.141658,0.123568,0.154639,-0.0707436,0.335869,0.0161267,0.138938,0.213176,0.0931555,0.0636207,0.132606	-0.252939,0.320351,0.350491,0.0602176,0.0740225,0.178538,0.269531,-0.0524399,0.141108,0.131535,0.0319635,0.0856978,-0.0717201,0.269384,0.0511714,0.179901,0.135036,0.115033,0.0606013,0.103065	-0.0446488,0.0271734,0.00818649,0.0868548,0.0305762,0.0687771,-0.0994946,0.0390871,0.114877,0.0103147,0.0919681,0.069867,0.000981562,0.0730993,-0.0350737,-0.0420131,0.0804565,-0.0221141,0.00303112,0.0299504
0.718953,0.76655,0.734286,0.690354,0.732651,0.74736,0.649697,0.685528,0.613755,0.669457,0.62638,0.72717,0.593305,0.697196,0.878158,0.763495,0.840051,0.552789,0.721561,0.782181	0.716648,0.765944,0.72152,0.710978,0.755212,0.74466,0.622921,0.706405,0.609573,0.666672,0.65603,0.715958,0.594409,0.681376,0.878468,0.760166,0.831284,0.562684,0.735823,0.791025	0.00475405,0.00146793,0.0271505,-0.0405049,-0.0505079,0.00608693,0.0449798,-0.0404797,0.00668249,0.0050313,-0.0503331,0.0233875,-0.00170433,0.0301356,-0.00135978,0.00793293,0.0290622,-0.0143629,-0.0304062,-0.0231964
0.567674,0.648272,0.49994,0.466935,0.429923,0.315389,0.413742,0.415364,0.297093,0.24588,0.272459,0.342974,0.27539,0.391315,0.474702,0.398378,0.417526,0.344996,0.356949,0.337571	0.607275,0.70155,0.492807,0.480971,0.480475,0.343029,0.454423,0.451234,0.331026,0.236797,0.278394,0.360984,0.333031,0.371597,0.45307,0.412436,0.413649,0.364819,0.337687,0.363531	-0.0604345,-0.0977213,0.00946472,-0.0181006,-0.0637136,-0.0309931,-0.0501008,-0.0441433,-0.0376344,0.0096444,-0.00642194,-0.0205548,-0.0634609,0.0230737,0.0275598,-0.0168224,0.00468576,-0.0226775,0.0219018,-0.0295917
0.610302,0.735114,0.557553,0.506939,0.551044,0.493375,0.474992,0.528355,0.411096,0.418272,0.394368,0.418512,0.366339,0.448402,0.535966,0.513342,0.599031,0.395752,0.506611,0.495365	0.650598,0.734639,0.539346,0.522046,0.606838,0.495274,0.496713,0.550308,0.41328,0.444459,0.385189,0.437918,0.388739,0.419212,0.520316,0.497341,0.612836,0.415943,0.494027,0.518068	-0.0668333,0.00103388,0.0260364,-0.0205434,-0.083824,-0.00251225,-0.0284285,-0.0309522,-0.00263107,-0.0321673,0.0108231,-0.0237613,-0.0261201,0.0359476,0.021702,0.0214862,-0.0218132,-0.0241699,0.0167861,-0.030541
-0.568143,-0.64273,-0.643739,-0.385437,-0.449852,-0.294134,-0.483305,-0.457082,-0.312299,-0.327554,-0.243007,-0.333465,-0.347175,-0.390169,-0.399991,-0.336227,-0.49363,-0.49528,-0.360833,-0.271312	-0.454829,-0.270534,-0.226099,0.00664651,-0.162401,-0.101721,-0.135125,-0.00919129,-0.0654634,-0.147325,-0.118935,-0.198132,-0.13042,-0.103214,-0.0519323,-0.0343476,-0.129309,-0.12442,-0.146125,-0.0752401	-0.152798,-0.450535,-0.488781,-0.391081,-0.310107,-0.198347,-0.372507,-0.449781,-0.251987,-0.189367,-0.127765,-0.144907,-0.227035,-0.298996,-0.355442,-0.305407,-0.389162,-0.395215,-0.226659,-0.200158
-0.561351,-0.62418,-0.651944,-0.367345,-0.456163,-0.330792,-0.485648,-0.455353,-0.304464,-0.320971,-0.260058,-0.313522,-0.358424,-0.370002,-0.393509,-0.353705,-0.496439,-0.49522,-0.356668,-0.274956	-0.441544,-0.227122,-0.206963,0.0152907,-0.166326,-0.158769,-0.121959,-0.0184241,-0.0256066,-0.163712,-0.139012,-0.170153,-0.127242,-0.0939939,-0.0443122,-0.0590781,-0.123105,-0.128466,-0.152211,-0.0728716	-0.159288,-0.462644,-0.514386,-0.380498,-0.313632,-0.181558,-0.386586,-0.440625,-0.281048,-0.165981,-0.125586,-0.151448,-0.242229,-0.285953,-0.355394,-0.300915,-0.397635,-0.391671,-0.216194,-0.206216
0.568014,0.633417,0.474487,0.483023,0.42104,0.325396,0.393668,0.439969,0.28647,0.253599,0.320329,0.327528,0.286274,0.369108,0.470282,0.389115,0.403616,0.301935,0.367043,0.326747	0.609484,0.687471,0.479999,0.476407,0.449712,0.355761,0.460861,0.455018,0.324337,0.247042,0.298016,0.35643,0.343612,0.365147,0.448237,0.406443,0.408431,0.311785,0.334328,0.344242	-0.0634293,-0.0957486,-0.00713808,0.00859346,-0.0353687,-0.0343406,-0.0820849,-0.0188148,-0.041746,0.0069953,0.0246682,-0.0327223,-0.063594,0.00457735,0.0279323,-0.0205829,-0.00576594,-0.010874,0.0372912,-0.019712
0.615953,0.738529,0.506547,0.506371,0.545618,0.489252,0.479658,0.551553,0.405329,0.412921,0.406533,0.398545,0.361065,0.418872,0.531208,0.506603,0.59766,0.430705,0.490167,0.475507	0.658309,0.738658,0.501148,0.500598,0.579553,0.493844,0.528561,0.552539,0.411624,0.442091,0.368276,0.429044,0.382561,0.405759,0.515171,0.493922,0.620481,0.441078,0.463781,0.489359	-0.0712442,-0.000283205,0.00723581,0.00773375,-0.0496285,-0.00605477,-0.065512,-0.00141783,-0.00755593,-0.0356846,0.0449933,-0.0367897,-0.0249405,0.015797,0.0220782,0.0169133,-0.0362727,-0.0128065,0.0341489,-0.0180528
-0.565664,-0.653721,-0.650473,-0.368336,-0.435421,-0.298426,-0.485123,-0.460424,-0.320474,-0.326256,-0.24038,-0.337147,-0.337361,-0.388329,-0.400802,-0.342459,-0.498456,-0.481441,-0.341368,-0.263256	-0.451417,-0.291208,-0.23514,0.0145279,-0.155928,-0.104443,-0.120769,-0.0267611,-0.0711231,-0.14087,-0.136943,-0.194056,-0.116478,-0.0905087,-0.0515934,-0.0410372,-0.128297,-0.115055,-0.130935,-0.0729901	-0.153424,-0.44775,-0.49033,-0.380826,-0.29985,-0.200224,-0.387029,-0.439073,-0.255167,-0.194317,-0.106958,-0.153108,-0.229917,-0.308669,-0.356582,-0.305718,-0.395449,-0.387871,-0.220279,-0.193993
-0.555822,-0.634288,-0.663047,-0.352029,-0.438927,-0.336291,-0.480568,-0.460905,-0.315665,-0.312034,-0.254717,-0.315631,-0.351241,-0.363833,-0.393002,-0.363372,-0.499018,-0.47645,-0.33785,-0.265449	-0.434222,-0.246853,-0.226361,0.0195516,-0.155014,-0.163686,-0.0973375,-0.0391801,-0.0357095,-0.148174,-0.153498,-0.164056,-0.116616,-0.0751817,-0.0423933,-0.0710883,-0.118815,-0.110983,-0.138325,-0.0687165	-0.160284,-0.45936,-0.513802,-0.36904,-0.30464,-0.182659,-0.402036,-0.42948,-0.283148,-0.171804,-0.105337,-0.159853,-0.244646,-0.296769,-0.356549,-0.300034,-0.404167,-0.38587,-0.209306,-0.200388
0.549503,0.681063,0.466975,0.456568,0.427795,0.372712,0.413685,0.44437,0.370763,0.2307,0.293833,0.312075,0.314966,0.379515,0.42388,0.376465,0.361865,0.305064,0.310977,0.309775	0.549513,0.627793,0.456122,0.457484,0.432409,0.347422,0.39461,0.430528,0.33799,0.265326,0.279038,0.313183,0.27938,0.370441,0.429808,0.346751,0.37901,0.305298,0.318055,0.305551	-1.4249e-05,0.0930582,0.0137904,-0.00115792,-0.00566144,0.0290518,0.0227969,0.017116,0.0374679,-0.0368835,0.016117,-0.00122781,0.0390202,0.010559,-0.00724828,0.0341761,-0.0198695,-0.00025819,-0.00785499,0.0046661
-0.494583,-0.593573,-0.626222,-0.381577,-0.375584,-0.279838,-0.438911,-0.43851,-0.319752,-0.275079,-0.208588,-0.256205,-0.275178,-0.381683,-0.398928,-0.318354,-0.460891,-0.477635,-0.355833,-0.249864	-0.3808,-0.200881,-0.180779,0.000604113,-0.0938298,-0.105265,-0.0987115,-0.00459352,-0.100694,-0.0711196,-0.0838955,-0.121198,-0.086172,-0.0809816,-0.0314853,-0.0252311,-0.0762044,-0.114697,-0.122066,-0.0706405	-0.140185,-0.445855,-0.502308,-0.382093,-0.292046,-0.179871,-0.355607,-0.434792,-0.226346,-0.208029,-0.126914,-0.139333,-0.193596,-0.310293,-0.372117,-0.295496,-0.398689,-0.383974,-0.244382,-0.182444
-0.490807,-0.580045,-0.636205,-0.366758,-0.38418,-0.303281,-0.441294,-0.435737,-0.29815,-0.282358,-0.211759,-0.23967,-0.288614,-0.364962,-0.396481,-0.334597,-0.457964,-0.478479,-0.352501,-0.249817	-0.370698,-0.167437,-0.162519,0.00391357,-0.0986093,-0.146488,-0.084304,-0.00876667,-0.0457955,-0.105114,-0.0880575,-0.0972265,-0.0851969,-0.0760842,-0.0285867,-0.0500787,-0.0595702,-0.117494,-0.129919,-0.0637221	-0.146822,-0.456991,-0.528311,-0.37014,-0.296816,-0.164083,-0.370784,-0.428607,-0.255847,-0.182665,-0.126052,-0.145842,-0.208545,-0.297129,-0.372112,-0.289367,-0.409567,-0.382487,-0.233265,-0.189105
-0.541335,-0.628184,-0.635189,-0.392072,-0.394127,-0.295381,-0.453019,-0.45367,-0.345402,-0.30196,-0.251448,-0.300355,-0.339859,-0.40557,-0.411465,-0.336329,-0.478149,-0.480579,-0.376578,-0.257025	-0.437989,-0.238216,-0.197937,-0.0133663,-0.123708,-0.105593,-0.104739,-0.017572,-0.107266,-0.132679,-0.121159,-0.173416,-0.136481,-0.105496,-0.056057,-0.0200274,-0.114517,-0.120504,-0.15592,-0.0750798	-0.135465,-0.458593,-0.500132,-0.3807,-0.28428,-0.195898,-0.365628,-0.439603,-0.247298,-0.176346,-0.134383,-0.133914,-0.21327,-0.313488,-0.3638,-0.318446,-0.384696,-0.382209,-0.234422,-0.185525
-0.535283,-0.608362,-0.643112,-0.373379,-0.400939,-0.320168,-0.451347,-0.451287,-0.319171,-0.296646,-0.258237,-0.279034,-0.369835,-0.382946,-0.407029,-0.352367,-0.476871,-0.48133,-0.376221,-0.255537	-0.425708,-0.193177,-0.174592,-0.00543804,-0.126326,-0.148783,-0.0837848,-0.0224757,-0.0469226,-0.151009,-0.129813,-0.143841,-0.159102,-0.0918367,-0.0504674,-0.0443631,-0.102134,-0.124602,-0.166776,-0.0656444	-0.141914,-0.470477,-0.527781,-0.36869,-0.289263,-0.179957,-0.382008,-0.433205,-0.276387,-0.152467,-0.132878,-0.140846,-0.223908,-0.30172,-0.36404,-0.312895,-0.393923,-0.379488,-0.223466,-0.193132
0.862767,0.718096,0.779471,0.837942,0.814722,0.834868,0.805445,0.806436,0.674655,0.766165,0.74957,0.807799,0.746385,0.868447,0.796505,0.816603,0.809649,0.815906,0.87806,0.826914	0.872985,0.723175,0.844448,0.811072,0.830425,0.817872,0.828432,0.794999,0.718827,0.724861,0.750293,0.815588,0.770714,0.843523,0.795483,0.807661,0.825235,0.817676,0.860014,0.838429	-0.0414012,-0.0105658,-0.190115,0.0838698,-0.0485505,0.0535826,-0.0690829,0.0318687,-0.0857643,0.0928939,-0.00165337,-0.0228324,-0.0572767,0.0931924,0.00278913,0.0262625,-0.046968,-0.00531685,0.0736992,-0.0375475
-0.0101258,0.24798,0.536387,0.656056,0.511173,0.549557,0.448365,0.487318,0.309436,0.51373,0.60075,0.580852,0.488503,0.615719,0.729794,0.744512,0.781844,0.713164,0.718163,0.768054	0.250217,0.217785,0.752894,0.711291,0.516479,0.527483,0.427123,0.508538,0.508855,0.541701,0.635414,0.600108,0.533598,0.6508,0.71891,0.749845,0.834917,0.778173,0.701022,0.7746	-0.259685,0.0319188,-0.36317,-0.103563,-0.00720909,0.0310854,0.0262745,-0.0282102,-0.236687,-0.038756,-0.0560661,-0.0295599,-0.060995,-0.0585369,0.0228968,-0.0120711,-0.152848,-0.146074,0.0345201,-0.0161594
-0.249482,0.145978,-0.0638117,0.0446347,0.00322757,-0.0858026,-0.0294851,0.00102021,0.00635674,-0.0927459,-0.00678341,-0.0781717,0.13462,-0.0480354,-0.00511775,0.0260204,-0.00233172,0.0103163,-0.0384636,-0.0723679	-0.230431,-0.63361,-0.581861,-0.455134,-0.447527,-0.404495,-0.581094,-0.591364,-0.398913,-0.381092,-0.281655,-0.365248,-0.326821,-0.488106,-0.453475,-0.278948,-0.450509,-0.416158,-0.323773,-0.337529	-0.0202127,0.713586,0.538026,0.489818,0.450105,0.330151,0.561225,0.592027,0.404245,0.298911,0.275398,0.295514,0.441995,0.450637,0.449401,0.302771,0.448648,0.424651,0.288907,0.2718
-0.276363,0.150874,-0.0723394,0.0458898,0.0262339,-0.0656781,-0.0310257,0.0198449,0.0184073,-0.0771487,-0.0115835,-0.0690144,0.117459,-0.014155,-0.00523846,0.0299348,0.0111108,0.00799431,-0.0298558,-0.0734062	-0.248323,-0.634894,-0.58798,-0.442099,-0.421737,-0.400221,-0.585744,-0.578492,-0.397042,-0.374336,-0.262824,-0.362622,-0.341843,-0.472127,-0.452512,-0.282377,-0.450208,-0.404309,-0.306873,-0.332973	-0.0301064,0.717079,0.538547,0.478286,0.443069,0.343574,0.564986,0.591546,0.412435,0.306025,0.252008,0.301144,0.441572,0.461054,0.448336,0.309694,0.459023,0.410975,0.279579,0.26607
-0.218894,0.143536,-0.0931047,0.0601144,0.0369495,-0.0520892,-0.0280908,0.0148597,-0.0292601,-0.0218838,0.0303447,-0.0382881,0.106801,-0.0262772,0.0142618,0.0199778,0.0339603,0.00939037,-0.00515514,-0.0452389	-0.185745,-0.611345,-0.602057,-0.436814,-0.396557,-0.368197,-0.55199,-0.571005,-0.396592,-0.320219,-0.239645,-0.316214,-0.297082,-0.473487,-0.449656,-0.279879,-0.424982,-0.396261,-0.309591,-0.301169	-0.0345548,0.693984,0.539175,0.484213,0.427246,0.322289,0.53215,0.580935,0.371645,0.300441,0.268041,0.281332,0.391463,0.452844,0.460962,0.298189,0.452413,0.404147,0.304923,0.259465
-0.273721,0.161655,-0.080229,0.0443472,0.0265982,-0.061195,-0.0114363,-0.0095476,-0.0232649,-0.0621967,-0.0110359,-0.066203,0.107831,-0.0551571,0.0199679,0.0401995,0.00716778,0.00824576,-0.034192,-0.04743	-0.221997,-0.62803,-0.596747,-0.448907,-0.400445,-0.387854,-0.554781,-0.590271,-0.421885,-0.335151,-0.298006,-0.347769,-0.332112,-0.49784,-0.44595,-0.28818,-0.432813,-0.401895,-0.321607,-0.308035	-0.0550699,0.716903,0.542491,0.483626,0.422543,0.3346,0.546814,0.584014,0.402571,0.278766,0.287917,0.288202,0.424732,0.455182,0.461805,0.324619,0.43862,0.408786,0.290611,0.264469
0.243993,0.0100495,0.0584781,0.138168,-0.0201301,0.105823,0.0332335,-0.104749,0.0566763,0.0663787,0.0833078,0.0780205,-0.115857,0.175049,-0.0050009,-0.0076376,0.123159,-0.0267412,0.0588926,0.120788	0.212921,-0.0231555,0.157099,0.0301291,-0.0485339,0.01188,-0.0485605,-0.256799,-0.0637601,0.0478995,0.0047132,0.0361254,-0.153376,0.0806364,-0.0645456,0.0387233,0.137924,0.0381265,0.0122408,0.0353242	0.0327752,0.0331972,-0.0995354,0.10849,0.0284316,0.0940611,0.0816622,0.156253,0.120003,0.0185382,0.0786255,0.0420135,0.0381977,0.0957639,0.0595639,-0.0463472,-0.0150204,-0.0648017,0.0466854,0.0858298
0.25251,-0.00288886,-0.0203737,0.113592,-0.030356,0.0767286,0.00770062,-0.0998941,0.0254766,0.0171419,0.0565415,0.0858334,-0.0959164,0.182302,-0.0428731,0.0128193,0.121503,-0.00537995,0.0664329,0.109926	0.233287,-0.0240468,0.156179,-0.00836313,-0.0358735,-0.0145782,-0.052022,-0.258142,-0.0521441,-0.0349726,0.002241,0.0276523,-0.127212,0.0667961,-0.0960709,0.0495591,0.156184,0.0624352,-0.00181046,0.0307571	0.0204263,0.0211594,-0.175992,0.12184,0.00552349,0.0912048,0.0596987,0.162437,0.0775178,0.0520833,0.0543073,0.0583195,0.0316818,0.11693,0.0534178,-0.0367632,-0.0353513,-0.0677924,0.0682351,0.0794374
0.389429,0.174177,-0.171668,-0.0503277,0.0336943,-0.085842,-0.0684194,-0.0646993,0.0944552,-0.114941,-0.0605298,-0.0765511,0.129789,-0.0743955,-0.0181047,0.0129185,0.00980198,0.0124825,-0.0562668,-0.0785477	0.0846883,-0.593357,-0.684554,-0.531433,-0.423072,-0.389243,-0.599676,-0.623061,-0.436149,-0.418112,-0.341436,-0.372504,-0.363412,-0.517957,-0.459598,-0.289859,-0.463555,-0.446983,-0.32883,-0.346926	0.315134,0.69564,0.581185,0.494327,0.450346,0.313889,0.553987,0.581816,0.50961,0.318477,0.286835,0.30464,0.470986,0.461338,0.445198,0.301648,0.471216,0.456916,0.277701,0.275897
0.361224,0.176191,-0.173307,-0.0394874,0.0407204,-0.0738456,-0.0530931,-0.0536376,0.0874189,-0.0785954,-0.07087,-0.0707544,0.125162,-0.0336578,-0.0191584,0.0277508,0.0217288,0.0103508,-0.0433,-0.0818239	0.0727419,-0.593164,-0.684971,-0.515066,-0.407478,-0.389789,-0.594071,-0.615106,-0.444342,-0.397733,-0.32803,-0.372574,-0.369808,-0.497555,-0.459138,-0.284931,-0.463693,-0.435889,-0.30775,-0.343953	0.296267,0.696557,0.580586,0.485452,0.440883,0.325307,0.558596,0.580625,0.511878,0.329436,0.263281,0.309991,0.473073,0.471798,0.443884,0.310229,0.48058,0.444235,0.268022,0.269719
0.33389,0.166283,-0.18019,-0.0225195,0.0605224,-0.0688412,-0.0548912,-0.0430837,0.0482948,-0.0203474,0.00411915,-0.0345039,0.0929422,-0.0458925,0.0108673,0.0225263,0.0409554,0.0151683,-0.0150677,-0.0482745	0.0570381,-0.574813,-0.693779,-0.508493,-0.378139,-0.366048,-0.562688,-0.601636,-0.444699,-0.342008,-0.277779,-0.32276,-0.338594,-0.499699,-0.448295,-0.277916,-0.441302,-0.423277,-0.307081,-0.308066	0.282227,0.676441,0.586967,0.491603,0.428847,0.30489,0.523981,0.573416,0.482629,0.323915,0.281576,0.291503,0.41837,0.464457,0.456937,0.298573,0.473696,0.435648,0.29337,0.263713
0.346574,0.186672,-0.175869,-0.0373943,0.0465643,-0.0781221,-0.0297219,-0.0806942,0.0415158,-0.0896796,-0.0528354,-0.070804,0.129663,-0.0769754,0.0172407,0.042459,0.022324,0.0144735,-0.0478275,-0.0515362	0.0958295,-0.587077,-0.693332,-0.518419,-0.383356,-0.385093,-0.559711,-0.626466,-0.47428,-0.376626,-0.348198,-0.360603,-0.351269,-0.523907,-0.445074,-0.28681,-0.444274,-0.429247,-0.323005,-0.315667	0.259358,0.697328,0.589323,0.490534,0.422381,0.316492,0.538955,0.574831,0.505836,0.296977,0.300898,0.297392,0.459981,0.465713,0.458795,0.325308,0.462016,0.440981,0.279496,0.268499
-0.170001,0.156444,0.296256,0.143182,0.00590578,0.198578,0.00965097,-0.15547,0.180072,0.0701507,0.11035,0.0988342,-0.193836,0.280423,-0.0102414,0.0503969,0.165607,0.0357753,0.0695227,0.145887	-0.375007,0.148435,0.23083,-0.0031535,-0.0266465,0.120131,-0.056377,-0.313401,-0.0969879,0.0286563,0.00509742,0.042539,-0.255809,0.152937,-0.0632374,0.0941702,0.140487,0.0573478,0.0351404,0.0545675	0.218966,0.00819906,0.0702283,0.14627,0.0325472,0.0803645,0.0659921,0.166021,0.272304,0.0415781,0.105312,0.0565329,0.0652068,0.133198,0.0530303,-0.0439821,0.025718,-0.0216169,0.0344666,0.0920523
-0.149893,0.19807,0.226112,0.124661,-0.0193827,0.163174,0.0172773,-0.134733,0.192684,0.0914505,0.067165,0.0872689,-0.193082,0.278335,-0.0292941,0.0843357,0.163426,0.0511776,0.072785,0.130437	-0.353678,0.204686,0.253713,-0.0351398,-0.0286939,0.0873165,-0.028393,-0.301854,-0.0542984,0.0118654,-0.0127312,0.0155502,-0.248698,0.129611,-0.0767406,0.118469,0.158311,0.0748673,0.0167327,0.0457219	0.215193,-0.00689606,-0.0292807,0.159104,0.00931641,0.0769536,0.0456478,0.174206,0.244425,0.0796715,0.0798279,0.0718162,0.0584214,0.15429,0.0475534,-0.0344777,0.00525103,-0.0237808,0.0561207,0.0852238
0.682123,0.825572,0.734306,0.696638,0.742039,0.761232,0.650906,0.687034,0.623368,0.689366,0.650413,0.741766,0.630894,0.705651,0.880654,0.763401,0.847888,0.560878,0.725773,0.783385	0.70056,0.816411,0.7238,0.718292,0.766622,0.746372,0.641931,0.7119,0.614381,0.686236,0.681348,0.736809,0.628412,0.692943,0.885039,0.755185,0.836552,0.576975,0.74264,0.791071	-0.0353106,0.0280995,0.0224231,-0.0433415,-0.0570182,0.0344094,0.0154161,-0.0486706,0.0145652,0.00594049,-0.055554,0.0109298,0.00411207,0.0248682,-0.0198791,0.0194009,0.0389954,-0.0237993,-0.0365875,-0.0202114
0.541033,0.697381,0.49785,0.475296,0.438703,0.327459,0.415949,0.424247,0.289521,0.264565,0.305392,0.366765,0.317284,0.399741,0.483175,0.393186,0.436436,0.357011,0.36433,0.334427	0.564304,0.781783,0.493146,0.496394,0.498762,0.348982,0.481037,0.461882,0.345581,0.28851,0.324497,0.400928,0.393319,0.397283,0.474572,0.397357,0.436773,0.382218,0.355177,0.362598	-0.0334986,-0.185581,0.00623411,-0.0276126,-0.0768814,-0.0243005,-0.0813688,-0.0468068,-0.0622922,-0.0259234,-0.0212068,-0.0400525,-0.0868763,0.00292242,0.0111616,-0.00494237,-0.000416083,-0.0291898,0.0105134,-0.0320586
0.562272,0.787674,0.559094,0.51978,0.558073,0.505478,0.475467,0.538362,0.419047,0.439028,0.441573,0.452426,0.417381,0.459831,0.546905,0.512461,0.612982,0.416712,0.506389,0.496134	0.624612,0.795242,0.538763,0.534471,0.621749,0.501366,0.521369,0.557619,0.424182,0.484179,0.421358,0.472438,0.440269,0.443032,0.538164,0.482725,0.629737,0.430902,0.510592,0.516267	-0.0960863,-0.0202585,0.0290955,-0.0203412,-0.0975091,0.00550715,-0.0610314,-0.0275178,-0.00624488,-0.0573388,0.0248359,-0.025452,-0.028041,0.0210969,0.012387,0.0395109,-0.0272882,-0.0172957,-0.00566915,-0.0270642
-0.451712,-0.632939,-0.700017,-0.397306,-0.511089,-0.352737,-0.574268,-0.501638,-0.36019,-0.361394,-0.256904,-0.380859,-0.410422,-0.441781,-0.415868,-0.385606,-0.508145,-0.515423,-0.354421,-0.279742	-0.479885,0.106837,-0.261211,0.0399709,-0.133679,-0.0935776,-0.0982088,0.0214307,-0.0513087,-0.0813097,-0.051759,-0.140337,-0.0433715,-0.0713984,-0.0123347,-0.05852,-0.0796814,-0.0945861,-0.118916,-0.0748992	0.035971,-0.69292,-0.536997,-0.430441,-0.405086,-0.268006,-0.504513,-0.517505,-0.314697,-0.288564,-0.20791,-0.254104,-0.373703,-0.382446,-0.405614,-0.334637,-0.446544,-0.442406,-0.245867,-0.209227
-0.447381,-0.623698,-0.718179,-0.381578,-0.522468,-0.401727,-0.576217,-0.500752,-0.356082,-0.35511,-0.292411,-0.348488,-0.412186,-0.422651,-0.413224,-0.4023,-0.515216,-0.514279,-0.34383,-0.281163	-0.470148,0.170155,-0.247304,0.048455,-0.139203,-0.156798,-0.0820351,0.011021,-0.00956813,-0.0997105,-0.0744043,-0.110539,-0.0377949,-0.0622597,-0.00469741,-0.0848264,-0.0729364,-0.0988648,-0.124508,-0.0724738	0.0288315,-0.717688,-0.572568,-0.422227,-0.413326,-0.261394,-0.518701,-0.508964,-0.347698,-0.264775,-0.222855,-0.247482,-0.380316,-0.370131,-0.409321,-0.328691,-0.459549,-0.437667,-0.229131,-0.21303
0.548054,0.683391,0.472596,0.491041,0.431377,0.335091,0.400026,0.449295,0.27803,0.272146,0.352041,0.352367,0.327845,0.378069,0.47969,0.383319,0.422764,0.315997,0.374614,0.323542	0.553379,0.777474,0.478294,0.490273,0.467718,0.37124,0.474018,0.461985,0.342558,0.299495,0.341554,0.391325,0.407446,0.388323,0.466404,0.395403,0.434556,0.325167,0.349339,0.344387	-0.00764329,-0.200739,-0.00736206,0.00101149,-0.045526,-0.0412849,-0.0913053,-0.0160137,-0.071321,-0.0297763,0.0119202,-0.0451891,-0.0918727,-0.0120183,0.0171151,-0.0142428,-0.0144466,-0.0102197,0.0290814,-0.023459
0.576372,0.788132,0.50807,0.519685,0.554621,0.498236,0.484385,0.562755,0.41192,0.433926,0.454945,0.433454,0.412201,0.431265,0.543118,0.504506,0.610848,0.45254,0.490565,0.476404	0.620315,0.804868,0.498354,0.51233,0.594675,0.509032,0.539711,0.556906,0.42594,0.482618,0.403903,0.458386,0.437756,0.427499,0.529711,0.482893,0.639369,0.450814,0.478125,0.488886	-0.0683981,-0.0457711,0.0130103,0.0100238,-0.0597652,-0.0144655,-0.0749092,0.00851881,-0.0170033,-0.0615901,0.0625326,-0.0311135,-0.0311808,0.00461704,0.0188218,0.0285743,-0.0467982,0.00216881,0.0162523,-0.0162719
-0.454432,-0.640426,-0.706381,-0.38109,-0.497729,-0.353467,-0.577569,-0.507843,-0.366467,-0.360399,-0.253342,-0.38516,-0.401903,-0.438932,-0.41731,-0.391289,-0.512186,-0.502768,-0.33645,-0.271353	-0.488871,0.0975313,-0.274002,0.0462566,-0.128809,-0.0836424,-0.103832,-0.00306138,-0.0518495,-0.0728014,-0.0715778,-0.141268,-0.0230454,-0.0609375,-0.0167392,-0.0601722,-0.074382,-0.0928117,-0.106825,-0.0714915	0.0442744,-0.694573,-0.536151,-0.419944,-0.394193,-0.278045,-0.503959,-0.505568,-0.320711,-0.295347,-0.185121,-0.257926,-0.3824,-0.388383,-0.403388,-0.339101,-0.455144,-0.430023,-0.238185,-0.203816
-0.446548,-0.630681,-0.728244,-0.366908,-0.506753,-0.403163,-0.572676,-0.509054,-0.36426,-0.346557,-0.286111,-0.351994,-0.406485,-0.41565,-0.413281,-0.411366,-0.516838,-0.497363,-0.326349,-0.271092	-0.475952,0.161426,-0.271824,0.0509572,-0.128999,-0.149176,-0.0764082,-0.0168143,-0.0147032,-0.0813124,-0.0907547,-0.109762,-0.0213413,-0.0453198,-0.00751723,-0.0920274,-0.064102,-0.0887183,-0.113783,-0.0670774	0.0373398,-0.718915,-0.569069,-0.410196,-0.404176,-0.27024,-0.518977,-0.496489,-0.351439,-0.272936,-0.200564,-0.251967,-0.388514,-0.37744,-0.407028,-0.331904,-0.468249,-0.427509,-0.220763,-0.207793
0.488192,0.758307,0.468041,0.473832,0.43926,0.382158,0.421638,0.456722,0.381929,0.266726,0.348988,0.352485,0.374838,0.394632,0.440839,0.371979,0.384319,0.328739,0.315734,0.311342	0.525483,0.682049,0.452718,0.467196,0.44227,0.357177,0.402212,0.438515,0.329522,0.286899,0.310222,0.338359,0.32152,0.380554,0.44067,0.338939,0.400247,0.317811,0.328915,0.30243	-0.0501596,0.15795,0.0194435,0.00852227,-0.00373602,0.0289298,0.0233926,0.0227673,0.0599522,-0.0218444,0.0434729,0.0160394,0.0606241,0.0165654,0.000208999,0.0378055,-0.018823,0.0122029,-0.014708,0.00983855
-0.362849,-0.602636,-0.685557,-0.394594,-0.447321,-0.339206,-0.540563,-0.485726,-0.375862,-0.317537,-0.225992,-0.317828,-0.348978,-0.437309,-0.417576,-0.367355,-0.476016,-0.497136,-0.351587,-0.25837	-0.405318,0.130091,-0.216879,0.0250383,-0.0722467,-0.0914904,-0.0890921,0.0234377,-0.11278,-0.0360438,-0.0290559,-0.0786218,-0.0172958,-0.0674916,-0.00587381,-0.0375592,-0.029848,-0.0909064,-0.104697,-0.0724876	0.0497919,-0.679459,-0.550533,-0.415527,-0.3876,-0.255649,-0.474314,-0.503432,-0.274728,-0.284752,-0.198238,-0.245337,-0.333697,-0.381064,-0.412714,-0.33441,-0.452598,-0.425457,-0.256325,-0.18943
-0.361774,-0.59704,-0.705946,-0.382913,-0.462046,-0.375072,-0.542841,-0.484082,-0.358674,-0.324029,-0.249004,-0.286423,-0.350904,-0.421535,-0.419026,-0.381571,-0.478183,-0.497469,-0.341594,-0.255718	-0.398018,0.180743,-0.203267,0.0282181,-0.0782899,-0.137795,-0.0721853,0.0187352,-0.0553596,-0.0719507,-0.0345563,-0.0528564,-0.0150352,-0.0625848,-0.00292638,-0.0635805,-0.0119102,-0.0937602,-0.111959,-0.0653889	0.0423399,-0.702026,-0.586896,-0.406736,-0.398159,-0.250209,-0.48985,-0.498298,-0.309459,-0.258096,-0.216309,-0.237157,-0.33765,-0.368676,-0.416611,-0.325897,-0.468943,-0.423461,-0.238767,-0.193565
-0.424339,-0.622696,-0.691685,-0.402916,-0.464465,-0.352341,-0.554855,-0.499816,-0.396836,-0.342028,-0.26271,-0.356123,-0.406994,-0.459377,-0.428709,-0.384543,-0.492839,-0.498632,-0.373279,-0.264844	-0.477156,0.136841,-0.228605,0.0197546,-0.103042,-0.091599,-0.0958268,0.015958,-0.0991153,-0.085921,-0.0426211,-0.118349,-0.0510007,-0.0879077,-0.0242019,-0.02841,-0.0681236,-0.0834856,-0.144726,-0.072283	0.0662251,-0.699898,-0.550056,-0.419333,-0.37959,-0.269437,-0.484806,-0.511693,-0.30991,-0.263861,-0.222581,-0.248237,-0.363539,-0.387101,-0.408748,-0.360067,-0.43947,-0.433179,-0.241605,-0.196319
-0.420708,-0.612439,-0.710527,-0.387162,-0.476986,-0.389332,-0.553393,-0.498452,-0.373327,-0.33655,-0.288664,-0.321418,-0.42515,-0.438229,-0.428171,-0.399543,-0.496335,-0.498578,-0.36603,-0.261322	-0.468257,0.201385,-0.209803,0.0273619,-0.106842,-0.139889,-0.0712057,0.0103691,-0.0352047,-0.105753,-0.0535002,-0.0862946,-0.0743633,-0.0738148,-0.0185807,-0.0541799,-0.0550551,-0.0879009,-0.154477,-0.0627922	0.0592153,-0.72447,-0.588444,-0.410178,-0.390021,-0.263811,-0.501967,-0.506205,-0.342625,-0.239314,-0.238852,-0.241831,-0.36224,-0.376597,-0.412875,-0.353005,-0.453677,-0.4295,-0.224231,-0.201842
0.877836,0.654909,0.727621,0.831331,0.779284,0.810381,0.757392,0.783691,0.637274,0.748712,0.722416,0.796653,0.724066,0.854027,0.781149,0.801902,0.793605,0.804521,0.882797,0.82705	0.89089,0.670748,0.842423,0.80923,0.812913,0.812377,0.786393,0.774763,0.695941,0.701996,0.752553,0.773984,0.734619,0.8275,0.789053,0.78672,0.821525,0.8071,0.852715,0.834134	-0.0598949,-0.0282473,-0.29662,0.0675318,-0.0917543,-0.00584292,-0.0717158,0.0227287,-0.105421,0.0984726,-0.0660399,0.0591256,-0.022544,0.0904471,-0.0206026,0.0411298,-0.0802216,-0.00735318,0.121678,-0.0228426
0.610821,0.0475317,-0.232077,-0.225466,0.0551643,-0.00542852,-0.0612483,-0.115983,0.127009,-0.0301565,-0.112781,0.00400948,-0.0229548,-0.0567522,-0.0388496,-0.0437273,0.0476488,0.00478255,-0.0538783,-0.0186113	0.0722858,-0.688174,-0.893484,-0.866074,-0.722178,-0.728463,-0.786274,-0.822868,-0.633036,-0.72432,-0.768941,-0.745898,-0.708776,-0.830125,-0.861319,-0.842981,-0.892241,-0.855773,-0.82512,-0.853149	0.563411,0.712403,0.834433,0.796054,0.747561,0.725905,0.761708,0.781468,0.703485,0.709665,0.718467,0.747672,0.697164,0.811609,0.850943,0.829842,0.901561,0.857048,0.807124,0.848003
0.616913,0.0463732,-0.21671,-0.201545,0.0275181,-0.0199841,-0.0350985,-0.127943,0.0992649,0.00545356,-0.123961,-0.00288998,0.00113849,-0.0431435,-0.0417242,-0.00666987,0.0409561,0.00558394,-0.0408441,-0.0268419	0.0620015,-0.688735,-0.891912,-0.857106,-0.720623,-0.733748,-0.782231,-0.820853,-0.646269,-0.713775,-0.762939,-0.750739,-0.711504,-0.822934,-0.861946,-0.836576,-0.894361,-0.849779,-0.816254,-0.853908	0.576981,0.712356,0.836978,0.792454,0.733594,0.724386,0.768224,0.77422,0.70059,0.71644,0.705721,0.749475,0.712066,0.808496,0.850821,0.834563,0.902267,0.851323,0.802153,0.846468
0.527987,0.0392199,-0.171498,-0.196832,0.0436881,-0.0330263,-0.0431155,-0.102841,0.113918,0.00473009,-0.0557944,0.00825531,-0.0353889,-0.0424809,-0.0100352,0.00942172,0.0237885,0.0161661,-0.0288511,-0.00896846	0.0524243,-0.674406,-0.887454,-0.856095,-0.703924,-0.718005,-0.766822,-0.813759,-0.630357,-0.690856,-0.737764,-0.728283,-0.699181,-0.821977,-0.855849,-0.833815,-0.887495,-0.847414,-0.814581,-0.843616	0.489101,0.695237,0.844483,0.792866,0.725307,0.701616,0.748452,0.775847,0.69441,0.69332,0.711247,0.732137,0.680634,0.807699,0.853141,0.836664,0.892442,0.85191,0.804641,0.84101
0.599766,0.0466592,-0.192872,-0.194472,0.0372359,-0.0346664,-0.0298588,-0.125347,0.0944137,-0.0429552,-0.086533,-0.00827783,0.0271475,-0.046883,-0.00830455,0.00881326,0.0579156,0.0174552,-0.0398592,-0.0125689	0.0784647,-0.686467,-0.889516,-0.858678,-0.706991,-0.727985,-0.767634,-0.824517,-0.651961,-0.709689,-0.765758,-0.741368,-0.696255,-0.831031,-0.856208,-0.837154,-0.885932,-0.847801,-0.81701,-0.844531	0.547045,0.710373,0.840913,0.797356,0.725137,0.711269,0.755083,0.779759,0.703096,0.687698,0.727427,0.737616,0.709983,0.815938,0.853976,0.839772,0.897783,0.852638,0.803311,0.840888
-0.450574,0.179965,0.541277,0.00509724,0.0468541,0.179552,-0.0388242,-0.0858835,0.1736,0.000667956,0.0560039,0.0448936,-0.122838,0.230181,-0.0152071,0.185613,0.16882,0.191654,0.0334014,0.0917129	-0.454815,-0.107666,-0.375528,-0.669721,-0.52287,-0.43032,-0.484835,-0.666771,-0.393528,-0.499133,-0.593815,-0.555629,-0.634817,-0.482513,-0.737844,-0.69017,-0.740277,-0.673314,-0.700398,-0.733661	0.00533446,0.282164,0.761932,0.672523,0.556101,0.566131,0.454567,0.616172,0.530861,0.499634,0.628904,0.585908,0.55528,0.641451,0.730837,0.776331,0.808105,0.766107,0.717025,0.773339
-0.438312,0.244644,0.587703,0.0223845,0.0191222,0.16269,0.0159734,-0.0562805,0.239733,0.130031,0.0208573,0.00359992,-0.157485,0.213753,0.0414829,0.228843,0.168063,0.17126,0.0212856,0.0729227	-0.429923,-0.0587181,-0.36738,-0.683158,-0.528195,-0.453251,-0.458308,-0.655806,-0.3573,-0.495211,-0.604815,-0.580945,-0.638888,-0.505073,-0.737658,-0.675454,-0.73425,-0.671138,-0.708338,-0.734648	-0.0103376,0.299066,0.785488,0.694915,0.541845,0.573641,0.470834,0.622501,0.549928,0.587417,0.617878,0.583325,0.535259,0.648783,0.756007,0.783231,0.803198,0.755555,0.718786,0.766507
0.761483,0.811146,0.744896,0.687091,0.725533,0.765468,0.654662,0.671572,0.617176,0.708311,0.657297,0.752736,0.608251,0.704446,0.877729,0.754628,0.844912,0.55351,0.722546,0.799957	0.744288,0.804271,0.72863,0.710596,0.769265,0.769658,0.644889,0.70817,0.61874,0.720038,0.683061,0.756909,0.588885,0.718172,0.882002,0.749961,0.84357,0.567687,0.746938,0.805871	0.0396888,0.0197776,0.0355727,-0.0459298,-0.0989689,-0.0101985,0.0169127,-0.069787,-0.0025297,-0.0239328,-0.0467575,-0.00969853,0.030174,-0.0277797,-0.0189175,0.0107528,0.00467158,-0.0206728,-0.0529908,-0.0166429
0.602918,0.676659,0.52309,0.450182,0.41733,0.351068,0.423144,0.412784,0.311572,0.270604,0.282259,0.382991,0.266688,0.40725,0.471356,0.389003,0.41736,0.351271,0.359643,0.353317	0.65929,0.764387,0.500088,0.484014,0.505936,0.402086,0.487616,0.459099,0.337855,0.358482,0.337743,0.454633,0.323105,0.421625,0.478263,0.387553,0.445736,0.375929,0.38245,0.406092	-0.0935639,-0.181718,0.0311514,-0.0432584,-0.112321,-0.0594036,-0.0812332,-0.0571437,-0.0293744,-0.0973185,-0.0613301,-0.0867462,-0.0617368,-0.017356,-0.00891639,0.00170723,-0.0348612,-0.0284097,-0.0264449,-0.0616165
0.66325,0.767413,0.577259,0.506513,0.54272,0.523364,0.47349,0.535036,0.436716,0.462506,0.449503,0.480592,0.379548,0.484524,0.534286,0.495394,0.610271,0.409225,0.51893,0.509308	0.682829,0.784569,0.546715,0.521271,0.62629,0.541122,0.531231,0.547063,0.416524,0.534611,0.425173,0.511972,0.379676,0.46205,0.545636,0.478605,0.634622,0.421816,0.527774,0.55291	-0.0357854,-0.0431129,0.0446289,-0.0200519,-0.126601,-0.0247736,-0.0771465,-0.0170039,0.0246821,-0.0957906,0.0300785,-0.0416215,-0.000149714,0.0289571,-0.0160216,0.0220077,-0.039743,-0.0152183,-0.0121789,-0.0606936
-0.588511,-0.660834,-0.724883,-0.490206,-0.512432,-0.411987,-0.590385,-0.45254,-0.408742,-0.386853,-0.325983,-0.439664,-0.358256,-0.542248,-0.410235,-0.383783,-0.568297,-0.498637,-0.39684,-0.366559	-0.328419,-0.0339169,-0.21858,-0.00172421,-0.140542,-0.013283,-0.074396,0.0191091,-0.0621594,0.0109147,-0.0492541,-0.0756186,-0.158373,-0.0337249,-0.00746526,-0.0858805,-0.0824637,-0.101962,-0.0879015,-0.0071993	-0.322406,-0.641291,-0.601628,-0.488895,-0.400751,-0.400898,-0.539693,-0.467606,-0.355618,-0.396095,-0.281244,-0.376565,-0.211905,-0.517996,-0.404007,-0.308056,-0.509721,-0.417922,-0.320105,-0.36031
-0.588438,-0.648311,-0.706476,-0.462047,-0.517607,-0.431518,-0.579038,-0.45271,-0.384241,-0.344729,-0.339394,-0.411457,-0.374088,-0.530788,-0.386216,-0.41145,-0.575198,-0.514971,-0.392428,-0.360846	-0.313056,0.0227244,-0.182212,0.00834108,-0.144878,-0.078462,-0.0555771,0.00940475,-0.016514,-0.00854248,-0.0720889,-0.0415839,-0.155843,-0.0243,8.56897e-05,-0.112236,-0.0754824,-0.109545,-0.0951846,-0.00436938	-0.337566,-0.661293,-0.601723,-0.468582,-0.402946,-0.365428,-0.540867,-0.460156,-0.370076,-0.33718,-0.274009,-0.376312,-0.231756,-0.513106,-0.386289,-0.3137,-0.522397,-0.429665,-0.308778,-0.357039
0.598496,0.661952,0.499755,0.465519,0.414494,0.363568,0.409389,0.442224,0.301644,0.27984,0.325533,0.372085,0.274163,0.392545,0.467329,0.380562,0.405123,0.309844,0.371401,0.342634	0.671114,0.756917,0.492904,0.475673,0.460534,0.410754,0.484091,0.451817,0.326384,0.356855,0.356688,0.439676,0.349812,0.393123,0.469714,0.383649,0.434927,0.320216,0.370126,0.389537	-0.121365,-0.190326,0.00909029,-0.0130422,-0.0569018,-0.0554694,-0.0931654,-0.0119884,-0.0274415,-0.0855591,-0.0352476,-0.0808115,-0.0836732,-0.000684032,-0.00305563,-0.0036153,-0.0361787,-0.0115139,0.00147821,-0.0541272
0.661241,0.768127,0.529667,0.503533,0.544134,0.523014,0.482789,0.56405,0.431768,0.46143,0.460963,0.46666,0.369784,0.464439,0.530071,0.487514,0.610359,0.443974,0.504298,0.489595	0.697522,0.792157,0.515367,0.494485,0.585011,0.53652,0.551019,0.539133,0.410055,0.522319,0.410916,0.493948,0.38893,0.428186,0.536897,0.475398,0.63611,0.442566,0.488633,0.52707	-0.0673396,-0.0613749,0.0196704,0.0120476,-0.0599658,-0.0187745,-0.0929593,0.0358051,0.0263843,-0.0802237,0.0617424,-0.0354625,-0.0223625,0.0452526,-0.00954073,0.0157712,-0.0420944,0.00175243,0.0207866,-0.0505081
-0.588581,-0.669403,-0.730336,-0.474933,-0.505279,-0.414753,-0.595668,-0.458038,-0.417646,-0.389108,-0.324123,-0.445063,-0.346288,-0.548166,-0.410967,-0.390917,-0.575868,-0.484219,-0.38254,-0.358616	-0.315986,-0.0485865,-0.224612,0.00385211,-0.158905,-0.0238746,-0.0799875,-0.019076,-0.0748023,0.00400235,-0.0660892,-0.0864402,-0.125723,-0.0576996,-0.0116841,-0.0917357,-0.0918516,-0.0975336,-0.0839811,-0.00224874	-0.334877,-0.641686,-0.604964,-0.477911,-0.376613,-0.394787,-0.54148,-0.442831,-0.353899,-0.392499,-0.263682,-0.372971,-0.230605,-0.506486,-0.40121,-0.310309,-0.511047,-0.405852,-0.308469,-0.356655
-0.586411,-0.656477,-0.717747,-0.448599,-0.507334,-0.435472,-0.577515,-0.460903,-0.396607,-0.342444,-0.335561,-0.41476,-0.364792,-0.532231,-0.38506,-0.422011,-0.581102,-0.493608,-0.378812,-0.351873	-0.295965,0.00867905,-0.200796,0.00974141,-0.157424,-0.0908627,-0.0493403,-0.0314487,-0.0340827,-0.00518597,-0.0853603,-0.0500976,-0.126184,-0.0398803,-0.00253489,-0.123673,-0.081539,-0.0957004,-0.0927079,0.00276981	-0.351441,-0.661387,-0.604,-0.456347,-0.380282,-0.358807,-0.543666,-0.43577,-0.367491,-0.337858,-0.257579,-0.3724,-0.250122,-0.503028,-0.382899,-0.314766,-0.524411,-0.417636,-0.296517,-0.354298
0.61659,0.732191,0.486845,0.459623,0.433565,0.415969,0.422324,0.460427,0.394347,0.310153,0.363787,0.398005,0.323939,0.423626,0.429655,0.351541,0.385903,0.322693,0.339862,0.33918	0.580129,0.662259,0.479486,0.440144,0.428012,0.383245,0.415008,0.426495,0.347327,0.293843,0.2851,0.358526,0.267551,0.387238,0.434037,0.336655,0.381254,0.31089,0.325715,0.3283	0.0567665,0.135765,0.00960049,0.0244184,0.00681774,0.0389293,0.00887017,0.0422223,0.054482,0.0179463,0.0877928,0.0460498,0.061739,0.0435281,-0.00538662,0.0168843,0.00545105,0.0131191,0.0159086,0.0122435
-0.533248,-0.628361,-0.699159,-0.489203,-0.451991,-0.401974,-0.556922,-0.433954,-0.413632,-0.361422,-0.302035,-0.37787,-0.283771,-0.542631,-0.422011,-0.365762,-0.543939,-0.47976,-0.402509,-0.34853	-0.268697,-0.00927914,-0.132413,-0.0341253,-0.110277,-0.044816,-0.0659326,0.00922341,-0.091964,-0.0151564,-0.0626869,-0.0456386,-0.109943,-0.0522386,-0.0194247,-0.0590672,-0.0685536,-0.0975183,-0.107935,-0.0337053	-0.308796,-0.622713,-0.624567,-0.462804,-0.359639,-0.363711,-0.509706,-0.441411,-0.334388,-0.348173,-0.243967,-0.338061,-0.179426,-0.504699,-0.405914,-0.313467,-0.493799,-0.401003,-0.307952,-0.318567
-0.537252,-0.619729,-0.68265,-0.464773,-0.459078,-0.411657,-0.545152,-0.433669,-0.37745,-0.330337,-0.302968,-0.350921,-0.302904,-0.534281,-0.401693,-0.392914,-0.545245,-0.494875,-0.399415,-0.337988	-0.257115,0.0346723,-0.100708,-0.0295222,-0.115113,-0.0913065,-0.0465892,0.00499631,-0.0299008,-0.050584,-0.0676197,-0.0174263,-0.10971,-0.0476044,-0.0161112,-0.0855673,-0.0504138,-0.102541,-0.116945,-0.0256345	-0.325037,-0.640635,-0.624904,-0.441306,-0.363157,-0.332862,-0.511556,-0.437717,-0.351517,-0.284507,-0.240271,-0.335547,-0.199834,-0.499378,-0.388093,-0.31804,-0.508817,-0.413307,-0.29631,-0.315083
-0.56711,-0.653557,-0.712366,-0.494909,-0.470097,-0.41449,-0.576832,-0.445495,-0.432015,-0.378893,-0.329529,-0.410535,-0.347163,-0.55727,-0.433982,-0.385417,-0.556845,-0.479079,-0.419889,-0.352931	-0.300054,-0.0195899,-0.162633,-0.024162,-0.132521,-0.0363999,-0.0899593,0.0226318,-0.0823042,-0.0253299,-0.034882,-0.0610976,-0.142247,-0.0457218,-0.0433331,-0.0717223,-0.0806716,-0.0885742,-0.121963,-0.0307071	-0.321817,-0.642189,-0.621767,-0.476445,-0.360004,-0.383881,-0.51352,-0.463454,-0.362604,-0.356989,-0.298074,-0.358428,-0.215561,-0.524923,-0.398136,-0.322612,-0.49857,-0.40781,-0.314006,-0.325754
-0.568239,-0.639499,-0.693354,-0.467526,-0.475717,-0.42421,-0.56055,-0.446071,-0.390519,-0.337268,-0.333498,-0.381104,-0.383788,-0.544345,-0.411384,-0.412509,-0.559452,-0.493912,-0.419267,-0.341513	-0.285396,0.0380698,-0.122587,-0.0147458,-0.135118,-0.0852701,-0.0620453,0.0174335,-0.0145379,-0.0447256,-0.0454266,-0.0256317,-0.166639,-0.0304515,-0.036791,-0.0979373,-0.0668736,-0.094947,-0.134282,-0.0196899	-0.337592,-0.661465,-0.623786,-0.455924,-0.363996,-0.35166,-0.516467,-0.459928,-0.378127,-0.297023,-0.292503,-0.358979,-0.231986,-0.522556,-0.38035,-0.327815,-0.511723,-0.418595,-0.301986,-0.324002
0.847719,0.655087,0.788812,0.81893,0.7946,0.799816,0.772635,0.804985,0.65092,0.758594,0.721547,0.777746,0.745374,0.81461,0.799131,0.786588,0.75722,0.80349,0.872932,0.809192	0.877546,0.654722,0.770243,0.75939,0.812671,0.762591,0.768288,0.803199,0.671176,0.643009,0.71797,0.765431,0.779488,0.792852,0.758098,0.803116,0.786836,0.838465,0.851896,0.801982	-0.116474,0.000639427,0.047319,0.157466,-0.0510119,0.0954332,0.0106964,0.0050532,-0.0359716,0.225655,0.00742181,0.0304304,-0.081419,0.0614374,0.104097,-0.0448801,-0.0732713,-0.107186,0.0820575,0.0205374
0.548366,0.790678,0.752152,0.703067,0.732512,0.771242,0.661085,0.6843,0.592086,0.710503,0.67409,0.756871,0.606703,0.706884,0.88058,0.749556,0.844427,0.551484,0.721427,0.803309	0.524428,0.783336,0.740004,0.731944,0.763817,0.768545,0.662245,0.715754,0.577017,0.739304,0.692407,0.758014,0.599179,0.724736,0.884172,0.75581,0.841703,0.565884,0.749368,0.807029	0.033601,0.0192872,0.0273961,-0.059491,-0.0710675,0.00662145,-0.00206234,-0.0616494,0.0228885,-0.0606698,-0.03435,-0.00268154,0.0118212,-0.0366035,-0.0162202,-0.0144278,0.00941897,-0.0209322,-0.0608227,-0.0105778
0.372467,0.660297,0.533668,0.476686,0.41343,0.364036,0.434704,0.42983,0.26819,0.273687,0.291155,0.383521,0.281055,0.414917,0.472836,0.383725,0.414344,0.3473,0.364055,0.354981	0.325817,0.741833,0.526898,0.517863,0.499056,0.400944,0.506673,0.48016,0.287139,0.38153,0.369868,0.457974,0.332105,0.433713,0.487482,0.397485,0.43835,0.374984,0.394699,0.410326	0.0530933,-0.159822,0.0094194,-0.0546746,-0.107885,-0.0432163,-0.0922976,-0.0634196,-0.0205297,-0.120417,-0.0882126,-0.0903162,-0.0563052,-0.0229211,-0.0190338,-0.0162363,-0.0293344,-0.0318294,-0.035787,-0.0647799
0.390832,0.746941,0.588914,0.531236,0.544123,0.540009,0.477716,0.552189,0.403556,0.483636,0.459812,0.48809,0.37225,0.492842,0.537034,0.488876,0.605899,0.405344,0.523627,0.511726	0.40333,0.76318,0.568798,0.555336,0.621363,0.542982,0.548453,0.561001,0.36535,0.550883,0.447739,0.514169,0.396772,0.473771,0.556741,0.487691,0.632785,0.421384,0.536621,0.556966	-0.0148365,-0.0377698,0.0302478,-0.0341848,-0.116695,-0.00420644,-0.0958499,-0.0127674,0.0448126,-0.0916714,0.0152027,-0.0348165,-0.0287721,0.0248797,-0.0281127,0.00155592,-0.043605,-0.0193446,-0.0180713,-0.0632741
-0.404961,-0.713632,-0.783779,-0.47331,-0.536896,-0.47035,-0.582002,-0.424817,-0.496055,-0.386846,-0.331778,-0.456318,-0.314501,-0.59252,-0.409393,-0.422368,-0.594475,-0.540129,-0.404039,-0.384382	-0.654068,-0.0857485,-0.143163,0.0968542,-0.176106,-0.0107475,-0.0386158,0.0732169,-0.152408,0.0277967,0.00474265,-0.0794599,-0.145603,-0.00832455,0.00453995,-0.0748321,-0.0994688,-0.110667,-0.0702423,-0.0016221	0.338863,-0.66881,-0.721583,-0.545173,-0.398466,-0.461937,-0.55588,-0.48301,-0.371752,-0.410232,-0.335992,-0.391037,-0.177003,-0.587091,-0.413165,-0.358879,-0.526117,-0.456765,-0.343547,-0.382999
-0.417797,-0.715938,-0.774269,-0.450529,-0.534675,-0.482445,-0.587328,-0.43159,-0.494964,-0.392413,-0.333206,-0.416477,-0.314185,-0.575414,-0.39523,-0.458186,-0.600866,-0.551335,-0.39663,-0.374824	-0.651577,-0.0262543,-0.101469,0.105283,-0.17913,-0.0787653,-0.0201578,0.0628773,-0.106368,0.00761717,-0.0185382,-0.0443214,-0.139781,0.00177451,0.0120179,-0.103012,-0.0924247,-0.117866,-0.0775924,0.00123712	0.321226,-0.702895,-0.730165,-0.530642,-0.393205,-0.419625,-0.573965,-0.481403,-0.410193,-0.398838,-0.316623,-0.379154,-0.182415,-0.5766,-0.405323,-0.372768,-0.538338,-0.463595,-0.329168,-0.375886
0.370808,0.644953,0.512594,0.492896,0.405911,0.376207,0.421084,0.457626,0.254997,0.285053,0.331009,0.371562,0.289906,0.400916,0.468981,0.378289,0.40223,0.305633,0.375836,0.343889	0.346445,0.734073,0.517969,0.504788,0.460991,0.416316,0.491824,0.476147,0.287885,0.364157,0.392441,0.444973,0.348678,0.401643,0.479826,0.386043,0.429062,0.318715,0.378497,0.395431	0.0279541,-0.16925,-0.00731753,-0.0158303,-0.0677589,-0.047557,-0.0892165,-0.023681,-0.0354928,-0.0882668,-0.0706031,-0.0879523,-0.0653815,-0.000867064,-0.0139946,-0.00907978,-0.0324285,-0.0144941,-0.00310298,-0.0596538
0.394829,0.748677,0.545021,0.531126,0.540114,0.538074,0.488923,0.578369,0.393602,0.487183,0.471755,0.473116,0.364351,0.473358,0.533053,0.484241,0.605304,0.4389,0.508809,0.491173	0.429818,0.772305,0.537077,0.525608,0.586779,0.543839,0.559033,0.555356,0.370077,0.525557,0.441241,0.498148,0.396493,0.436232,0.548953,0.47674,0.635,0.440667,0.493491,0.532405	-0.0421409,-0.0560175,0.0112318,0.007655,-0.0683163,-0.00815025,-0.09648,0.0339028,0.0275363,-0.0515807,0.038536,-0.0327506,-0.0375685,0.0467873,-0.0224768,0.00975328,-0.048236,-0.00219116,0.020454,-0.0558324
-0.408539,-0.719786,-0.787797,-0.460406,-0.527959,-0.46822,-0.588418,-0.428683,-0.499882,-0.392962,-0.330066,-0.459821,-0.305374,-0.600812,-0.40996,-0.430496,-0.600896,-0.525336,-0.390289,-0.375746	-0.653108,-0.100484,-0.157333,0.0929974,-0.179777,-0.0132333,-0.0599571,0.0407091,-0.146459,0.00102495,-0.00529094,-0.0864889,-0.125194,-0.0413282,0.00108634,-0.0928743,-0.107043,-0.105889,-0.0704527,0.00591404	0.333572,-0.667586,-0.719664,-0.530682,-0.384695,-0.457824,-0.547787,-0.461341,-0.381343,-0.393828,-0.325343,-0.388794,-0.187341,-0.573729,-0.410863,-0.351682,-0.527802,-0.444154,-0.32888,-0.380814
-0.417898,-0.721597,-0.782821,-0.439839,-0.52112,-0.481983,-0.585051,-0.437715,-0.502887,-0.395273,-0.329306,-0.41842,-0.308332,-0.578797,-0.393747,-0.469884,-0.605624,-0.528745,-0.383607,-0.365263	-0.648858,-0.0412204,-0.131365,0.0976489,-0.176293,-0.0829274,-0.0297656,0.0275462,-0.106101,-0.00865764,-0.024996,-0.049217,-0.123104,-0.0215348,0.0101026,-0.127207,-0.0965094,-0.102813,-0.0792572,0.0109555	0.316886,-0.701234,-0.726127,-0.515354,-0.379711,-0.41567,-0.565127,-0.459719,-0.419151,-0.387943,-0.306835,-0.376966,-0.192536,-0.564295,-0.40225,-0.364462,-0.540718,-0.450417,-0.313893,-0.374719
0.271742,0.710885,0.508086,0.490084,0.429551,0.42618,0.429543,0.482518,0.362061,0.337757,0.385826,0.405008,0.314243,0.433697,0.432844,0.349897,0.377472,0.318705,0.348813,0.342519	0.328682,0.646138,0.494825,0.47231,0.420731,0.392929,0.42817,0.441566,0.304005,0.297184,0.295777,0.357582,0.286775,0.3962,0.437735,0.33481,0.379418,0.307305,0.330953,0.330631	-0.0625241,0.119752,0.0177152,0.0231275,0.0107657,0.0399388,0.00168185,0.0520393,0.0652355,0.0450998,0.101649,0.0554572,0.0301894,0.0452772,-0.00603536,0.0170892,-0.00227122,0.0126378,0.0201909,0.0134062
-0.277976,-0.686715,-0.7649,-0.473495,-0.472736,-0.459241,-0.545936,-0.405082,-0.489997,-0.371039,-0.314311,-0.395029,-0.235092,-0.594559,-0.421972,-0.407086,-0.565761,-0.522244,-0.409422,-0.36621	-0.567302,-0.0504554,-0.068931,0.0505505,-0.136856,-0.027202,-0.0406206,0.0561446,-0.169073,-0.0184843,-0.0357587,-0.0508362,-0.0921725,-0.0356321,-0.0164212,-0.0643924,-0.0772758,-0.109563,-0.0985938,-0.0316177	0.343493,-0.659097,-0.734706,-0.511796,-0.359113,-0.437504,-0.516775,-0.45097,-0.349913,-0.354989,-0.281718,-0.351246,-0.146085,-0.571025,-0.40838,-0.351919,-0.510818,-0.437727,-0.323903,-0.338512
-0.29763,-0.694786,-0.756484,-0.454334,-0.470086,-0.462474,-0.549269,-0.411924,-0.478272,-0.39167,-0.30207,-0.354248,-0.237384,-0.580296,-0.411381,-0.443421,-0.56741,-0.532256,-0.403565,-0.352125	-0.567701,-0.00297609,-0.0309567,0.053573,-0.139988,-0.0764902,-0.0216474,0.0519097,-0.107647,-0.058371,-0.0403305,-0.0217729,-0.0894501,-0.0302119,-0.0132131,-0.093006,-0.0589073,-0.114124,-0.107547,-0.023323	0.32498,-0.693244,-0.742926,-0.495838,-0.353351,-0.400138,-0.53397,-0.454123,-0.390742,-0.341098,-0.264967,-0.335059,-0.151143,-0.5599,-0.400344,-0.365488,-0.526087,-0.445174,-0.309448,-0.331524
-0.359691,-0.706697,-0.776972,-0.479229,-0.492897,-0.470041,-0.567586,-0.415833,-0.505262,-0.381246,-0.337975,-0.425101,-0.308827,-0.606109,-0.433863,-0.426761,-0.582486,-0.521114,-0.427427,-0.370602	-0.633862,-0.0692189,-0.0940701,0.0599936,-0.157404,-0.0173829,-0.0725868,0.0802789,-0.148013,-0.00106463,0.00680664,-0.0578253,-0.153957,-0.0262203,-0.0411464,-0.0775234,-0.100251,-0.100422,-0.109204,-0.0274881	0.355141,-0.670265,-0.736751,-0.524153,-0.363711,-0.456387,-0.516269,-0.480085,-0.386125,-0.380335,-0.343991,-0.376531,-0.162601,-0.589253,-0.399855,-0.361187,-0.512141,-0.443923,-0.333804,-0.346645
-0.375117,-0.708017,-0.76648,-0.456815,-0.489718,-0.472683,-0.567251,-0.424072,-0.484679,-0.390677,-0.329589,-0.382959,-0.330753,-0.586044,-0.420969,-0.463215,-0.585066,-0.530219,-0.424214,-0.355692	-0.632299,-0.0077316,-0.0452733,0.0677593,-0.158566,-0.0692029,-0.0456609,0.0754782,-0.0776877,-0.0234801,-0.00418508,-0.0215119,-0.174721,-0.00941069,-0.034821,-0.106177,-0.0863553,-0.106205,-0.121651,-0.0161985	0.33715,-0.70414,-0.747134,-0.508824,-0.359033,-0.417124,-0.535459,-0.484056,-0.422916,-0.370597,-0.325854,-0.364449,-0.165603,-0.579831,-0.391892,-0.375507,-0.525248,-0.449316,-0.319026,-0.341461
0.891755,0.568815,0.706196,0.811642,0.798387,0.782022,0.758685,0.807892,0.562421,0.718992,0.731966,0.783706,0.77526,0.804757,0.794774,0.756044,0.741549,0.797469,0.874595,0.806244	0.923803,0.643137,0.716652,0.761084,0.795127,0.728121,0.798988,0.824545,0.638729,0.694751,0.705869,0.741437,0.784992,0.763581,0.777855,0.795831,0.772304,0.824141,0.847303,0.79179	-0.181887,-0.117195,-0.0211706,0.132256,0.00892667,0.125177,-0.102338,-0.0498809,-0.119088,0.0484375,0.0539936,0.100896,-0.0248629,0.106811,0.0443164,-0.0998864,-0.0719756,-0.0778145,0.105392,0.0399702
0.0153248,-0.0625189,-0.0564995,0.0329844,-0.0472824,0.0282004,-0.0315157,0.0465756,-0.0213278,0.0125915,0.0849724,-0.0376393,0.0157956,-0.0396357,-0.0334464,-0.0297188,-0.0580078,-0.0721335,0.026482,-0.0415819	-0.262697,-0.281475,-0.476725,-0.385406,-0.499279,-0.57425,-0.332071,-0.399667,-0.418939,-0.542524,-0.436744,-0.55877,-0.364815,-0.499745,-0.764766,-0.581796,-0.713094,-0.344917,-0.559215,-0.667029	0.276907,0.222878,0.431857,0.413138,0.462925,0.59285,0.303734,0.438088,0.401196,0.551349,0.503048,0.532326,0.37843,0.469407,0.750517,0.56179,0.683353,0.279744,0.57715,0.64329
0.0279818,0.0113236,-0.131365,-0.0115757,-0.0499307,-0.0066418,0.0202321,0.0380595,-0.0114512,-0.0194353,0.00570952,-0.0509806,-0.0159817,-0.0581041,-0.0366753,-0.0241593,0.000981173,0.0693242,-0.0518223,-0.0791461	-0.182866,-0.091438,-0.460753,-0.373707,-0.361866,-0.474754,-0.246468,-0.280077,-0.329535,-0.399225,-0.388791,-0.501537,-0.32682,-0.4749,-0.732478,-0.51843,-0.564145,-0.177276,-0.487025,-0.591062	0.209775,0.102655,0.350609,0.363704,0.317675,0.469593,0.265377,0.314781,0.319289,0.38276,0.393627,0.462379,0.31247,0.428623,0.71501,0.50054,0.564814,0.243606,0.446471,0.537039
-0.00204076,-0.0468303,-0.0452671,0.0547901,0.0639465,-0.0117889,-0.02479,0.0133669,-0.0143132,0.0114919,0.0176345,-0.0119848,0.0261586,-0.00832222,0.00378522,-0.0226811,-0.0239391,0.0228048,0.0628334,0.0291356	-0.801887,-0.820236,-0.776994,-0.68713,-0.756309,-0.771107,-0.679698,-0.692877,-0.628376,-0.705454,-0.689416,-0.784695,-0.633527,-0.725129,-0.884496,-0.773752,-0.851235,-0.581134,-0.740781,-0.799528	0.801158,0.804301,0.758402,0.715001,0.782416,0.766284,0.666132,0.699763,0.619636,0.71118,0.698558,0.780046,0.648931,0.721158,0.885318,0.764487,0.844505,0.59604,0.767873,0.8098
0.00870776,-0.0454024,-0.060476,0.0489945,0.0736189,-0.0180601,-0.0101487,0.00806993,-0.020905,0.0310933,0.0240105,-0.00767484,0.0202042,0.00429244,0.00959989,-0.0344412,-0.0161452,0.0328982,0.0593454,0.0347932	-0.797445,-0.814745,-0.776855,-0.688293,-0.752175,-0.783166,-0.668922,-0.692477,-0.612294,-0.712638,-0.690433,-0.776718,-0.633276,-0.720781,-0.883928,-0.781536,-0.848749,-0.577832,-0.741346,-0.798015	0.800593,0.798895,0.751695,0.713235,0.782465,0.776083,0.663276,0.696654,0.599057,0.727609,0.702793,0.773655,0.645224,0.722837,0.88601,0.76776,0.844171,0.599337,0.766949,0.81031
-0.14825,-0.19328,-0.158464,-0.0944731,-0.220025,-0.164729,-0.109911,-0.144345,-0.070347,-0.23404,-0.129619,-0.149744,-0.0833254,-0.0943691,-0.179267,-0.214541,-0.367541,-0.129702,-0.27557,-0.271584	-0.0674666,-0.0581114,-0.0698472,-0.0311268,-0.0157886,0.0632721,-0.0391275,0.0267438,0.0544632,0.0202395,0.0134246,-0.0441185,0.000703992,-0.0240322,-0.0724077,-0.0925868,-0.0875879,-0.0590665,-0.0658309,-0.0633024	-0.0816,-0.136705,-0.0896083,-0.0635331,-0.204949,-0.22565,-0.0710888,-0.170431,-0.124334,-0.25308,-0.142795,-0.106328,-0.0840245,-0.0704968,-0.108265,-0.124426,-0.289265,-0.0711808,-0.213614,-0.211925
0.200704,0.21887,0.0372089,0.0113866,0.142687,0.0272684,0.0893157,0.0493244,0.000327903,0.0709113,0.0483441,0.121275,0.110487,0.000184152,-0.0037959,0.0265031,0.0452077,0.0299372,0.00765518,0.0345829	-0.655994,-0.675437,-0.545416,-0.46978,-0.452604,-0.380087,-0.449731,-0.419125,-0.354624,-0.277763,-0.325311,-0.405685,-0.318255,-0.430393,-0.479324,-0.41151,-0.439307,-0.390901,-0.415927,-0.377261	0.757027,0.779126,0.571036,0.478607,0.559179,0.403176,0.518231,0.458961,0.354911,0.341939,0.367869,0.50225,0.414178,0.430543,0.476394,0.433288,0.47508,0.41597,0.422238,0.40654
0.194435,0.202128,0.0346254,0.00514128,0.140626,0.0446329,0.0894658,0.0541036,0.0156684,0.0563452,0.0673037,0.114908,0.107338,-0.00405612,-0.0090013,0.0256947,0.054662,0.0321985,0.00580944,0.0401515	-0.653743,-0.672685,-0.539183,-0.467295,-0.451283,-0.397891,-0.440822,-0.417393,-0.320184,-0.304255,-0.323488,-0.392368,-0.318397,-0.429202,-0.480164,-0.424666,-0.431184,-0.392975,-0.419462,-0.374085	0.752524,0.770103,0.563292,0.471304,0.556587,0.434802,0.510167,0.461084,0.334176,0.354523,0.382465,0.485392,0.411666,0.425888,0.473208,0.445499,0.474658,0.419861,0.424237,0.408107
0.0967571,0.0684559,0.00306226,-0.00337281,0.135789,-0.00370051,0.0639808,0.0215048,-0.0453138,0.0540447,-0.0134798,0.0591794,0.0207025,-0.0402225,-0.0261829,-0.00390925,0.0413505,0.0259427,-0.0283196,0.0304536	-0.717513,-0.769538,-0.608982,-0.518491,-0.578571,-0.543651,-0.510161,-0.535196,-0.469399,-0.477403,-0.468434,-0.509654,-0.439779,-0.501053,-0.552605,-0.523896,-0.628416,-0.443015,-0.570448,-0.526224	0.76141,0.796058,0.610905,0.516021,0.662325,0.541039,0.555994,0.550367,0.433302,0.518081,0.457845,0.552179,0.456327,0.470309,0.534151,0.521053,0.652803,0.463629,0.55103,0.547898
0.094537,0.0684867,0.00741438,-0.00461531,0.136752,0.01462,0.0721287,0.0262905,-0.0220555,0.0546103,0.00173958,0.061566,-0.0103017,-0.0345607,-0.0288543,-0.00385312,0.0486806,0.0263501,-0.0347566,0.041145	-0.713867,-0.762722,-0.601094,-0.514153,-0.575978,-0.555985,-0.497929,-0.532972,-0.434769,-0.492383,-0.467975,-0.494672,-0.454126,-0.49482,-0.553819,-0.53492,-0.623182,-0.445709,-0.575155,-0.52174	0.757297,0.789945,0.605808,0.51075,0.66069,0.566004,0.550294,0.551535,0.416709,0.53267,0.469332,0.539799,0.445911,0.468267,0.53349,0.532163,0.65208,0.466579,0.551421,0.551055
0.921157,0.873224,0.916874,0.884962,0.90303,0.893078,0.901728,0.898913,0.775241,0.826043,0.826211,0.860372,0.843678,0.910548,0.875453,0.900274,0.90254,0.911066,0.923213,0.878115	0.935209,0.904204,0.933707,0.892472,0.898775,0.841323,0.912843,0.891453,0.814592,0.808741,0.805032,0.88787,0.848443,0.916761,0.881833,0.877861,0.908577,0.906565,0.916042,0.880597	-0.101438,-0.147227,-0.116974,-0.0357313,0.0225859,0.208157,-0.0628478,0.03755,-0.106786,0.052122,0.0632433,-0.116467,-0.0167677,-0.0376022,-0.0279809,0.106888,-0.0335449,0.0258561,0.0464731,-0.0109448
-0.168597,-0.192722,-0.0726822,-0.0881253,-0.186639,-0.163086,-0.124006,-0.173764,-0.0620114,-0.22694,-0.138955,-0.120446,-0.0732696,-0.0581336,-0.168318,-0.201103,-0.361911,-0.172389,-0.252137,-0.23718	-0.0803914,-0.000772041,-0.0296414,-0.0536374,0.0172661,0.0463398,-0.0141904,-0.00825343,0.0700643,0.0119184,-0.0448972,-0.0216555,-0.0110667,0.00169268,-0.0612451,-0.0752522,-0.0590578,0.000363266,-0.0794624,-0.0409575	-0.0894172,-0.191978,-0.0431338,-0.0346517,-0.20325,-0.207855,-0.110009,-0.165749,-0.131504,-0.238214,-0.0946482,-0.0990486,-0.0622534,-0.0598204,-0.108188,-0.127785,-0.309467,-0.172742,-0.176205,-0.198148
0.20002,0.244003,0.0626374,-0.0245047,0.10606,0.0338657,0.106463,0.0414503,0.009929,0.0657268,0.0395053,0.126048,0.0954926,0.00492411,-0.0048975,0.0373998,0.0533259,0.0115239,-0.0254222,0.0225814	-0.655434,-0.656317,-0.520398,-0.48702,-0.447014,-0.391351,-0.434828,-0.439482,-0.34391,-0.286165,-0.363476,-0.392882,-0.332127,-0.410489,-0.474948,-0.400291,-0.42543,-0.352716,-0.429431,-0.368601	0.756303,0.776042,0.56463,0.468102,0.52804,0.419655,0.517342,0.472329,0.352635,0.345395,0.397277,0.494444,0.414474,0.414575,0.471147,0.431235,0.468135,0.362765,0.408468,0.387953
0.186082,0.226613,0.0690499,-0.0264219,0.0989614,0.0545962,0.0964126,0.049889,0.0299564,0.0402116,0.0552454,0.117424,0.0959109,-0.00636163,-0.0117892,0.042405,0.0598994,0.00612941,-0.0256073,0.0257605	-0.654623,-0.652878,-0.511487,-0.48331,-0.447487,-0.407406,-0.428637,-0.437216,-0.309243,-0.314088,-0.361802,-0.37942,-0.331036,-0.410802,-0.476221,-0.412293,-0.417966,-0.356401,-0.432776,-0.365931	0.749416,0.76614,0.560733,0.462798,0.523276,0.451949,0.504212,0.476707,0.336086,0.349881,0.408875,0.475653,0.413808,0.4055,0.467054,0.446885,0.466194,0.36174,0.411731,0.388033
0.0990583,0.111275,0.0309136,-0.0409976,0.0922968,0.00333746,0.0862291,0.0120439,-0.0340556,0.0465034,-0.0254933,0.0647164,0.00175118,-0.0336632,-0.0272572,0.00913441,0.0535884,0.00728927,-0.0653704,0.0155917	-0.721088,-0.765507,-0.560795,-0.520809,-0.577058,-0.541426,-0.519275,-0.555147,-0.461342,-0.474858,-0.477338,-0.493126,-0.441308,-0.475766,-0.54786,-0.512715,-0.627022,-0.475188,-0.559947,-0.509262	0.765469,0.807958,0.581625,0.49028,0.635507,0.543781,0.579554,0.563424,0.434107,0.510097,0.457411,0.54059,0.442717,0.449299,0.528495,0.519417,0.658485,0.480812,0.513368,0.520719
0.0881569,0.109721,0.0444114,-0.0377872,0.0870856,0.0252634,0.0831545,0.0210761,-0.00573303,0.0340321,-0.014388,0.0644928,-0.025142,-0.0358904,-0.0317579,0.0159779,0.0570823,-0.000925691,-0.0695954,0.0230856	-0.718946,-0.758435,-0.549871,-0.515403,-0.576634,-0.55161,-0.510475,-0.552592,-0.42635,-0.491375,-0.478862,-0.477427,-0.454397,-0.471284,-0.549364,-0.522047,-0.622765,-0.479407,-0.564221,-0.504689	0.758998,0.801461,0.580115,0.487103,0.631984,0.568945,0.569457,0.567064,0.421647,0.516765,0.467696,0.525732,0.434216,0.442884,0.526797,0.533574,0.656509,0.478694,0.514842,0.521696
0.919626,0.874655,0.92062,0.883312,0.90181,0.894072,0.895986,0.900873,0.782515,0.820915,0.826814,0.862947,0.847755,0.907442,0.875592,0.902609,0.901643,0.907368,0.923058,0.876372	0.937092,0.905739,0.931314,0.887922,0.901776,0.840289,0.913923,0.890728,0.817236,0.812806,0.808612,0.892136,0.849286,0.919237,0.883274,0.875494,0.909981,0.909349,0.91444,0.880886	-0.126359,-0.149594,-0.0749795,-0.0213755,0.000176804,0.21624,-0.099024,0.0513495,-0.0963153,0.0243682,0.0549189,-0.126834,-0.00546757,-0.0711219,-0.0339005,0.129262,-0.0464462,-0.0113296,0.0552714,-0.0197971
-0.104333,-0.151231,-0.0324249,-0.0142686,-0.0290291,-0.0303779,-0.028725,-0.0301248,-0.0437251,-0.0273347,-0.0607769,-0.0627075,-0.0913564,-0.0365408,-0.0192736,-0.0288886,-0.014219,-0.00528704,-0.0301227,-0.00926289	-0.70471,-0.741602,-0.535687,-0.463705,-0.487597,-0.43147,-0.460853,-0.456199,-0.42636,-0.32468,-0.384936,-0.433802,-0.400855,-0.435171,-0.45002,-0.389091,-0.418134,-0.362494,-0.403924,-0.3551	0.648022,0.664947,0.512158,0.45243,0.465151,0.406419,0.437925,0.432011,0.389904,0.300008,0.331924,0.381471,0.321263,0.405072,0.434515,0.364298,0.406331,0.357892,0.378406,0.346978
-0.0998327,-0.13478,-0.026321,-0.00931289,-0.0264036,-0.0323185,-0.0216145,-0.0309721,-0.038033,-0.0121578,-0.0665799,-0.0549115,-0.115485,-0.0273289,-0.0165769,-0.0280056,-0.0180701,-0.00704485,-0.0335786,-0.00618055	-0.699631,-0.731029,-0.526108,-0.458011,-0.484854,-0.450201,-0.448315,-0.458397,-0.392753,-0.337888,-0.390907,-0.414779,-0.415337,-0.427844,-0.449013,-0.401749,-0.414505,-0.366129,-0.410226,-0.34968	0.644838,0.661417,0.506806,0.450621,0.464395,0.424053,0.430875,0.433581,0.360099,0.327073,0.332994,0.368255,0.314959,0.405253,0.435679,0.377997,0.399427,0.360013,0.381908,0.344243
0.916921,0.865605,0.915232,0.886221,0.894977,0.887534,0.893732,0.894654,0.759367,0.827501,0.812232,0.851973,0.830626,0.911988,0.875218,0.893906,0.889609,0.906081,0.923044,0.87429	0.929024,0.89087,0.930752,0.889095,0.890409,0.847855,0.906175,0.891229,0.812741,0.793801,0.807158,0.877287,0.832585,0.91499,0.877654,0.87035,0.903752,0.903266,0.914359,0.881614	-0.0816937,-0.110393,-0.104763,-0.0135549,0.0224905,0.160317,-0.0654445,0.0169022,-0.139417,0.0982117,0.0147326,-0.100224,-0.00635307,-0.0181362,-0.0105044,0.106113,-0.0721549,0.0155053,0.0556702,-0.0319517
0.918675,0.86991,0.91445,0.884594,0.898011,0.890736,0.89397,0.895438,0.764604,0.824915,0.822984,0.855938,0.857317,0.912686,0.878025,0.897986,0.894331,0.90835,0.925996,0.872595	0.93237,0.901423,0.933795,0.89118,0.895246,0.850085,0.911204,0.891428,0.821006,0.806112,0.813087,0.886475,0.838155,0.922679,0.882662,0.875784,0.905037,0.90404,0.914595,0.882746	-0.0954617,-0.146002,-0.132416,-0.0311114,0.0141025,0.167426,-0.092952,0.019872,-0.151513,0.0561242,0.0299142,-0.126588,0.0680868,-0.0632934,-0.0206075,0.103962,-0.0561694,0.0241024,0.0744753,-0.0441887
