0.218698,0.248792,0.189919,0.0503241,0.0243026,0.132241,0.149418,0.163669,0.110768,0.17482,0.00850797,0.0885936,0.0252227,0.0305204,0.122722,0.109294,0.090933,0.0601299,0.0414941,0.0661868	-0.0923625,-0.0938161,-0.263905,-0.226381,-0.0815104,0.0846218,0.0946996,-0.0243243,-0.163574,-0.0636536,-0.264347,-0.179058,-0.361618,-0.23963,-0.251781,-0.23729,-0.141915,-0.278238,-0.296171,-0.139439	0.304902,0.334793,0.432163,0.273589,0.105604,0.0481583,0.0555041,0.187248,0.26946,0.235849,0.272243,0.263472,0.383344,0.268189,0.363278,0.337823,0.229881,0.3328,0.333566,0.203745
0.243783,0.263769,0.187089,0.0503855,0.0734604,0.141922,0.176806,0.184931,0.151957,0.18693,0.0233215,0.0940108,0.0163776,0.0147099,0.124593,0.127232,0.142002,0.0632456,0.0370302,0.0884537	-0.0460879,-0.0658198,-0.267314,-0.205564,-0.058247,0.104738,0.122877,-0.0138084,-0.165929,-0.0382294,-0.230791,-0.174841,-0.373051,-0.272237,-0.201739,-0.24905,-0.0836181,-0.28512,-0.269663,-0.124595	0.286651,0.323965,0.43276,0.253326,0.131146,0.0377456,0.0551269,0.198233,0.310068,0.223562,0.252752,0.264504,0.387064,0.285802,0.318331,0.364725,0.222973,0.342195,0.303661,0.210726
-0.216296,-0.0922583,-0.0282442,-0.0603443,-0.130783,-0.0299084,0.00561864,-0.00339754,-0.0604225,-0.0529718,-0.132352,-0.169164,-0.106563,-0.0623209,-0.0471534,-0.0391961,-0.0625965,-0.0643121,-0.0479325,-0.00277037	-0.681689,-0.614472,-0.613227,-0.555486,-0.429769,-0.364623,-0.341228,-0.460575,-0.376531,-0.533319,-0.546573,-0.580012,-0.528581,-0.475642,-0.504852,-0.413896,-0.469954,-0.499071,-0.516843,-0.314176	0.54588,0.553597,0.595293,0.512315,0.316792,0.338405,0.346183,0.457894,0.323467,0.494312,0.446523,0.455544,0.447208,0.425947,0.46886,0.380879,0.419704,0.449176,0.480822,0.311677
-0.215928,-0.0965023,-0.0349075,-0.06248,-0.127866,-0.021231,-0.00122184,0.000174852,-0.0605299,-0.0409735,-0.132626,-0.162233,-0.100269,-0.0520394,-0.0506194,-0.0400445,-0.0646657,-0.0515322,-0.0355874,-0.00118418	-0.676453,-0.622939,-0.624788,-0.564519,-0.426387,-0.359407,-0.327865,-0.457851,-0.37598,-0.523478,-0.543573,-0.579595,-0.529964,-0.485655,-0.511975,-0.415807,-0.465842,-0.493863,-0.503701,-0.323317	0.539298,0.560107,0.603033,0.520394,0.315735,0.340777,0.326774,0.457989,0.322796,0.493081,0.442875,0.460679,0.45381,0.444858,0.47363,0.382125,0.413636,0.453882,0.476658,0.322257
-0.186652,-0.0634806,0.00475851,-0.0266359,-0.113419,-0.0158204,-0.00554713,0.0163158,-0.0493356,-0.0517892,-0.116598,-0.146789,-0.0732638,-0.0632384,-0.0468132,-0.0403736,-0.0524744,-0.0365033,-0.021983,0.00625976	-0.670139,-0.593505,-0.575769,-0.531094,-0.416302,-0.366948,-0.337836,-0.442092,-0.363165,-0.521561,-0.541296,-0.580618,-0.516764,-0.47208,-0.52312,-0.424158,-0.456984,-0.477978,-0.490824,-0.31296	0.552609,0.550775,0.578941,0.511696,0.317893,0.353178,0.332912,0.455125,0.319555,0.482813,0.453309,0.474249,0.460952,0.421422,0.488264,0.390471,0.414448,0.449314,0.473955,0.318596
-0.215652,-0.10737,-0.0161099,-0.0335184,-0.112579,-0.00736939,-0.00860402,0.0190872,-0.0496402,-0.0433514,-0.130093,-0.164207,-0.0832128,-0.0608615,-0.0480144,-0.0385793,-0.0737998,-0.0652548,-0.0275923,0.00591655	-0.685572,-0.621651,-0.599554,-0.547501,-0.408703,-0.365983,-0.334513,-0.43314,-0.367089,-0.518851,-0.543224,-0.589849,-0.515657,-0.470031,-0.521649,-0.423711,-0.486443,-0.495174,-0.492121,-0.309996	0.551449,0.551062,0.589134,0.523592,0.310407,0.359583,0.32685,0.448519,0.32334,0.486441,0.444547,0.47129,0.451832,0.42122,0.485802,0.391531,0.428008,0.444275,0.470924,0.315334
0.105847,0.0987669,0.0943115,0.0218413,0.0692034,0.132105,-0.0143135,0.128162,0.0634228,0.10023,0.0522229,0.156132,0.0432553,0.0692964,0.0642639,0.0795017,0.12564,0.085371,0.0778335,0.0223128	-0.188323,-0.269984,-0.256815,-0.307488,-0.152127,-0.0703598,-0.037274,-0.130659,-0.25618,-0.160653,-0.217524,-0.173171,-0.339614,-0.226403,-0.324288,-0.212752,-0.139984,-0.28837,-0.264386,-0.258358	0.28842,0.359173,0.342823,0.327132,0.219024,0.2006,0.0229728,0.254559,0.314493,0.256749,0.266717,0.320634,0.377327,0.291131,0.380619,0.287393,0.261033,0.364761,0.335319,0.279062
0.136534,0.0943342,0.109214,0.0460091,0.0527025,0.155253,-0.00773926,0.114014,0.067577,0.0974527,0.0561262,0.165287,0.0499899,0.0601398,0.084639,0.077619,0.0924255,0.0854574,0.07051,0.0107244	-0.139826,-0.276452,-0.250198,-0.282598,-0.140424,-0.027707,-0.046921,-0.147736,-0.249601,-0.148128,-0.193581,-0.156359,-0.363337,-0.223696,-0.315388,-0.217396,-0.193079,-0.291404,-0.272876,-0.272271	0.271183,0.361362,0.349852,0.32439,0.191707,0.182177,0.039196,0.257414,0.311917,0.242086,0.247023,0.313543,0.405953,0.280068,0.389626,0.29012,0.280499,0.367704,0.336904,0.282172
0.425756,0.754786,0.662371,0.692461,0.660532,0.681594,0.646689,0.504737,0.485118,0.704026,0.654523,0.739512,0.709218,0.820061,0.682327,0.793438,0.662045,0.805437,0.690977,0.536724	0.463395,0.78087,0.662033,0.727617,0.630093,0.695891,0.648904,0.495576,0.428403,0.724436,0.691026,0.735305,0.689035,0.784207,0.766707,0.749029,0.689659,0.790539,0.741089,0.537921	-0.0468892,-0.0635243,0.000602092,-0.0708584,0.0521393,-0.0271958,-0.00381727,0.0122171,0.0715934,-0.0416545,-0.0666466,0.00922266,0.0394704,0.10046,-0.17695,0.109464,-0.0508156,0.0410119,-0.102705,-0.00168261
-0.175168,-0.10402,-0.0187533,-0.0506731,-0.172609,-0.042556,-0.0431406,-0.0234324,-0.140173,-0.00923619,0.063445,-0.0790983,-0.0647055,-0.033896,-0.0867454,-0.136872,-0.0968467,-0.025634,0.0941922,0.00505984	-0.551346,-0.46459,-0.331661,-0.38896,-0.388933,-0.340199,-0.338322,-0.359963,-0.232104,-0.371164,-0.211877,-0.364423,-0.189028,-0.260248,-0.280332,-0.218252,-0.339718,-0.216609,-0.168597,-0.13942	0.416393,0.378881,0.314866,0.345089,0.231892,0.302015,0.299553,0.339393,0.0950227,0.363173,0.27167,0.293794,0.125861,0.228367,0.198411,0.083886,0.251134,0.192042,0.258682,0.144378
-0.182213,-0.109084,-0.0185431,-0.0413692,-0.166261,-0.00496912,-0.0326229,-0.00940002,-0.136675,-0.0254695,0.0628851,-0.071875,-0.0641631,-0.0228634,-0.0781837,-0.135479,-0.0981179,-0.0456872,0.0840162,0.00966736	-0.548113,-0.47658,-0.345409,-0.395471,-0.381989,-0.313542,-0.312087,-0.34914,-0.228279,-0.376021,-0.20827,-0.362913,-0.194643,-0.272657,-0.280199,-0.217396,-0.33328,-0.235937,-0.165521,-0.150541	0.406499,0.387649,0.328973,0.359992,0.230357,0.309054,0.282339,0.340859,0.0945545,0.353941,0.26765,0.298832,0.13213,0.251361,0.20654,0.0844025,0.243113,0.192323,0.246115,0.159976
-0.110149,-0.053519,0.039787,-0.0234901,-0.16218,-0.00941078,-0.0202734,0.00883938,-0.101234,-0.0103557,0.0360642,-0.0626052,-0.0645115,-0.0285621,-0.0970608,-0.127557,-0.08782,-0.0107934,0.0799695,0.0108442	-0.516182,-0.420491,-0.248256,-0.359661,-0.380259,-0.328348,-0.308159,-0.329127,-0.190176,-0.355221,-0.235034,-0.366479,-0.194702,-0.249512,-0.311616,-0.221253,-0.322131,-0.194995,-0.15716,-0.140694	0.43051,0.375421,0.285226,0.339036,0.232412,0.319926,0.289695,0.336986,0.0906881,0.346138,0.268819,0.311009,0.131846,0.222536,0.221247,0.096417,0.241133,0.184591,0.234187,0.151307
-0.167242,-0.0974091,0.0237255,-0.0538542,-0.154467,-0.00164281,-0.042539,0.0342516,-0.129642,-0.0242204,0.0396297,-0.0816653,-0.0648351,-0.0534087,-0.0909667,-0.123399,-0.0973099,-0.0370942,0.0893543,0.0126754	-0.553332,-0.462519,-0.286972,-0.397874,-0.366741,-0.328913,-0.320842,-0.303877,-0.217191,-0.367127,-0.224612,-0.383293,-0.187361,-0.270838,-0.303775,-0.219487,-0.350422,-0.221263,-0.146436,-0.136358	0.425462,0.382335,0.308597,0.351552,0.225021,0.327447,0.282154,0.334645,0.0900856,0.345983,0.26191,0.311374,0.124032,0.22062,0.218856,0.0987626,0.262048,0.185693,0.232744,0.148777
0.0122613,0.171277,0.0442785,0.256049,0.192839,0.0733002,0.0344693,0.192808,0.056515,0.216935,0.0375293,0.235652,0.109917,0.129572,0.100229,0.0795884,0.157427,0.183445,0.214087,0.0442529	-0.00532987,0.0879457,0.164682,0.169915,0.0583476,-0.0767355,0.0648791,0.102993,-0.00646096,0.179689,0.0712739,0.176962,0.132224,0.110432,0.0562312,0.148066,0.130744,0.159035,0.230829,-0.0553232	0.01759,0.0846057,-0.121288,0.0900512,0.136022,0.149197,-0.030478,0.0916347,0.062953,0.0387574,-0.033835,0.0612434,-0.022636,0.0194177,0.0442475,-0.0692946,0.0272439,0.0251438,-0.0176129,0.0993329
0.0198594,0.161627,0.0141428,0.230169,0.204905,0.113897,0.0269255,0.209555,0.0769734,0.231199,0.0480561,0.220545,0.161198,0.101562,0.0835221,0.0891894,0.17689,0.176783,0.201684,0.0617473	0.0294982,0.0707704,0.125012,0.157345,0.101183,-0.0178889,0.0397944,0.111645,0.0203583,0.209984,0.106158,0.178006,0.140393,0.0939265,0.0351739,0.154868,0.11335,0.146191,0.211021,-0.0454104	-0.00964438,0.0919078,-0.111065,0.0755598,0.105918,0.131518,-0.0128827,0.100256,0.056704,0.0222967,-0.0583996,0.044277,0.021286,0.00770927,0.0484907,-0.0665986,0.0648404,0.0314036,-0.00975196,0.106858
-0.176414,-0.0981336,0.00734772,-0.0163668,-0.207174,-0.0722202,-0.0594815,-0.06472,-0.0955637,-0.0153948,0.0253418,-0.121449,-0.0611075,-0.0362001,-0.100324,-0.141758,-0.130238,-0.0348505,0.117966,-0.0201229	-0.565824,-0.471751,-0.309133,-0.379951,-0.403022,-0.37006,-0.353824,-0.382982,-0.149825,-0.385759,-0.266474,-0.391208,-0.1715,-0.242311,-0.337713,-0.195772,-0.378007,-0.216167,-0.17606,-0.165509	0.432592,0.391754,0.315764,0.365859,0.21369,0.306019,0.300671,0.326351,0.0550497,0.372577,0.289859,0.283215,0.111562,0.207935,0.245714,0.0555568,0.260598,0.182692,0.288043,0.145872
-0.180919,-0.106141,-0.0124419,-0.0177574,-0.195935,-0.0324275,-0.0281828,-0.062929,-0.0900363,-0.0524794,0.0287804,-0.118584,-0.0592969,-0.0216844,-0.0970845,-0.144474,-0.1417,-0.0550378,0.103015,0.0129909	-0.560642,-0.484594,-0.337999,-0.392783,-0.392177,-0.342031,-0.311707,-0.382043,-0.144222,-0.404563,-0.260741,-0.39236,-0.176094,-0.252604,-0.341815,-0.198546,-0.379373,-0.235816,-0.176804,-0.152292	0.422587,0.398974,0.326932,0.377659,0.212576,0.313076,0.286037,0.326975,0.0548991,0.359721,0.287365,0.287136,0.11803,0.232192,0.25313,0.0556685,0.251176,0.183156,0.274814,0.164956
-0.119984,-0.0507773,0.033871,0.0203484,-0.203909,-0.0390119,-0.00299575,0.00876745,-0.0714694,-0.0273772,0.0031712,-0.0883193,-0.0543369,-0.0298643,-0.103819,-0.127955,-0.123396,-0.0224775,0.0970465,0.00447348	-0.537035,-0.429483,-0.25192,-0.343558,-0.40082,-0.357327,-0.298557,-0.326251,-0.120474,-0.377628,-0.285158,-0.380136,-0.171042,-0.231238,-0.361412,-0.194474,-0.364081,-0.196655,-0.17072,-0.149869	0.445775,0.387149,0.283373,0.36138,0.214437,0.322815,0.295826,0.334063,0.0494305,0.35391,0.288068,0.301954,0.1178,0.202774,0.267634,0.0682161,0.252007,0.17495,0.263402,0.154239
-0.178904,-0.0987713,0.00854035,-0.0206858,-0.184437,-0.0274664,-0.0361223,0.0133636,-0.10034,-0.0495589,0.0140553,-0.106843,-0.0594942,-0.0604582,-0.113754,-0.133143,-0.148234,-0.0453815,0.103277,0.00925646	-0.573717,-0.473788,-0.295812,-0.389726,-0.377528,-0.355568,-0.318314,-0.315796,-0.148967,-0.395398,-0.269492,-0.396482,-0.168197,-0.258731,-0.366687,-0.201393,-0.401793,-0.22019,-0.16252,-0.143223	0.439971,0.393427,0.303585,0.372039,0.207543,0.331337,0.285474,0.327776,0.049365,0.352751,0.282477,0.302451,0.109802,0.201424,0.263943,0.0701302,0.269618,0.176573,0.26141,0.152277
0.129281,0.185884,0.032472,0.243894,0.16792,0.1247,0.0450139,0.24482,0.0957018,0.228717,-0.00857057,0.25337,0.0933432,0.0799839,0.129465,0.031753,0.241191,0.18309,0.252025,0.0191508	0.0790033,0.0831669,0.150542,0.130532,0.0553511,-0.0410721,0.0738234,0.159489,0.0809855,0.173832,-0.00427148,0.198277,0.131807,0.0886458,0.0210372,0.132292,0.189302,0.170997,0.225705,-0.0811408	0.050797,0.10433,-0.11865,0.11709,0.113625,0.164928,-0.0289056,0.0887981,0.0148312,0.0571578,-0.00429924,0.0580067,-0.0389431,-0.00872372,0.108724,-0.100963,0.0543713,0.0124847,0.0279077,0.100136
0.115336,0.175566,-0.0069896,0.233168,0.164727,0.183809,0.0284413,0.260219,0.0267789,0.278024,-0.0170157,0.248427,0.13821,0.0242906,0.135383,0.0415279,0.240504,0.172412,0.242947,0.0492669	0.0945349,0.0655554,0.100995,0.132386,0.084565,0.034806,0.0395662,0.167212,0.0200953,0.23821,0.00955703,0.209103,0.134442,0.0429767,0.0222893,0.138957,0.150831,0.153969,0.210095,-0.0591725	0.0210309,0.111291,-0.107908,0.103991,0.0812947,0.149963,-0.0111374,0.0972379,0.00668725,0.0426373,-0.0265684,0.0414786,0.0038392,-0.0187055,0.113436,-0.0979943,0.0930485,0.018946,0.0346197,0.108124
0.662609,0.715536,0.785969,0.724958,0.735648,0.664134,0.627582,0.794331,0.746103,0.731305,0.788927,0.714247,0.762074,0.734899,0.735338,0.73619,0.690955,0.6986,0.729521,0.625625	0.669795,0.695335,0.763945,0.699296,0.738865,0.669201,0.659075,0.796912,0.745985,0.740253,0.794044,0.714793,0.754681,0.702572,0.722559,0.736451,0.702246,0.693278,0.742419,0.604775	-0.0129202,0.0402047,0.0551205,0.0520493,-0.00704871,-0.00912152,-0.053708,-0.007035,0.000265498,-0.0195096,-0.0136976,-0.00111426,0.0173982,0.0668354,0.0272672,-0.000569383,-0.0219328,0.0103205,-0.0281372,0.0335399
0.368466,0.273883,0.333652,0.356086,0.467025,0.485972,0.298988,0.342842,0.342334,0.392504,0.400379,0.409536,0.329115,0.43115,0.486055,0.377245,0.280374,0.268625,0.446392,0.33976	0.368804,0.296975,0.399648,0.368008,0.468283,0.46877,0.320107,0.355707,0.349833,0.419341,0.404363,0.387162,0.324727,0.439834,0.449,0.359972,0.299156,0.281718,0.474734,0.330322	-0.000390578,-0.0251374,-0.0761507,-0.0137196,-0.00161048,0.0222765,-0.0233543,-0.0146514,-0.00851885,-0.0321234,-0.00475326,0.0265893,0.00491294,-0.0107158,0.0473983,0.0199866,-0.0205013,-0.0141646,-0.0359641,0.0106311
0.510247,0.530938,0.445017,0.438054,0.46206,0.455965,0.443932,0.425368,0.385591,0.509771,0.547065,0.55855,0.53339,0.472354,0.537856,0.51595,0.422267,0.495031,0.536031,0.365361	0.485544,0.525376,0.470218,0.422302,0.478152,0.426452,0.473443,0.449747,0.393444,0.529862,0.558116,0.532025,0.538493,0.479539,0.505297,0.495702,0.406148,0.50062,0.567729,0.359317	0.0328396,0.00771351,-0.03187,0.0193271,-0.020655,0.0366361,-0.0373637,-0.0301461,-0.00925665,-0.0275263,-0.0159074,0.0377408,-0.00715975,-0.00928971,0.0447103,0.0272059,0.0194558,-0.00743052,-0.0455652,0.0069581
-0.479363,-0.481326,-0.529895,-0.408953,-0.338303,-0.306178,-0.396731,-0.328094,-0.149838,-0.364882,-0.329308,-0.389511,-0.273161,-0.297875,-0.282195,-0.320587,-0.326327,-0.287818,-0.242241,-0.12967	-0.0814866,-0.198554,-0.19554,-0.151801,-0.215207,-0.130897,-0.0886754,-0.059435,-0.107363,-0.0350514,-0.044579,-0.161553,-0.13962,-0.0955891,-0.128983,-0.198324,-0.0971961,-0.124002,0.0150869,-0.0807349	-0.414049,-0.312651,-0.373005,-0.274173,-0.132762,-0.1826,-0.319288,-0.274002,-0.0431694,-0.334104,-0.288971,-0.243266,-0.138836,-0.208215,-0.159,-0.130565,-0.236636,-0.169879,-0.256391,-0.0494528
-0.48147,-0.462669,-0.517669,-0.419179,-0.335921,-0.322445,-0.41228,-0.308267,-0.180972,-0.351478,-0.344132,-0.415747,-0.264452,-0.275689,-0.281077,-0.323285,-0.27176,-0.300581,-0.219536,-0.135748	-0.0604307,-0.184208,-0.179952,-0.15978,-0.18828,-0.129115,-0.1283,-0.037576,-0.132133,-0.0106163,-0.0436332,-0.184206,-0.164434,-0.0600797,-0.131546,-0.20254,-0.0631026,-0.144657,0.034965,-0.0924527	-0.433657,-0.304405,-0.372409,-0.27802,-0.15761,-0.201729,-0.299841,-0.273863,-0.0500351,-0.342139,-0.30508,-0.250744,-0.104566,-0.21924,-0.155273,-0.129205,-0.212298,-0.163012,-0.252562,-0.043846
0.334185,0.285607,0.329477,0.342922,0.473135,0.480563,0.362625,0.335203,0.330456,0.396422,0.404393,0.421943,0.332179,0.408814,0.480422,0.372322,0.299007,0.266984,0.451816,0.337429	0.327257,0.32884,0.417574,0.37958,0.471154,0.458249,0.353354,0.345509,0.338033,0.414225,0.403066,0.398525,0.33495,0.449096,0.456239,0.354801,0.307228,0.28501,0.467091,0.348055	0.00777914,-0.0477146,-0.102152,-0.0421443,0.00254939,0.0286149,0.0106338,-0.0116559,-0.00852984,-0.0213005,0.00158537,0.028152,-0.00311866,-0.0493413,0.0309709,0.0201883,-0.00905325,-0.0195111,-0.019361,-0.0120408
0.514087,0.550098,0.436959,0.421308,0.47194,0.442752,0.450234,0.424647,0.388345,0.577196,0.571963,0.512647,0.511892,0.468883,0.544046,0.51473,0.459816,0.481074,0.540317,0.35235	0.482882,0.564883,0.484498,0.430838,0.484907,0.408045,0.448517,0.446611,0.396225,0.588289,0.577646,0.485206,0.52441,0.50802,0.524283,0.494172,0.432603,0.491861,0.558619,0.366389	0.0415093,-0.0214513,-0.0603063,-0.0116428,-0.016815,0.0423598,0.00215245,-0.0271047,-0.00931394,-0.0167966,-0.00848717,0.0365267,-0.0171105,-0.0513745,0.0276495,0.0275711,0.03397,-0.0141309,-0.0262146,-0.0161202
-0.452239,-0.493066,-0.550673,-0.425253,-0.359109,-0.294599,-0.386061,-0.322122,-0.149866,-0.353817,-0.32384,-0.401928,-0.274566,-0.316829,-0.298475,-0.333462,-0.334225,-0.305426,-0.25733,-0.121025	-0.0489422,-0.200685,-0.211637,-0.157344,-0.241592,-0.117927,-0.0970785,-0.051948,-0.107426,-0.0253157,-0.0400419,-0.175331,-0.134627,-0.0945164,-0.140223,-0.212627,-0.118166,-0.140524,-0.0162875,-0.0554114	-0.412425,-0.32449,-0.38376,-0.28712,-0.128681,-0.183031,-0.300235,-0.274772,-0.0431341,-0.331471,-0.287526,-0.243776,-0.14531,-0.229176,-0.165164,-0.130057,-0.224943,-0.172296,-0.242057,-0.0660569
-0.454601,-0.464656,-0.543008,-0.439714,-0.356514,-0.311471,-0.399928,-0.304766,-0.184718,-0.344115,-0.328824,-0.42548,-0.256521,-0.299527,-0.292477,-0.32962,-0.295693,-0.312523,-0.229987,-0.12687	-0.0277567,-0.171665,-0.202408,-0.17145,-0.215272,-0.116535,-0.133956,-0.0331024,-0.136138,-0.00653407,-0.0269254,-0.194352,-0.149408,-0.0641483,-0.13707,-0.209423,-0.102228,-0.154638,0.00941033,-0.0668345	-0.432299,-0.318387,-0.382658,-0.290137,-0.152984,-0.202279,-0.281027,-0.274433,-0.0498332,-0.338342,-0.304596,-0.251964,-0.111382,-0.23999,-0.161898,-0.12911,-0.199495,-0.165903,-0.23888,-0.0605494
0.329436,0.326458,0.386687,0.303548,0.406145,0.383516,0.318919,0.334489,0.298532,0.401164,0.380044,0.403605,0.27665,0.407483,0.407782,0.354649,0.32624,0.284627,0.406688,0.251861	0.30483,0.297776,0.344706,0.276556,0.420787,0.371231,0.326451,0.345701,0.298696,0.394479,0.387064,0.399902,0.28589,0.40596,0.412139,0.351906,0.291582,0.276833,0.409444,0.255144	0.0273523,0.0317704,0.0484366,0.0294656,-0.0176595,0.014325,-0.00840695,-0.0126779,-0.000180599,0.00794166,-0.00823038,0.00441545,-0.0100338,0.00182545,-0.00523747,0.00313444,0.0383013,0.00846038,-0.00330601,-0.00350848
-0.509455,-0.42199,-0.431574,-0.384477,-0.314959,-0.314841,-0.37147,-0.325459,-0.188302,-0.35448,-0.330992,-0.388646,-0.243275,-0.279978,-0.313483,-0.31988,-0.298055,-0.225129,-0.24696,-0.116271	-0.122784,-0.127196,-0.0955673,-0.128891,-0.189479,-0.127258,-0.0712662,-0.0677119,-0.153914,-0.0367417,-0.0447163,-0.141188,-0.0978859,-0.0820033,-0.138038,-0.184333,-0.0750812,-0.062431,-0.0168461,-0.0592774	-0.412472,-0.311514,-0.350461,-0.268913,-0.133444,-0.195412,-0.308367,-0.263555,-0.0354148,-0.321931,-0.290577,-0.261825,-0.148935,-0.202626,-0.18338,-0.14404,-0.228078,-0.165017,-0.231075,-0.0573896
-0.528773,-0.408476,-0.423716,-0.401878,-0.318497,-0.327273,-0.374782,-0.326974,-0.210694,-0.336879,-0.332265,-0.407717,-0.216726,-0.256403,-0.314144,-0.322392,-0.276191,-0.222717,-0.222864,-0.111699	-0.135142,-0.120304,-0.0898488,-0.144411,-0.168895,-0.120445,-0.0945428,-0.0734934,-0.170048,-0.00495519,-0.0259868,-0.152327,-0.104916,-0.0446797,-0.142409,-0.188928,-0.0822277,-0.0665089,0.00487919,-0.0600421	-0.423924,-0.303065,-0.347081,-0.273329,-0.158106,-0.215315,-0.290534,-0.259722,-0.042157,-0.332478,-0.308946,-0.272301,-0.114411,-0.214177,-0.179778,-0.14212,-0.198471,-0.158557,-0.227495,-0.0520055
-0.485777,-0.465466,-0.472263,-0.40798,-0.314603,-0.311734,-0.368923,-0.32197,-0.18581,-0.349883,-0.335463,-0.415155,-0.244294,-0.278794,-0.298768,-0.299798,-0.332827,-0.268502,-0.246229,-0.125136	-0.0782696,-0.170432,-0.125641,-0.13859,-0.198617,-0.116519,-0.0715608,-0.0724109,-0.150798,-0.028253,-0.0594286,-0.175811,-0.108619,-0.0816184,-0.123387,-0.159749,-0.0909258,-0.106927,-0.0180452,-0.0715369	-0.423614,-0.320456,-0.368487,-0.285535,-0.123717,-0.202573,-0.305425,-0.255516,-0.0360217,-0.324841,-0.28165,-0.258188,-0.139373,-0.201767,-0.182094,-0.147094,-0.24945,-0.166351,-0.229202,-0.0540838
-0.500132,-0.450345,-0.453653,-0.415752,-0.322527,-0.332458,-0.381602,-0.318663,-0.205171,-0.326481,-0.332352,-0.435652,-0.22997,-0.255133,-0.297948,-0.301932,-0.29311,-0.273785,-0.219655,-0.122269	-0.0809046,-0.160582,-0.102697,-0.142455,-0.182932,-0.120647,-0.107798,-0.0716116,-0.163699,0.0102008,-0.0350797,-0.190758,-0.128617,-0.0445093,-0.126363,-0.163468,-0.075055,-0.119343,0.00671737,-0.0740865	-0.436906,-0.312351,-0.368106,-0.290502,-0.148347,-0.220662,-0.285551,-0.252821,-0.0429139,-0.335564,-0.300779,-0.267091,-0.104442,-0.213043,-0.178298,-0.145653,-0.22296,-0.159659,-0.226038,-0.0486229
0.730946,0.824818,0.876951,0.806816,0.790833,0.777455,0.841258,0.817961,0.707177,0.774843,0.801655,0.859511,0.812057,0.777601,0.804459,0.860632,0.789557,0.862018,0.828618,0.699246	0.76812,0.812922,0.868391,0.820604,0.831484,0.810826,0.81764,0.810524,0.717377,0.794229,0.833308,0.880444,0.75954,0.791526,0.797755,0.856446,0.74263,0.853501,0.819688,0.691344	-0.0847664,0.0361019,0.0358965,-0.0408025,-0.118712,-0.0902862,0.0756607,0.0220663,-0.0207027,-0.0504077,-0.0953474,-0.086056,0.137045,-0.0362157,0.0187146,0.0159208,0.113446,0.0322291,0.027837,0.0152966
0.276709,0.682808,0.610276,0.675143,0.609402,0.62509,0.548504,0.398126,0.40106,0.644342,0.643683,0.716136,0.705362,0.822833,0.647374,0.760026,0.591125,0.794428,0.680289,0.490273	0.349016,0.734778,0.606125,0.711971,0.643874,0.654283,0.591991,0.413121,0.386814,0.684866,0.696629,0.719155,0.677173,0.768171,0.742436,0.732135,0.68518,0.781863,0.727185,0.51556	-0.0800365,-0.104297,0.00658803,-0.0709171,-0.0567336,-0.0493941,-0.0643986,-0.0179465,0.0168623,-0.0725312,-0.0959879,-0.00622439,0.053966,0.14857,-0.183034,0.0628789,-0.158082,0.0331645,-0.0928083,-0.0338407
0.00455418,-0.0392206,-6.50629e-05,-0.000988704,-0.0560207,-0.0155889,-0.0543304,-0.0236317,-0.0967298,0.0397516,0.169314,0.0594635,0.00891255,0.0175696,-0.0547026,-0.113784,-0.0481289,0.0233697,0.134213,0.00772345	-0.609119,-0.565979,-0.41447,-0.407052,-0.387122,-0.426876,-0.445421,-0.465264,-0.303178,-0.459374,-0.204851,-0.395021,-0.195408,-0.273683,-0.344412,-0.289956,-0.385964,-0.24863,-0.189903,-0.188118	0.611976,0.538717,0.414416,0.406227,0.338441,0.414042,0.400789,0.446542,0.212685,0.490175,0.361623,0.444054,0.203965,0.289859,0.295272,0.182183,0.34423,0.270428,0.31606,0.195558
-0.00566258,-0.0416605,0.00497415,0.0106603,-0.0527304,0.017159,-0.0351495,-0.01103,-0.0929536,0.0100521,0.169122,0.0618509,0.00516967,0.020076,-0.0433938,-0.111898,-0.0481772,-0.00770801,0.113892,0.0109931	-0.607685,-0.575883,-0.425505,-0.413125,-0.381985,-0.405109,-0.420298,-0.455622,-0.298571,-0.468596,-0.20128,-0.394858,-0.201581,-0.285867,-0.344802,-0.290152,-0.380769,-0.26809,-0.187769,-0.197569	0.604101,0.547355,0.42957,0.421927,0.336023,0.419353,0.390924,0.446838,0.211487,0.476404,0.358208,0.445821,0.206536,0.304198,0.305986,0.184235,0.338807,0.260921,0.295345,0.20811
0.0539009,-0.00538223,0.0399062,-0.00175975,-0.0612956,0.00641854,-0.0167166,-0.00620057,-0.0647773,0.0371105,0.130092,0.0561728,-0.0140497,0.02352,-0.0668263,-0.102617,-0.0473596,0.0170273,0.0991938,0.00560374	-0.579963,-0.53134,-0.344167,-0.381971,-0.382518,-0.421013,-0.414256,-0.437268,-0.263643,-0.446738,-0.229361,-0.398321,-0.204117,-0.262559,-0.374411,-0.290622,-0.36995,-0.230407,-0.180783,-0.190493	0.614649,0.527466,0.37887,0.380467,0.328934,0.42628,0.400312,0.432239,0.202321,0.475958,0.349038,0.444547,0.190614,0.284323,0.315478,0.193785,0.328343,0.246468,0.275045,0.195888
0.0130513,-0.016751,0.0375684,-0.0269565,-0.0539209,0.0061141,-0.0383226,0.0199573,-0.0952364,0.0136017,0.144066,0.052164,-0.00724393,-0.00355497,-0.0592452,-0.0998453,-0.0390417,0.012116,0.112472,0.00776323	-0.609272,-0.56124,-0.376886,-0.416304,-0.369685,-0.422583,-0.426924,-0.413822,-0.290698,-0.460872,-0.217894,-0.412268,-0.195807,-0.283343,-0.366377,-0.289887,-0.393965,-0.252679,-0.169026,-0.185739	0.617414,0.549657,0.408668,0.393767,0.322187,0.427593,0.395065,0.430226,0.201027,0.471518,0.350944,0.454655,0.188831,0.28007,0.313947,0.195706,0.360468,0.263987,0.276247,0.193223
-0.0866054,0.113226,-0.0212168,0.248789,0.127174,-0.0572948,0.0532732,0.0921465,0.00528823,0.153413,-0.00169908,0.12324,0.0808308,0.0734024,0.0572197,0.0198199,0.0572448,0.126628,0.163654,0.0258598	-0.189504,-0.0951459,0.0205066,0.13407,0.0383159,-0.206803,-0.086112,-0.0339407,-0.0979817,0.0390133,0.066763,0.12206,0.116421,0.087625,-0.0318711,0.0618898,0.0598328,0.120082,0.210605,-0.109695	0.104616,0.206151,-0.0417053,0.118677,0.0892936,0.151301,0.138749,0.125694,0.103216,0.115088,-0.0684543,0.00119852,-0.0359285,-0.0143146,0.0889286,-0.0421215,-0.0025969,0.00664666,-0.0486267,0.135171
-0.108318,0.105835,-0.0655505,0.200959,0.154763,-0.0373825,0.0378164,0.123993,0.0238238,0.172598,0.00569951,0.10065,0.128235,0.0533948,0.0236194,0.0319723,0.106623,0.119516,0.156438,0.0545812	-0.160346,-0.110169,-0.0202726,0.122353,0.080781,-0.15055,-0.108171,-0.0252104,-0.072043,0.0717108,0.103714,0.122691,0.125681,0.0707947,-0.0540048,0.069395,0.0424341,0.106879,0.189439,-0.0992882	0.0529472,0.213515,-0.0453381,0.0805881,0.0749183,0.113808,0.145393,0.148738,0.0957025,0.102151,-0.0980723,-0.0223173,0.00259577,-0.0174659,0.0775253,-0.0375059,0.0644802,0.0128011,-0.0340091,0.15304
0.00862954,-0.0313809,0.0277009,0.0350942,-0.0992921,-0.0484885,-0.0740584,-0.0727579,-0.0521681,0.0337572,0.135911,0.0110437,0.010694,0.0141531,-0.0673412,-0.120195,-0.0859889,0.0136426,0.158367,-0.0185182	-0.632705,-0.581043,-0.389922,-0.398406,-0.439465,-0.460488,-0.478209,-0.500727,-0.253514,-0.479463,-0.265295,-0.423589,-0.173333,-0.245637,-0.400408,-0.280476,-0.451405,-0.250267,-0.194347,-0.230252	0.637852,0.55987,0.41316,0.427523,0.355694,0.421409,0.418989,0.444151,0.204045,0.505046,0.387243,0.432609,0.183687,0.25889,0.342297,0.165873,0.380173,0.263012,0.342182,0.21264
0.000757855,-0.0377287,0.0111679,0.0354823,-0.0904146,-0.0134185,-0.0307343,-0.0742093,-0.0463593,-0.0201766,0.140144,0.00851611,0.00849223,0.020383,-0.0618223,-0.122843,-0.0977775,-0.0176006,0.133414,0.0145782	-0.629962,-0.591424,-0.415422,-0.410296,-0.430801,-0.438792,-0.438487,-0.500757,-0.247649,-0.501644,-0.259619,-0.425414,-0.178441,-0.255557,-0.406118,-0.284339,-0.454429,-0.270157,-0.196251,-0.214563	0.630419,0.566332,0.42462,0.439382,0.354182,0.427893,0.413323,0.44301,0.203628,0.48639,0.385729,0.432364,0.186651,0.27451,0.353163,0.167341,0.373235,0.253763,0.321254,0.228427
0.0482873,-0.00136524,0.0333329,0.0433772,-0.111325,-0.0270002,0.00266334,-0.0064577,-0.0358527,0.0187712,0.101091,0.0262629,-0.00489952,0.0213346,-0.0724308,-0.104498,-0.0870369,0.00482109,0.116635,-0.00114917	-0.608837,-0.547856,-0.345203,-0.366011,-0.439833,-0.454569,-0.424548,-0.447353,-0.226349,-0.474649,-0.286684,-0.413998,-0.175615,-0.234798,-0.423401,-0.276927,-0.439531,-0.234055,-0.191427,-0.215931	0.638357,0.5469,0.37423,0.40299,0.345422,0.432882,0.426729,0.442172,0.192055,0.489063,0.376854,0.435526,0.170862,0.254856,0.362074,0.177567,0.366516,0.238607,0.301334,0.214835
0.00469574,-0.0172591,0.0207612,0.00721081,-0.0910542,-0.0231312,-0.0317671,-0.00404672,-0.0668564,-0.0146785,0.122739,0.0223656,-0.00312927,-0.0109662,-0.0818744,-0.111473,-0.095399,0.00335847,0.126614,0.00416797	-0.636784,-0.579795,-0.382385,-0.408493,-0.418856,-0.454563,-0.443566,-0.438555,-0.255413,-0.494366,-0.269288,-0.427322,-0.171856,-0.261234,-0.427932,-0.284051,-0.47058,-0.253734,-0.182171,-0.209111	0.639567,0.568222,0.399971,0.414483,0.3408,0.436017,0.417684,0.435281,0.191833,0.483193,0.379485,0.445431,0.168817,0.250987,0.358622,0.178221,0.392815,0.256874,0.301824,0.213094
0.0499583,0.131605,-0.0335373,0.235908,0.103815,-0.00194471,0.0668598,0.155454,0.0516801,0.168919,-0.048867,0.143118,0.0640253,0.0244031,0.0866895,-0.0292337,0.150074,0.126897,0.201496,-0.00060827	-0.1234,-0.109791,0.010495,0.0933789,-0.00824297,-0.177174,-0.104793,0.00837408,-0.0394206,0.0218188,-0.023951,0.139666,0.121486,0.0786124,-0.0706023,0.0305163,0.0775584,0.130456,0.209021,-0.15216	0.172296,0.237957,-0.0440169,0.145739,0.111963,0.17529,0.170458,0.147271,0.0909154,0.147645,-0.0249452,0.00352261,-0.0579114,-0.0543135,0.156335,-0.0596968,0.0733696,-0.00361881,-0.007856,0.151566
-0.00130785,0.123277,-0.0879685,0.203529,0.116208,0.0392069,0.0404338,0.18481,-0.0266458,0.228982,-0.0612174,0.131184,0.104791,-0.0231242,0.0767852,-0.0167065,0.179754,0.115566,0.197878,0.041693	-0.116711,-0.125521,-0.0410601,0.096175,0.0188568,-0.101581,-0.134871,0.016238,-0.104593,0.090837,-0.0101311,0.150954,0.125125,0.0318991,-0.0692677,0.0384638,0.038474,0.112817,0.192095,-0.129023	0.11542,0.245006,-0.0470785,0.109497,0.0975654,0.140229,0.174354,0.16908,0.0781652,0.14108,-0.051118,-0.0201691,-0.0206036,-0.0549828,0.14528,-0.0551349,0.142263,0.00278494,0.00601175,0.169802
0.702277,0.733676,0.791739,0.736854,0.754421,0.667409,0.63104,0.791099,0.757647,0.737868,0.807413,0.741366,0.773683,0.74351,0.744867,0.745155,0.706609,0.705522,0.730936,0.627345	0.707113,0.711533,0.766003,0.710096,0.759897,0.680982,0.656355,0.796407,0.757257,0.755438,0.81147,0.748463,0.771895,0.720766,0.729847,0.744912,0.715844,0.710207,0.751761,0.607882	-0.00960697,0.0463268,0.065398,0.0561239,-0.0128315,-0.024882,-0.043213,-0.0143468,0.000914297,-0.0396992,-0.0117667,-0.0159451,0.00444105,0.0490062,0.0329117,0.000544899,-0.0186872,-0.00938921,-0.0462259,0.0314594
0.428573,0.297249,0.3261,0.360971,0.506329,0.489185,0.305084,0.334019,0.367355,0.416241,0.444283,0.457437,0.356579,0.45819,0.499275,0.396325,0.306224,0.283446,0.450602,0.335135	0.447768,0.338063,0.412017,0.395079,0.52191,0.485492,0.316472,0.362605,0.384235,0.44372,0.462241,0.453489,0.377702,0.465925,0.463669,0.378418,0.33304,0.317169,0.496857,0.333725	-0.0237527,-0.045373,-0.099252,-0.0397812,-0.0211775,0.00484266,-0.0126049,-0.0325253,-0.0196544,-0.0337042,-0.022599,0.00498176,-0.0244105,-0.00983428,0.0463309,0.0210667,-0.0298615,-0.0370539,-0.0595981,0.00158714
0.569996,0.563995,0.446017,0.442733,0.501394,0.452655,0.453005,0.415157,0.408836,0.526653,0.585287,0.600806,0.552837,0.498388,0.550993,0.531004,0.456478,0.518935,0.539789,0.361204	0.54533,0.548609,0.47858,0.445168,0.531963,0.444336,0.469693,0.457858,0.426798,0.553657,0.598418,0.580977,0.575691,0.506309,0.518855,0.511582,0.432463,0.523204,0.585423,0.362946	0.0357916,0.0222805,-0.0414011,-0.00303291,-0.0416882,0.0104139,-0.0211983,-0.0527234,-0.0217591,-0.0381191,-0.0202093,0.0304618,-0.0335226,-0.0105939,0.0450042,0.0266648,0.0299209,-0.00586062,-0.0667169,-0.00200527
-0.492552,-0.516498,-0.5614,-0.408307,-0.375329,-0.388302,-0.38933,-0.411174,-0.190742,-0.412156,-0.342301,-0.449057,-0.2843,-0.332831,-0.315967,-0.369893,-0.392279,-0.335972,-0.282889,-0.146268	0.0961538,-0.143438,-0.181269,-0.106462,-0.119552,-0.112167,-0.0938181,-0.0627301,-0.0613204,0.00887417,0.0715618,-0.0388424,-0.0652012,-0.0470034,-0.0994021,-0.17777,-0.0493354,-0.0806556,0.054167,-0.0793487	-0.562085,-0.402909,-0.423197,-0.315563,-0.267793,-0.28871,-0.306715,-0.357669,-0.130954,-0.419496,-0.403967,-0.417497,-0.223237,-0.29037,-0.223588,-0.205645,-0.349712,-0.262428,-0.331969,-0.0677049
-0.506761,-0.496717,-0.55687,-0.430229,-0.362046,-0.418048,-0.406507,-0.383561,-0.223117,-0.397122,-0.359411,-0.475642,-0.281288,-0.306198,-0.325177,-0.372408,-0.320202,-0.34907,-0.255988,-0.143387	0.125179,-0.12938,-0.166897,-0.11611,-0.0871348,-0.111694,-0.13229,-0.0382245,-0.0860716,0.0339564,0.0742975,-0.0631507,-0.0936262,-0.0097917,-0.102704,-0.182401,-0.0142072,-0.103366,0.0741248,-0.0905092	-0.594244,-0.392565,-0.429931,-0.330635,-0.283866,-0.321359,-0.289802,-0.350474,-0.139728,-0.425342,-0.422428,-0.425265,-0.192738,-0.297298,-0.23016,-0.203855,-0.307393,-0.254902,-0.323966,-0.0535729
0.396386,0.308299,0.321106,0.348078,0.512542,0.486359,0.36799,0.326571,0.355853,0.422693,0.447292,0.472795,0.360156,0.438729,0.492927,0.391256,0.325177,0.282619,0.458625,0.33355	0.40993,0.371932,0.432807,0.408075,0.522531,0.469206,0.354814,0.349827,0.373049,0.432169,0.460804,0.461383,0.383172,0.468979,0.472442,0.373603,0.343265,0.311675,0.483552,0.350785	-0.0161716,-0.0718746,-0.129731,-0.0699306,-0.013643,0.0222255,0.015155,-0.0262556,-0.019828,-0.0115943,-0.0170205,0.014595,-0.0267007,-0.0380872,0.0267048,0.0206754,-0.0203613,-0.0318635,-0.0320306,-0.0195192
0.571117,0.580957,0.436554,0.426166,0.511963,0.441461,0.457508,0.415158,0.410692,0.594804,0.607425,0.564659,0.53408,0.497064,0.55595,0.528985,0.492401,0.508247,0.546947,0.348393	0.54223,0.587961,0.495113,0.454863,0.537109,0.419776,0.44902,0.452786,0.428815,0.60382,0.61618,0.536971,0.558799,0.527788,0.538883,0.509792,0.459145,0.507816,0.570833,0.368769	0.0418455,-0.0106386,-0.0747067,-0.0355975,-0.0346831,0.0266182,0.0106817,-0.0463395,-0.0219969,-0.0140687,-0.0139905,0.0397361,-0.0352348,-0.0416499,0.0243673,0.02628,0.0429721,0.000581367,-0.0347284,-0.0233794
-0.470191,-0.525922,-0.578979,-0.423519,-0.395624,-0.38224,-0.375879,-0.406226,-0.190539,-0.405515,-0.338148,-0.462615,-0.286918,-0.352664,-0.330892,-0.382743,-0.400444,-0.352513,-0.298719,-0.136705	0.132477,-0.14158,-0.192219,-0.11023,-0.151642,-0.107395,-0.094931,-0.0576704,-0.061239,0.00892734,0.078204,-0.0607358,-0.0646872,-0.0549267,-0.108857,-0.192488,-0.0711607,-0.107722,0.0108201,-0.0547193	-0.56733,-0.415263,-0.435192,-0.328631,-0.259554,-0.286611,-0.291344,-0.356917,-0.130826,-0.412948,-0.405625,-0.413497,-0.226433,-0.303619,-0.230331,-0.205387,-0.338942,-0.254454,-0.308542,-0.0826037
-0.484811,-0.496752,-0.579039,-0.449315,-0.382167,-0.414262,-0.390915,-0.381118,-0.226681,-0.394529,-0.345175,-0.48725,-0.274838,-0.331444,-0.334778,-0.378563,-0.344435,-0.360431,-0.267213,-0.133538	0.162588,-0.11176,-0.184867,-0.126172,-0.119783,-0.107974,-0.130447,-0.0365415,-0.0902158,0.0283601,0.0928121,-0.0810777,-0.0826147,-0.0229492,-0.106103,-0.189059,-0.0545345,-0.123406,0.0373371,-0.0655679	-0.600096,-0.407622,-0.441424,-0.342563,-0.274971,-0.320629,-0.274463,-0.349443,-0.139315,-0.41821,-0.424391,-0.422879,-0.196689,-0.310859,-0.237098,-0.204112,-0.295451,-0.248059,-0.301542,-0.0685701
0.413608,0.374156,0.392749,0.317897,0.455177,0.386191,0.325044,0.326694,0.327278,0.420047,0.43828,0.467991,0.317224,0.433751,0.424393,0.372368,0.365534,0.320287,0.41937,0.248536	0.37001,0.318009,0.337943,0.286719,0.470071,0.381547,0.329844,0.340343,0.327966,0.419592,0.433649,0.451764,0.318555,0.433844,0.42778,0.371043,0.315069,0.290817,0.41809,0.251559	0.0514761,0.0637306,0.0631935,0.0343054,-0.0189481,0.00544589,-0.00537589,-0.0153572,-0.000770602,0.000552446,0.0057176,0.0205778,-0.0014809,-0.00011404,-0.00413863,0.00153786,0.0570339,0.0324978,0.00155207,-0.00322391
-0.525312,-0.462872,-0.476463,-0.389821,-0.356554,-0.402713,-0.361421,-0.408718,-0.228614,-0.404802,-0.346502,-0.450842,-0.260756,-0.314419,-0.345543,-0.366778,-0.369416,-0.275404,-0.290536,-0.133978	0.0290718,-0.0874587,-0.104147,-0.109081,-0.106812,-0.123368,-0.0653613,-0.0883574,-0.119736,0.00680437,0.0569139,-0.0352236,-0.0464525,-0.0322916,-0.10918,-0.160602,-0.0347891,-0.0370555,-0.000698665,-0.0653601	-0.546045,-0.391252,-0.391756,-0.293208,-0.25963,-0.293949,-0.303222,-0.332363,-0.111943,-0.410475,-0.395614,-0.422325,-0.216932,-0.285021,-0.245629,-0.219081,-0.338983,-0.240806,-0.289897,-0.0692239
-0.554523,-0.448313,-0.475353,-0.417935,-0.348712,-0.429794,-0.365925,-0.403117,-0.253863,-0.385204,-0.350535,-0.472297,-0.240351,-0.286622,-0.356222,-0.368132,-0.327858,-0.273556,-0.262123,-0.120244	0.0180559,-0.0810678,-0.0987626,-0.125612,-0.0816375,-0.118011,-0.0878596,-0.0943003,-0.136603,0.040008,0.0775213,-0.0457528,-0.0555983,0.00662823,-0.114452,-0.165222,-0.0432624,-0.0418193,0.0219254,-0.0654965	-0.566902,-0.381095,-0.395141,-0.308519,-0.2749,-0.328442,-0.287302,-0.32102,-0.121472,-0.418759,-0.416732,-0.435965,-0.187256,-0.292694,-0.252046,-0.216052,-0.28869,-0.234418,-0.282425,-0.0551819
-0.497888,-0.498117,-0.511229,-0.410449,-0.356139,-0.399116,-0.356442,-0.406578,-0.227751,-0.402494,-0.349386,-0.472184,-0.260312,-0.313731,-0.330744,-0.348509,-0.398477,-0.31365,-0.289321,-0.142113	0.0993541,-0.100133,-0.119319,-0.113041,-0.117365,-0.11928,-0.0620823,-0.0960949,-0.116725,0.00814124,0.0539361,-0.0596977,-0.0504577,-0.0342601,-0.0927576,-0.136814,-0.032805,-0.0606801,0.00247703,-0.0771042	-0.569091,-0.418877,-0.417369,-0.311878,-0.24919,-0.293823,-0.301021,-0.323107,-0.114058,-0.409294,-0.395862,-0.424451,-0.212647,-0.282507,-0.245519,-0.222294,-0.370515,-0.257878,-0.291589,-0.0657294
-0.522645,-0.482163,-0.499603,-0.429105,-0.352647,-0.434402,-0.370727,-0.395747,-0.250092,-0.378185,-0.349278,-0.494354,-0.251407,-0.285899,-0.340199,-0.350131,-0.341136,-0.319272,-0.258495,-0.130393	0.10092,-0.0912868,-0.0959799,-0.117997,-0.0973763,-0.126305,-0.0974121,-0.0947387,-0.1303,0.0487768,0.0806079,-0.0750767,-0.0731186,0.0044538,-0.0965779,-0.140729,-0.0176503,-0.0744847,0.0282281,-0.0790815	-0.592323,-0.408873,-0.423953,-0.327701,-0.264348,-0.325982,-0.283555,-0.312733,-0.123828,-0.419229,-0.418114,-0.435438,-0.181627,-0.289984,-0.251897,-0.220254,-0.325445,-0.25075,-0.284647,-0.0518465
0.679378,0.807148,0.857265,0.787742,0.787518,0.724433,0.835409,0.806494,0.690763,0.749507,0.786933,0.838022,0.802183,0.766257,0.78,0.85405,0.781218,0.852927,0.823269,0.704225	0.758713,0.791047,0.865869,0.826939,0.810033,0.791906,0.820906,0.78079,0.705295,0.768406,0.824816,0.870834,0.754184,0.770988,0.794317,0.846708,0.691553,0.844399,0.806316,0.683659	-0.16373,0.0445377,-0.0333835,-0.112447,-0.0621807,-0.158271,0.0461554,0.0694153,-0.0283389,-0.0445655,-0.107952,-0.121424,0.121513,-0.0115617,-0.0376334,0.0265161,0.195033,0.0304812,0.0504291,0.0396602
0.00480038,0.0265883,0.0622079,0.0882758,-0.0833182,-0.0718018,-0.0363351,-0.0691379,0.0594525,-0.0155702,-0.08946,-0.120141,0.00528792,-0.0113396,-0.0225631,-0.0243486,-0.0807763,-0.0359775,0.0647546,-0.0448089	-0.733346,-0.873221,-0.766924,-0.79512,-0.7908,-0.809324,-0.786623,-0.703502,-0.537423,-0.826469,-0.774211,-0.845053,-0.752354,-0.857779,-0.8057,-0.82264,-0.805603,-0.854785,-0.756256,-0.623958	0.735557,0.879392,0.791376,0.825457,0.757384,0.783024,0.772363,0.666796,0.578395,0.821469,0.735707,0.806826,0.75464,0.854753,0.797637,0.814608,0.775276,0.844788,0.782682,0.595807
0.00849988,0.0153558,0.0140463,0.0600174,-0.0723067,-0.0695009,0.0109407,-0.0884966,0.0628368,-0.0682946,-0.080146,-0.133205,0.0088956,0.00342938,-0.0377304,-0.0385658,-0.108492,-0.0363772,0.0510027,0.0054154	-0.730326,-0.877072,-0.783249,-0.800934,-0.786921,-0.808406,-0.765984,-0.706296,-0.53197,-0.83551,-0.769066,-0.849622,-0.754549,-0.859949,-0.810326,-0.826902,-0.811724,-0.856589,-0.755861,-0.609979	0.734268,0.880568,0.788619,0.821464,0.757728,0.782892,0.770468,0.658989,0.575567,0.813642,0.734173,0.807844,0.758354,0.860839,0.796962,0.814304,0.771143,0.846592,0.776913,0.613368
-0.0107669,0.0119766,-0.013957,0.113172,-0.0955388,-0.0742416,0.0394182,-0.000187138,0.0382559,-0.0441602,-0.0757533,-0.0765579,0.0225442,-0.00669145,-0.00358883,-0.0105362,-0.0835998,-0.043436,0.0452822,-0.0118835	-0.726304,-0.867725,-0.762678,-0.782383,-0.790178,-0.811471,-0.754597,-0.668014,-0.521803,-0.829104,-0.778705,-0.843001,-0.754609,-0.857719,-0.812295,-0.813089,-0.800779,-0.846882,-0.755209,-0.612343	0.721176,0.870653,0.756777,0.822709,0.751362,0.784491,0.77108,0.66791,0.549098,0.814775,0.747017,0.81932,0.764154,0.85594,0.81107,0.809488,0.768636,0.83413,0.774021,0.604861
-0.0113932,0.000357456,-0.0361345,0.0872077,-0.0703339,-0.0652381,0.0153584,-0.0351048,0.0373463,-0.064017,-0.0605388,-0.0757196,0.0100765,-0.0290693,-0.0462887,-0.0409456,-0.122979,-0.0314577,0.0365877,-0.00673903	-0.738721,-0.875493,-0.779677,-0.800461,-0.780806,-0.810865,-0.766596,-0.672599,-0.542915,-0.83235,-0.772363,-0.846027,-0.753988,-0.862406,-0.817912,-0.822565,-0.818092,-0.850026,-0.753998,-0.609712	0.733502,0.875576,0.765098,0.829747,0.751756,0.787274,0.772855,0.65291,0.568729,0.811578,0.74674,0.823032,0.758303,0.854766,0.801986,0.808862,0.772869,0.841059,0.769362,0.605461
0.187668,0.0447555,-0.0287469,-0.0502241,-0.0610372,0.124942,0.0244832,0.0887987,0.0697983,0.024685,-0.10579,0.0667543,-0.0365797,-0.199949,0.062889,-0.153782,0.198528,0.00169001,0.0875651,-0.0479968	-0.346152,-0.719276,-0.631928,-0.662479,-0.630048,-0.668163,-0.620079,-0.380302,-0.40866,-0.63287,-0.681583,-0.648614,-0.656192,-0.826244,-0.679889,-0.763299,-0.549262,-0.756609,-0.597978,-0.595175	0.501258,0.740204,0.614341,0.633327,0.591768,0.731997,0.634923,0.453777,0.465189,0.64744,0.620536,0.68568,0.63485,0.750239,0.712321,0.690579,0.674266,0.75733,0.651432,0.563269
0.151555,0.0424918,-0.0526252,-0.00716701,-0.0971575,0.171933,0.00348539,0.0914212,-0.0750782,0.114065,-0.147219,0.0961842,-0.0501068,-0.306606,0.130316,-0.153659,0.148178,-0.0133374,0.0974682,-0.0248055	-0.343675,-0.727491,-0.651884,-0.654459,-0.627517,-0.633628,-0.636339,-0.38349,-0.488237,-0.581053,-0.682881,-0.644543,-0.653801,-0.847521,-0.671341,-0.76334,-0.577892,-0.76032,-0.594201,-0.580324	0.470712,0.746894,0.620547,0.650343,0.564794,0.726423,0.638408,0.458826,0.428879,0.65191,0.595533,0.697486,0.624141,0.730822,0.737165,0.690695,0.6688,0.754635,0.653804,0.563633
0.705164,0.733657,0.78861,0.736696,0.760483,0.639386,0.632037,0.785277,0.777937,0.739211,0.778743,0.728513,0.772647,0.745793,0.754917,0.767448,0.708984,0.716441,0.718838,0.625294	0.704242,0.710683,0.767246,0.718876,0.768506,0.680725,0.67236,0.799906,0.78014,0.733776,0.78373,0.736809,0.766911,0.72487,0.750179,0.770242,0.717685,0.690259,0.72321,0.609054	0.00183305,0.0480014,0.0540952,0.0378803,-0.0193073,-0.073199,-0.0701227,-0.0393413,-0.005602,0.0118774,-0.0127999,-0.0179087,0.0140791,0.0455438,0.0109265,-0.00683343,-0.0177141,0.0517959,-0.00910504,0.0262294
0.405932,0.293947,0.297922,0.36787,0.52906,0.473878,0.305248,0.332722,0.400172,0.393961,0.385781,0.431707,0.364062,0.446483,0.532565,0.447973,0.324772,0.27105,0.410543,0.334988	0.455841,0.356526,0.41867,0.402035,0.539651,0.488964,0.346542,0.374396,0.446615,0.419283,0.361077,0.425213,0.361724,0.460241,0.48717,0.440842,0.351059,0.298613,0.426808,0.331457	-0.0612411,-0.069905,-0.137955,-0.0400949,-0.014823,-0.0196367,-0.0461786,-0.0476033,-0.0565502,-0.0303323,0.0287015,0.00795452,0.00269295,-0.0173156,0.061299,0.00888597,-0.0296698,-0.0299903,-0.01972,0.00397234
0.564123,0.559109,0.418095,0.471181,0.516802,0.4424,0.461644,0.397549,0.460576,0.516965,0.539825,0.586616,0.560952,0.505997,0.578846,0.570063,0.461824,0.513645,0.501257,0.359841	0.544595,0.558913,0.483364,0.452236,0.54817,0.452681,0.491004,0.474537,0.479127,0.523134,0.526173,0.559948,0.566823,0.493497,0.543231,0.564815,0.446782,0.506831,0.531275,0.361703	0.0281881,0.000284932,-0.0818003,0.0240752,-0.0437658,-0.0128549,-0.0379653,-0.0948882,-0.0238041,-0.00845549,0.0190681,0.0397129,-0.00860759,0.0166593,0.051951,0.00774006,0.0189529,0.0092124,-0.0409129,-0.00214019
-0.460856,-0.566024,-0.520342,-0.558591,-0.437673,-0.340688,-0.410772,-0.453575,-0.185198,-0.51392,-0.358127,-0.53774,-0.35034,-0.398458,-0.343542,-0.364499,-0.416335,-0.422287,-0.427723,-0.174691	0.089525,-0.120575,-0.161868,-0.128067,-0.0699403,-0.0917316,-0.0443646,-0.0428125,0.0303047,-0.0317542,-0.109205,-0.106308,-0.0788476,-0.0704381,-0.049195,-0.0638923,-0.000249849,-0.109863,-0.0950645,-0.0911556	-0.528573,-0.478077,-0.391444,-0.463696,-0.379345,-0.256988,-0.373208,-0.418897,-0.2143,-0.490165,-0.259053,-0.45759,-0.279205,-0.337492,-0.299407,-0.307775,-0.416129,-0.327623,-0.346758,-0.0848876
-0.463113,-0.547877,-0.489047,-0.550193,-0.446495,-0.381436,-0.42085,-0.448846,-0.228315,-0.508544,-0.380855,-0.548096,-0.377752,-0.352969,-0.327335,-0.373335,-0.37964,-0.427723,-0.388675,-0.197411	0.114218,-0.107388,-0.143527,-0.134034,-0.0369143,-0.0912532,-0.0854604,-0.018277,0.00728055,-0.00222661,-0.109846,-0.13077,-0.109275,-0.0289838,-0.0508537,-0.0672766,0.0337997,-0.131523,-0.0669744,-0.105287	-0.548327,-0.468025,-0.371604,-0.449292,-0.416444,-0.300648,-0.347902,-0.43413,-0.235204,-0.506891,-0.282842,-0.449547,-0.280037,-0.327334,-0.281161,-0.313944,-0.408202,-0.313856,-0.330299,-0.094079
0.372674,0.303723,0.293482,0.354975,0.536751,0.478963,0.37012,0.329395,0.390222,0.394705,0.389851,0.446,0.367488,0.428443,0.528578,0.445597,0.342074,0.264718,0.413164,0.334294	0.42204,0.39034,0.435628,0.406166,0.539026,0.452871,0.372333,0.356343,0.434345,0.425553,0.36027,0.430958,0.370803,0.462724,0.488188,0.435572,0.360021,0.316523,0.425156,0.346375	-0.0585792,-0.0982664,-0.162984,-0.0598154,-0.00320113,0.0333189,-0.0025668,-0.0305324,-0.0531281,-0.0370755,0.0344145,0.0186221,-0.00383793,-0.042758,0.0544374,0.0124389,-0.0204674,-0.0565427,-0.0145475,-0.0136632
0.564957,0.574423,0.409376,0.454359,0.527275,0.437795,0.471615,0.401445,0.463298,0.579675,0.564959,0.546141,0.539139,0.504228,0.586933,0.568706,0.497712,0.491913,0.500748,0.348405	0.546903,0.597677,0.496128,0.453484,0.550524,0.406801,0.460705,0.464317,0.479413,0.591377,0.546342,0.510543,0.550814,0.512215,0.556202,0.560599,0.473888,0.510998,0.526186,0.365902	0.0261268,-0.0354127,-0.108863,0.00110141,-0.0327582,0.0377096,0.013938,-0.0772765,-0.0207163,-0.017806,0.0269292,0.0493608,-0.0166076,-0.0107682,0.0456266,0.0119014,0.0311765,-0.0254931,-0.0345391,-0.0200533
-0.429668,-0.570562,-0.535573,-0.570572,-0.458272,-0.337566,-0.40591,-0.450641,-0.184659,-0.498377,-0.353511,-0.553977,-0.352277,-0.418073,-0.358191,-0.376458,-0.422678,-0.428702,-0.445191,-0.165646	0.129265,-0.114784,-0.17446,-0.144035,-0.107458,-0.113939,-0.064922,-0.0490806,0.0273556,-0.000471562,-0.104997,-0.133419,-0.0741708,-0.0818997,-0.0698127,-0.0814128,-0.0229218,-0.103252,-0.122099,-0.0687961	-0.529522,-0.48772,-0.398332,-0.46473,-0.368984,-0.232573,-0.350217,-0.410643,-0.210949,-0.498022,-0.258093,-0.454122,-0.285567,-0.348092,-0.295774,-0.304374,-0.403667,-0.340523,-0.341664,-0.0979664
-0.433667,-0.543579,-0.508889,-0.565399,-0.46717,-0.382631,-0.413048,-0.448203,-0.231086,-0.499897,-0.3666,-0.562895,-0.371881,-0.378792,-0.337364,-0.380114,-0.398888,-0.427873,-0.401788,-0.18846	0.154217,-0.0847042,-0.161609,-0.156049,-0.0764094,-0.116045,-0.102835,-0.0283226,0.000165673,0.0221106,-0.0933672,-0.153612,-0.0937609,-0.0458166,-0.0650339,-0.0770733,-0.00888999,-0.117297,-0.0862737,-0.0825423	-0.551032,-0.481023,-0.378401,-0.448962,-0.405226,-0.278972,-0.323974,-0.425279,-0.231243,-0.516301,-0.282916,-0.448022,-0.288168,-0.338856,-0.278439,-0.312187,-0.391386,-0.326987,-0.326844,-0.107591
0.415275,0.37935,0.368981,0.339954,0.471362,0.381159,0.346276,0.31323,0.38783,0.409423,0.354164,0.443706,0.316515,0.443999,0.450749,0.429013,0.376514,0.310386,0.353766,0.244965	0.346914,0.316417,0.312132,0.288202,0.492126,0.376302,0.333414,0.347754,0.360015,0.39064,0.365357,0.42352,0.324488,0.418358,0.460421,0.430916,0.335198,0.276621,0.366577,0.25013	0.0798665,0.0715175,0.064249,0.0573737,-0.0270354,0.0056696,0.0145403,-0.0387441,0.0323284,0.0223586,-0.0128563,0.0248579,-0.00888603,0.0314908,-0.0122052,-0.00233375,0.0472838,0.0369358,-0.0147199,-0.00550159
-0.499677,-0.522988,-0.456166,-0.545784,-0.423584,-0.356974,-0.393904,-0.459528,-0.224027,-0.498476,-0.359113,-0.539652,-0.323274,-0.384339,-0.370571,-0.363267,-0.392052,-0.371348,-0.432687,-0.159652	-0.0173147,-0.090466,-0.136968,-0.131047,-0.0523755,-0.119966,-0.0517013,-0.0869711,-0.0593246,-0.0311686,-0.0824115,-0.0998965,-0.0335416,-0.0615886,-0.0479549,-0.0564596,0.0143814,-0.0586188,-0.116574,-0.0733455	-0.486572,-0.454002,-0.340471,-0.446686,-0.379631,-0.247611,-0.349317,-0.388066,-0.166921,-0.474683,-0.28514,-0.464813,-0.292908,-0.330575,-0.328453,-0.313232,-0.404155,-0.319689,-0.332905,-0.0873288
-0.519027,-0.507318,-0.426333,-0.54567,-0.434289,-0.396972,-0.391338,-0.475636,-0.258755,-0.488226,-0.370659,-0.544418,-0.338995,-0.337167,-0.356617,-0.372024,-0.387609,-0.362807,-0.393442,-0.171278	-0.028531,-0.0837789,-0.127688,-0.146561,-0.0257696,-0.116334,-0.0756848,-0.0962429,-0.0743428,0.00613222,-0.0652413,-0.110242,-0.0442755,-0.018113,-0.0515019,-0.061058,0.00277618,-0.0627023,-0.0862462,-0.0754184	-0.497868,-0.442339,-0.315839,-0.433802,-0.413143,-0.294225,-0.325288,-0.397593,-0.188029,-0.492883,-0.312986,-0.461899,-0.299211,-0.321015,-0.310824,-0.318194,-0.389966,-0.307091,-0.317986,-0.0971137
-0.46582,-0.555619,-0.488253,-0.551589,-0.426316,-0.358046,-0.384063,-0.466019,-0.22043,-0.491385,-0.363323,-0.558355,-0.327138,-0.379099,-0.358244,-0.345334,-0.419334,-0.402751,-0.437111,-0.16937	0.0846617,-0.0948585,-0.147259,-0.106302,-0.0712705,-0.117814,-0.0273605,-0.120677,-0.0270585,-0.00511091,-0.100504,-0.121525,-0.0459686,-0.0340421,-0.0382107,-0.0353919,0.0076453,-0.0779155,-0.130853,-0.0883016	-0.529596,-0.486396,-0.367411,-0.473023,-0.366171,-0.250812,-0.360491,-0.36592,-0.194531,-0.487498,-0.272779,-0.468628,-0.285462,-0.349569,-0.324475,-0.313777,-0.425615,-0.33536,-0.324838,-0.0822997
-0.480791,-0.538263,-0.448564,-0.542758,-0.441058,-0.405378,-0.389559,-0.479354,-0.252387,-0.47925,-0.369781,-0.564004,-0.351706,-0.332774,-0.343374,-0.354843,-0.397917,-0.400958,-0.39393,-0.181925	0.0839875,-0.085499,-0.12141,-0.108349,-0.0505165,-0.125477,-0.0647666,-0.123845,-0.03848,0.0406384,-0.0778588,-0.136054,-0.0711167,0.00857601,-0.0407822,-0.0386586,0.0212134,-0.0910845,-0.0958325,-0.0920641	-0.542858,-0.474606,-0.345996,-0.461552,-0.399441,-0.294902,-0.333199,-0.377945,-0.216005,-0.509956,-0.300576,-0.463518,-0.287788,-0.340379,-0.306889,-0.320582,-0.415622,-0.321619,-0.309793,-0.0913918
0.719315,0.788071,0.901913,0.770039,0.739396,0.713966,0.834722,0.760357,0.673388,0.68839,0.770073,0.818536,0.732863,0.781359,0.779995,0.828218,0.729018,0.832012,0.767584,0.680439	0.767488,0.761889,0.842027,0.748117,0.8051,0.801864,0.799605,0.773128,0.711338,0.741349,0.818063,0.813903,0.752453,0.756707,0.747573,0.839964,0.706773,0.812276,0.738787,0.694386	-0.107545,0.0655248,0.248938,0.051714,-0.162347,-0.205611,0.105598,-0.030988,-0.0728428,-0.108154,-0.129693,0.0138802,-0.0436752,0.060313,0.0777713,-0.0385976,0.0458899,0.0608803,0.0665176,-0.0264389
0.704975,0.731624,0.800722,0.73239,0.763396,0.646257,0.624417,0.801143,0.76532,0.75335,0.789016,0.739106,0.767278,0.748119,0.760875,0.775236,0.723435,0.722953,0.716335,0.619044	0.705655,0.7062,0.759178,0.705527,0.77534,0.688787,0.683356,0.805566,0.77045,0.730201,0.7976,0.744107,0.76303,0.730916,0.751132,0.77382,0.72253,0.696512,0.716087,0.632275	-0.00135284,0.0526024,0.10595,0.055583,-0.0292675,-0.0766495,-0.102807,-0.0124714,-0.0125002,0.0514542,-0.0231571,-0.0111128,0.0102459,0.0379587,0.022738,0.00353795,0.00189577,0.0532588,0.000509176,-0.0217396
0.410022,0.291743,0.309428,0.342661,0.544879,0.48634,0.292047,0.326454,0.389348,0.405353,0.404922,0.43787,0.356196,0.447487,0.534591,0.450342,0.344034,0.280803,0.400527,0.340281	0.452679,0.350856,0.401384,0.385339,0.550179,0.501037,0.363554,0.405048,0.422354,0.421074,0.38709,0.446213,0.360612,0.462466,0.49536,0.447352,0.369065,0.306094,0.410086,0.355665	-0.0523781,-0.065854,-0.104996,-0.0491704,-0.00756893,-0.0194319,-0.0800017,-0.0905695,-0.0395021,-0.0189564,0.0211464,-0.0103696,-0.00506599,-0.0188875,0.0533622,0.0037441,-0.0286723,-0.0276696,-0.0114372,-0.017502
0.569295,0.560323,0.43843,0.455012,0.526461,0.452299,0.455941,0.402683,0.452452,0.532207,0.551668,0.588137,0.556767,0.510511,0.590352,0.579038,0.488335,0.520809,0.495062,0.362816	0.542468,0.554217,0.464657,0.435294,0.562116,0.465624,0.506054,0.497061,0.455216,0.521771,0.551615,0.577334,0.564558,0.493554,0.546859,0.56821,0.458827,0.514845,0.514988,0.386772	0.038813,0.0088561,-0.0329363,0.0245873,-0.0506426,-0.0168803,-0.0651432,-0.117996,-0.00348052,0.0144471,7.54793e-05,0.0163557,-0.011363,0.0226681,0.0642282,0.0161362,0.0380282,0.00814831,-0.0267445,-0.0278666
-0.519168,-0.574689,-0.519472,-0.550981,-0.415743,-0.370564,-0.421059,-0.476238,-0.226463,-0.517389,-0.316921,-0.545197,-0.33721,-0.359817,-0.361493,-0.323391,-0.457324,-0.420467,-0.455498,-0.152945	0.0941996,-0.12996,-0.18778,-0.160872,-0.0322931,-0.0672985,-0.0285598,0.00236106,-0.0105034,-0.0248102,-0.0673404,-0.0568537,-0.0796579,-0.0643088,-0.042095,-0.0531601,0.0373504,-0.0992517,-0.124997,-0.0673561	-0.584769,-0.480625,-0.367545,-0.42805,-0.388668,-0.311022,-0.397276,-0.478061,-0.216474,-0.498984,-0.255024,-0.503965,-0.264661,-0.302508,-0.324333,-0.274958,-0.486367,-0.335204,-0.350455,-0.0864801
-0.510241,-0.55661,-0.48026,-0.552999,-0.413394,-0.423226,-0.424938,-0.475754,-0.186574,-0.534266,-0.323007,-0.562721,-0.360765,-0.289229,-0.361021,-0.331369,-0.407873,-0.420996,-0.418873,-0.186122	0.119283,-0.116567,-0.167107,-0.168487,0.00212325,-0.0671709,-0.0709578,0.0296643,-0.0318653,0.00496688,-0.0656702,-0.0841291,-0.109167,-0.0239344,-0.0444992,-0.0559981,0.0704051,-0.119941,-0.0950391,-0.0814841	-0.593407,-0.470575,-0.340478,-0.424019,-0.415153,-0.366473,-0.364986,-0.498384,-0.155634,-0.537805,-0.262913,-0.502375,-0.261912,-0.267144,-0.321689,-0.280578,-0.464927,-0.317066,-0.33726,-0.10625
0.376735,0.301004,0.300871,0.328193,0.55343,0.491279,0.360177,0.321291,0.380338,0.401971,0.41037,0.450402,0.359245,0.431185,0.52831,0.445649,0.357739,0.273559,0.401657,0.343569	0.41734,0.38651,0.43326,0.396333,0.546243,0.463488,0.374181,0.396331,0.408155,0.441192,0.383858,0.453828,0.367876,0.463047,0.499215,0.444105,0.383625,0.323298,0.411497,0.345992	-0.0481801,-0.0967636,-0.152234,-0.0783282,0.0103014,0.035986,-0.0161859,-0.0859901,-0.0329287,-0.0476763,0.031469,-0.00430667,-0.00994585,-0.0398113,0.0395174,0.00192473,-0.0300043,-0.0545644,-0.0117884,-0.00274993
0.570698,0.574238,0.423826,0.434643,0.537507,0.44874,0.46943,0.403606,0.45671,0.587491,0.577664,0.54853,0.535008,0.510257,0.597044,0.574881,0.518524,0.497502,0.492919,0.357132	0.543885,0.594075,0.490995,0.441837,0.560898,0.419491,0.460266,0.494736,0.454216,0.600366,0.568763,0.532385,0.547085,0.509996,0.563536,0.565538,0.489941,0.517688,0.512994,0.368012	0.0388815,-0.0301093,-0.0848187,-0.00890382,-0.0334867,0.0360314,0.0116905,-0.113868,0.00314701,-0.0198899,0.0132575,0.0228046,-0.0170747,0.000352361,0.0504988,0.013843,0.0383167,-0.0271874,-0.0268694,-0.0125262
-0.486578,-0.577832,-0.528516,-0.559838,-0.437657,-0.369555,-0.420405,-0.471255,-0.227076,-0.496992,-0.313687,-0.5588,-0.339622,-0.380384,-0.375958,-0.334875,-0.461293,-0.426497,-0.47173,-0.146821	0.133585,-0.120392,-0.178154,-0.164083,-0.0745809,-0.0922283,-0.0722298,0.00907984,-0.0160611,0.0308792,-0.0669971,-0.0792079,-0.0766874,-0.0792237,-0.058115,-0.0655281,0.0251589,-0.0923594,-0.147069,-0.0724464	-0.582313,-0.491641,-0.38678,-0.435786,-0.375327,-0.287113,-0.359079,-0.478288,-0.211788,-0.519892,-0.251985,-0.501803,-0.269965,-0.310518,-0.324942,-0.27539,-0.480871,-0.34784,-0.348864,-0.0751743
-0.480042,-0.550295,-0.494695,-0.565104,-0.435364,-0.427624,-0.421489,-0.47167,-0.190092,-0.520736,-0.310228,-0.574478,-0.355757,-0.316638,-0.370136,-0.337226,-0.424632,-0.421266,-0.431666,-0.179871	0.158566,-0.0898433,-0.163719,-0.178119,-0.0415524,-0.0954342,-0.110439,0.0327818,-0.0408623,0.055619,-0.0537977,-0.101868,-0.0957512,-0.0434246,-0.0540298,-0.0607715,0.0374775,-0.105742,-0.109876,-0.0862741	-0.593437,-0.4844,-0.360145,-0.430297,-0.401068,-0.346323,-0.326236,-0.49677,-0.150398,-0.560132,-0.260782,-0.501987,-0.269175,-0.277022,-0.322557,-0.282239,-0.454871,-0.330235,-0.337812,-0.0950722
0.418428,0.377598,0.379969,0.321652,0.481664,0.392507,0.346883,0.331533,0.37514,0.423856,0.370092,0.453722,0.313633,0.450093,0.464013,0.438988,0.404796,0.316638,0.344355,0.250566	0.349782,0.3125,0.314394,0.261157,0.512028,0.391105,0.323937,0.347221,0.345238,0.398107,0.387718,0.434215,0.316712,0.418843,0.459671,0.431154,0.350552,0.285982,0.354039,0.258671	0.0804153,0.0738069,0.074471,0.0660427,-0.0403033,0.00165625,0.0258505,-0.0177294,0.0343508,0.0309753,-0.0205792,0.0242926,-0.00341886,0.0385094,0.00551987,0.00966306,0.0632144,0.0337085,-0.0110286,-0.00866648
-0.557715,-0.532413,-0.44843,-0.541293,-0.402682,-0.386184,-0.409637,-0.493389,-0.263395,-0.497513,-0.317712,-0.548134,-0.310218,-0.344802,-0.388774,-0.322941,-0.437294,-0.369286,-0.456752,-0.138833	-0.0115528,-0.095464,-0.130215,-0.174901,-0.00859539,-0.0957174,-0.0721843,-0.090456,-0.0867215,-0.0115933,-0.0462529,-0.069694,-0.0423823,-0.0570007,-0.0478872,-0.0503286,0.0547933,-0.0451602,-0.137629,-0.0671722	-0.549704,-0.460347,-0.337948,-0.404706,-0.395455,-0.301615,-0.347735,-0.421756,-0.180804,-0.488739,-0.275508,-0.497443,-0.271404,-0.293571,-0.347353,-0.277116,-0.480572,-0.329623,-0.34053,-0.0723352
-0.564501,-0.516481,-0.410942,-0.551464,-0.402039,-0.438089,-0.401707,-0.508701,-0.216984,-0.508554,-0.312741,-0.559336,-0.321439,-0.273509,-0.389489,-0.330381,-0.418885,-0.356932,-0.420381,-0.16039	-0.0233602,-0.0885806,-0.120071,-0.192049,0.019168,-0.0924642,-0.0959099,-0.099994,-0.094704,0.0261317,-0.0280754,-0.0812612,-0.0525993,-0.0151358,-0.0520351,-0.0542694,0.0407279,-0.0492568,-0.106194,-0.0690895	-0.548372,-0.448416,-0.305968,-0.40199,-0.417986,-0.360216,-0.318051,-0.430611,-0.124845,-0.527673,-0.287187,-0.500839,-0.273464,-0.259447,-0.344435,-0.281153,-0.451904,-0.313182,-0.328869,-0.0923239
-0.51983,-0.562933,-0.47633,-0.544113,-0.406972,-0.388084,-0.396092,-0.499211,-0.260845,-0.489962,-0.324937,-0.568186,-0.314458,-0.33937,-0.37415,-0.303628,-0.457603,-0.401323,-0.460527,-0.149622	0.0992698,-0.0959777,-0.129422,-0.138841,-0.0390895,-0.0970854,-0.0352398,-0.103666,-0.0535145,0.0238361,-0.0715946,-0.0931314,-0.049527,-0.0245333,-0.0217668,-0.0202088,0.0655653,-0.0682974,-0.148458,-0.0853804	-0.58872,-0.493625,-0.369699,-0.43839,-0.373829,-0.302392,-0.36596,-0.417132,-0.210266,-0.507867,-0.259376,-0.501597,-0.269122,-0.31748,-0.355277,-0.285169,-0.507929,-0.342411,-0.33497,-0.0650732
-0.522775,-0.54571,-0.430013,-0.544995,-0.410206,-0.446965,-0.395645,-0.512427,-0.210905,-0.499654,-0.314458,-0.579444,-0.334638,-0.269228,-0.373953,-0.311662,-0.423714,-0.39476,-0.419897,-0.172553	0.0968609,-0.0866059,-0.103601,-0.142244,-0.0168817,-0.106008,-0.0727709,-0.106332,-0.0604904,0.0719107,-0.0476562,-0.109331,-0.0738418,0.0155071,-0.0250042,-0.0229536,0.0769154,-0.0809012,-0.11222,-0.0892381	-0.589772,-0.481878,-0.341631,-0.436597,-0.396067,-0.357915,-0.332445,-0.429497,-0.152358,-0.55174,-0.270861,-0.50191,-0.267404,-0.283552,-0.352243,-0.290788,-0.484829,-0.324213,-0.322892,-0.0846179
0.7017,0.780508,0.914092,0.770985,0.758963,0.683007,0.837367,0.732963,0.702292,0.646993,0.785178,0.800138,0.738157,0.81868,0.761137,0.8366,0.729743,0.829545,0.753821,0.680817	0.72128,0.752966,0.838671,0.773635,0.80017,0.800376,0.788927,0.745238,0.617519,0.760525,0.803589,0.812046,0.748932,0.752961,0.763448,0.848717,0.670875,0.803068,0.732442,0.710423	-0.0396457,0.0667994,0.323172,-0.00656843,-0.104932,-0.2589,0.142729,-0.0270493,0.149691,-0.223514,-0.0498878,-0.0339986,-0.0240959,0.171337,-0.0055166,-0.0417884,0.11533,0.0793166,0.0477352,-0.0573403
-0.06115,0.0316502,-0.00711961,-0.0153165,0.0100237,-0.0229968,0.120962,-0.0317808,-0.0322423,0.0045254,0.0150908,0.0139528,0.00916173,-0.0456521,-0.00124842,-0.0141361,0.041837,-0.000341901,-0.000152504,0.00919052	-0.510108,-0.556324,-0.615365,-0.525924,-0.484683,-0.350546,-0.386209,-0.665273,-0.595804,-0.529726,-0.623143,-0.49345,-0.623977,-0.488871,-0.467344,-0.565196,-0.533675,-0.559778,-0.488112,-0.397201	0.463413,0.577801,0.610922,0.514754,0.492314,0.330211,0.484535,0.647175,0.5746,0.532973,0.632288,0.503933,0.62954,0.453337,0.466367,0.555498,0.562943,0.559543,0.487996,0.404913
0.0325572,0.061707,-0.0197282,-0.022022,0.0189187,-0.042891,-0.00344715,-0.0160594,0.0187146,0.190445,0.0947672,-0.147741,-0.0701064,0.00808728,0.0337654,-0.00725193,0.0947824,-0.0265371,-0.000618988,-0.0138981	-0.312134,-0.317474,-0.568244,-0.482218,-0.474207,-0.409992,-0.320831,-0.609492,-0.54832,-0.307655,-0.460171,-0.457955,-0.503832,-0.418394,-0.381604,-0.453277,-0.417687,-0.394556,-0.400734,-0.390766	0.341224,0.371895,0.554735,0.465135,0.488741,0.373672,0.317735,0.599298,0.561275,0.470531,0.531749,0.332726,0.449606,0.425043,0.410085,0.447496,0.492954,0.371913,0.400214,0.378926
0.0541131,-0.040855,-0.0805807,-0.0640619,-0.0550576,0.04061,0.0420883,0.02689,-0.00135652,0.0395203,0.0267425,-0.0214537,-0.00143878,-0.0650466,-0.0556456,-0.0313025,-0.0212585,-0.0435801,-0.0357005,0.0114834	-0.652608,-0.751605,-0.812654,-0.757834,-0.786818,-0.705419,-0.662576,-0.799477,-0.781468,-0.735645,-0.803429,-0.754465,-0.797129,-0.759062,-0.772431,-0.790101,-0.727014,-0.743571,-0.748426,-0.640131	0.682615,0.733266,0.783372,0.729172,0.764896,0.725252,0.685547,0.808976,0.780939,0.753266,0.81271,0.745071,0.796604,0.730062,0.748978,0.778041,0.716834,0.723434,0.732292,0.64686
0.0542684,-0.0147037,-0.0928718,-0.0752446,-0.0551161,0.0377115,0.0459463,0.0190231,-0.0126451,0.0274483,0.0563499,-0.0132457,0.0272169,-0.0744768,-0.0429368,-0.0134863,-0.0574913,-0.0303261,-0.0244833,0.0122038	-0.64919,-0.742958,-0.813481,-0.7628,-0.77933,-0.698117,-0.670864,-0.797482,-0.789878,-0.728898,-0.795398,-0.758522,-0.795764,-0.75047,-0.768547,-0.785901,-0.729829,-0.743487,-0.741588,-0.646556	0.679518,0.736297,0.7795,0.729422,0.756718,0.716954,0.695377,0.804304,0.785075,0.741511,0.81521,0.75284,0.805534,0.716013,0.750371,0.780689,0.701784,0.729611,0.730365,0.653602
-0.266351,-0.29152,-0.11018,-0.197011,-0.0910594,-0.116579,-0.174139,-0.130152,-0.121596,-0.174849,-0.260706,-0.245293,-0.357478,-0.09616,-0.20672,-0.238185,-0.134407,-0.274286,-0.228924,-0.149518	-0.0889422,0.0436492,0.00479781,-0.117472,-0.0818487,-0.174392,0.034552,0.000139224,-0.0688333,0.00146223,-0.0274008,-0.0219843,-0.0807524,-0.034606,-0.117963,-0.0345757,0.0192865,0.0149628,-0.0939209,-0.112463	-0.181714,-0.330958,-0.114917,-0.0814228,-0.00927995,0.0590128,-0.207442,-0.130289,-0.0532077,-0.176266,-0.234983,-0.224519,-0.284951,-0.0617595,-0.0909753,-0.2053,-0.153296,-0.288067,-0.13797,-0.0376889
-0.0351042,0.0910718,0.164475,0.0361397,0.0355354,-0.0160109,0.0399042,0.00513258,-0.0580507,0.0301144,0.0057998,-0.000936619,0.0475231,0.0272049,-0.0598816,-0.000365524,0.0433492,0.079612,-0.00235339,0.0153128	-0.422175,-0.322119,-0.355192,-0.410377,-0.532651,-0.548798,-0.334048,-0.378429,-0.457623,-0.404245,-0.430477,-0.465047,-0.37569,-0.472458,-0.552669,-0.475238,-0.318171,-0.299537,-0.461293,-0.375236	0.392894,0.401415,0.490983,0.439992,0.557632,0.53751,0.369033,0.382818,0.410477,0.429135,0.43519,0.464312,0.415789,0.493322,0.509654,0.474955,0.356602,0.370318,0.459438,0.388318
-0.0660588,0.0859046,0.155958,0.0295253,0.026946,-0.00877041,0.0558889,-0.0243902,-0.046978,0.0372864,0.0256618,0.0134754,0.0703161,0.0300064,-0.0618968,-0.00218093,0.000865141,0.0969717,-0.000550531,0.0288976	-0.435327,-0.319584,-0.355385,-0.417445,-0.527148,-0.540369,-0.343542,-0.387098,-0.465001,-0.38566,-0.417561,-0.467143,-0.374784,-0.454199,-0.554252,-0.476948,-0.329767,-0.299167,-0.45136,-0.374827	0.380201,0.394654,0.48449,0.441528,0.546334,0.53413,0.391907,0.366165,0.427358,0.416951,0.438523,0.477612,0.433671,0.477695,0.509846,0.475261,0.330538,0.38497,0.450921,0.399399
-0.029825,0.027442,0.100787,-0.0048232,0.042005,-0.018587,0.05696,0.0138454,-0.0530713,0.0357992,-0.00366991,-0.0558167,0.056914,0.0259671,-0.0368846,0.0304097,-0.0111585,0.0298956,-0.000413581,0.00369259	-0.530188,-0.572892,-0.470645,-0.491454,-0.533243,-0.513756,-0.469081,-0.460369,-0.493964,-0.515529,-0.58345,-0.621049,-0.56827,-0.512395,-0.588866,-0.573178,-0.46252,-0.539957,-0.554294,-0.407048	0.508402,0.591042,0.545553,0.487787,0.562646,0.499943,0.512351,0.471211,0.452762,0.541338,0.581025,0.58553,0.605597,0.531293,0.564236,0.593248,0.453703,0.5608,0.554007,0.410124
-0.0548913,0.0236075,0.108393,0.000285013,0.027346,-0.0262682,0.0605985,-0.0107507,-0.03643,0.0525156,0.0286497,-0.0442505,0.0658436,0.0292647,-0.0373877,0.0303003,-0.0332199,0.0405876,0.00598835,0.014928	-0.53725,-0.571868,-0.461466,-0.492053,-0.528961,-0.511885,-0.481807,-0.466177,-0.496868,-0.492224,-0.566532,-0.624547,-0.572881,-0.495613,-0.588993,-0.574455,-0.462783,-0.542332,-0.544553,-0.407334	0.497015,0.587544,0.542713,0.492269,0.548374,0.492235,0.527019,0.457721,0.468926,0.531014,0.585676,0.596789,0.615507,0.517373,0.564026,0.594409,0.43627,0.570365,0.548751,0.41971
0.858153,0.902678,0.931129,0.891668,0.857567,0.866541,0.914351,0.859317,0.774062,0.848578,0.877498,0.93139,0.864701,0.836023,0.860371,0.908558,0.804745,0.910211,0.839413,0.743547	0.875667,0.909842,0.942341,0.884443,0.886347,0.870114,0.879147,0.878806,0.749022,0.869467,0.878739,0.912738,0.83493,0.871095,0.857477,0.906066,0.834634,0.888753,0.861335,0.730059	-0.0704691,-0.0400849,-0.0914878,0.0341846,-0.119965,-0.014526,0.179472,-0.0796009,0.0595891,-0.0796702,-0.00542117,0.124445,0.107078,-0.129064,0.011036,0.0140958,-0.0910322,0.112318,-0.0791475,0.0295031
-0.271663,-0.324593,-0.101271,-0.181484,-0.103249,-0.0863987,-0.180327,-0.122604,-0.12862,-0.273211,-0.300902,-0.163956,-0.331574,-0.0996103,-0.228183,-0.231484,-0.185572,-0.260294,-0.227777,-0.139525	-0.0436517,0.022209,0.00833556,-0.10576,-0.0892131,-0.157771,-0.0555819,0.0156818,-0.0518993,-0.00148145,-0.037042,-0.0300125,-0.0842271,-0.00630426,-0.120202,-0.0251949,-0.00611044,0.014923,-0.0934135,-0.116475	-0.230747,-0.34432,-0.109514,-0.0772063,-0.0141669,0.072359,-0.126008,-0.138021,-0.077236,-0.271839,-0.266834,-0.134606,-0.254453,-0.0933646,-0.111027,-0.2075,-0.179666,-0.274152,-0.137285,-0.0234314
-0.067574,0.115032,0.203903,0.0705585,0.0683705,-0.0436024,0.0152428,-0.00625692,-0.056353,0.00903014,-0.00634973,0.011692,0.0489602,0.064545,-0.0263085,0.0160255,0.0557232,0.101253,0.0185413,0.00748015	-0.391433,-0.331615,-0.350186,-0.395938,-0.528701,-0.548954,-0.394094,-0.3748,-0.445497,-0.413539,-0.438084,-0.475311,-0.381372,-0.450727,-0.54486,-0.469697,-0.332798,-0.294135,-0.458567,-0.378307	0.332658,0.430235,0.517161,0.453818,0.576241,0.517744,0.406893,0.369409,0.399165,0.420997,0.432939,0.484311,0.422445,0.500705,0.526093,0.482093,0.381447,0.383953,0.473086,0.384698
-0.0955649,0.0954495,0.201159,0.0701985,0.0601646,-0.0348092,0.0296315,-0.032634,-0.0400182,0.0227781,-9.72722e-05,0.0216813,0.0594303,0.0738655,-0.0358641,0.00488497,0.031768,0.111188,0.0137514,0.0205309	-0.402027,-0.330962,-0.349405,-0.402532,-0.521876,-0.539208,-0.402507,-0.38295,-0.450735,-0.3944,-0.426489,-0.477162,-0.382091,-0.431675,-0.548062,-0.473362,-0.340129,-0.294066,-0.449901,-0.377954	0.318707,0.413353,0.514408,0.45974,0.564322,0.514047,0.427045,0.354749,0.418262,0.413464,0.42641,0.493735,0.431718,0.489919,0.522467,0.477144,0.367922,0.392424,0.460802,0.395416
-0.0708626,0.0588847,0.143049,0.0329765,0.0753111,-0.0443603,0.0270786,0.00138188,-0.0519277,0.0126725,-0.0190154,-0.0388121,0.0561147,0.0670445,-0.000907078,0.0494545,0.00177992,0.0579562,0.0239974,-0.00416177	-0.541515,-0.590679,-0.461088,-0.473249,-0.531947,-0.506843,-0.4757,-0.464496,-0.495339,-0.587067,-0.60875,-0.579556,-0.550539,-0.507321,-0.59191,-0.568679,-0.493473,-0.522247,-0.550622,-0.400932	0.489433,0.62773,0.566755,0.498446,0.583868,0.47312,0.496385,0.465579,0.455118,0.59531,0.596641,0.553187,0.588474,0.555472,0.59132,0.601225,0.494819,0.563158,0.567125,0.397433
-0.0944952,0.0356441,0.157179,0.0444791,0.0608914,-0.0504261,0.0280406,-0.0199507,-0.0296851,0.0401673,-0.00265045,-0.0332172,0.0492217,0.0775137,-0.00980249,0.0385225,0.00198261,0.0594369,0.0227297,0.0065243	-0.546266,-0.593281,-0.450956,-0.472552,-0.527106,-0.504252,-0.489019,-0.46898,-0.496385,-0.565327,-0.59541,-0.58421,-0.559128,-0.489999,-0.5953,-0.571766,-0.48759,-0.525784,-0.541851,-0.402239	0.47636,0.615901,0.567883,0.506388,0.569712,0.465667,0.510065,0.45327,0.47368,0.59205,0.593696,0.561897,0.592056,0.546746,0.588935,0.597136,0.4891,0.567486,0.557712,0.407693
0.856382,0.896824,0.934429,0.895371,0.861144,0.862391,0.915389,0.86173,0.774572,0.845248,0.867532,0.931701,0.857568,0.843725,0.8583,0.905337,0.812544,0.907696,0.840115,0.737058	0.874295,0.915869,0.940938,0.883391,0.889087,0.865252,0.881418,0.878638,0.745169,0.861357,0.879302,0.916861,0.838403,0.873,0.861226,0.910307,0.82409,0.892844,0.867681,0.723978	-0.0712881,-0.106621,-0.053898,0.0573112,-0.119228,-0.0112745,0.175872,-0.0696224,0.0695394,-0.0592368,-0.0496293,0.101813,0.068201,-0.11113,-0.0112173,-0.0282593,-0.034946,0.0783468,-0.101701,0.0280452
0.00801808,-0.0720975,-0.0760722,-0.037903,0.00591654,-0.0032052,0.00862671,0.00746191,0.00800668,0.000842084,-0.00857495,-0.0452494,-0.00374382,-0.00260656,0.0235629,0.0258978,-0.0544651,-0.0569701,0.00190846,-0.0106079	-0.356008,-0.40968,-0.441935,-0.37485,-0.493253,-0.448038,-0.354226,-0.374967,-0.397162,-0.409455,-0.419863,-0.489148,-0.344655,-0.453632,-0.468942,-0.441712,-0.378842,-0.361171,-0.412938,-0.305569	0.36299,0.347857,0.37859,0.341803,0.497717,0.445473,0.361747,0.381362,0.403885,0.410155,0.412774,0.453947,0.341352,0.45156,0.487122,0.462321,0.331211,0.310592,0.414519,0.295921
0.0157499,-0.0698551,-0.0597306,-0.0273711,0.00047821,-0.0167062,-0.00414231,0.0147946,0.0119624,0.00859948,-0.00195796,-0.0499686,-0.0189199,-0.00236991,0.0250469,0.0275307,-0.0303995,-0.0659761,0.0054134,-0.0127717	-0.35577,-0.404809,-0.429829,-0.374458,-0.486543,-0.448999,-0.374329,-0.374686,-0.402786,-0.388358,-0.404899,-0.495252,-0.35881,-0.435664,-0.470846,-0.4425,-0.366429,-0.369138,-0.400535,-0.307642	0.369449,0.344701,0.379851,0.350681,0.486908,0.43556,0.370761,0.387334,0.41276,0.395636,0.40326,0.456583,0.342213,0.433742,0.490113,0.464374,0.339815,0.310729,0.40507,0.296033
0.86955,0.896991,0.925814,0.89194,0.861723,0.867646,0.911322,0.873804,0.775977,0.843071,0.871706,0.925534,0.845403,0.834711,0.863594,0.903129,0.824162,0.891481,0.83897,0.730045	0.861799,0.900363,0.930133,0.87894,0.884844,0.876062,0.888903,0.868795,0.761443,0.87067,0.888393,0.918152,0.835243,0.872911,0.859208,0.899209,0.814118,0.886162,0.862498,0.729022	0.0309259,-0.017529,-0.0311037,0.0601734,-0.0973466,-0.0350799,0.118044,0.0207971,0.0355236,-0.103773,-0.0739735,0.0491459,0.0345705,-0.140766,0.0170011,0.0208629,0.0305247,0.0253303,-0.0851235,0.00218617
0.868501,0.901241,0.922954,0.888931,0.862539,0.870709,0.910626,0.870256,0.778971,0.836447,0.868683,0.929658,0.855148,0.833527,0.861201,0.90224,0.819629,0.904947,0.837258,0.73286	0.867389,0.905904,0.940762,0.885664,0.881427,0.868403,0.877055,0.871221,0.767651,0.870379,0.890521,0.918974,0.830878,0.871767,0.857902,0.899615,0.831502,0.890901,0.86416,0.729623	0.00450801,-0.025401,-0.135191,0.0153601,-0.0787873,0.00945367,0.166748,-0.00399221,0.0281561,-0.124763,-0.0964483,0.0733407,0.0838409,-0.139888,0.0126322,0.0139388,-0.0372817,0.0724811,-0.0973025,0.00695621
