0.197527,0.158231,0.335747,0.0971453,0.124834,0.0764113,0.0569125,0.176605,0.106301,0.0587868,0.15616,0.121406,0.0859947,0.0771212,-0.102038,0.0243843,0.00779053,0.0956091,0.114249,0.0106707	-0.288587,-0.174851,0.0241386,-0.22513,-0.207775,-0.166795,-0.216352,-0.233754,-0.348628,-0.334106,-0.219284,-0.341458,-0.466952,-0.418602,-0.532479,-0.488144,-0.460328,-0.403617,-0.426667,-0.523957	0.459898,0.324114,0.314155,0.315378,0.3242,0.240146,0.26994,0.39409,0.438672,0.385325,0.363013,0.44444,0.5316,0.480221,0.455172,0.506499,0.466446,0.480677,0.515774,0.531655
0.138645,0.14527,0.248949,0.0850335,0.150148,0.0942946,0.05693,0.17776,0.0765427,0.0660662,0.149618,0.164001,0.094904,0.0928147,-0.116535,0.0296237,-0.00336337,0.096841,0.122195,0.00333407	-0.29502,-0.218293,-0.0686072,-0.205464,-0.174715,-0.100131,-0.206962,-0.225037,-0.334648,-0.354551,-0.229412,-0.303675,-0.480003,-0.385158,-0.531938,-0.500697,-0.460638,-0.389795,-0.415245,-0.54596	0.416623,0.352388,0.312224,0.285509,0.316559,0.192607,0.260819,0.387304,0.400921,0.410991,0.366451,0.445489,0.549859,0.461476,0.442855,0.52257,0.457985,0.468934,0.511487,0.548296
-0.224958,-0.300068,-0.534669,-0.0426507,-0.00615919,-0.10264,-0.103735,-0.0691975,-0.0221471,0.0566571,-0.0425863,0.0344516,-0.0661112,-0.0859908,-0.0477442,0.0189734,-0.081351,-0.0596673,-0.0106793,-0.0237367	-0.708866,-0.715058,-0.689977,-0.550304,-0.494935,-0.548024,-0.46792,-0.566864,-0.533478,-0.579211,-0.603822,-0.478713,-0.658698,-0.692358,-0.610057,-0.655354,-0.568153,-0.680116,-0.628329,-0.697816	0.575714,0.528358,0.246095,0.519855,0.49027,0.471929,0.382765,0.517985,0.517444,0.615665,0.576049,0.504838,0.619568,0.644754,0.579182,0.666046,0.510392,0.646692,0.621822,0.685433
-0.231902,-0.302933,-0.511997,-0.0495538,-0.0187662,-0.10351,-0.10504,-0.0741484,-0.0282601,0.0624341,-0.0506298,0.0225859,-0.0494107,-0.092691,-0.0398076,0.0218537,-0.0819998,-0.06099,-0.014721,-0.0245219	-0.718143,-0.713718,-0.677426,-0.54397,-0.511605,-0.551589,-0.481772,-0.584322,-0.545199,-0.583543,-0.603563,-0.481679,-0.651531,-0.698011,-0.604193,-0.654237,-0.566984,-0.680838,-0.630132,-0.696853	0.5834,0.5241,0.253275,0.508113,0.497616,0.475211,0.396813,0.533279,0.525029,0.62327,0.570362,0.498838,0.622149,0.647193,0.578295,0.666561,0.508631,0.646701,0.621174,0.684019
-0.180312,-0.19732,-0.500158,-0.0350709,-0.043847,-0.0733153,-0.0975563,-0.0633286,-0.0381068,0.0329014,-0.0486337,0.021503,-0.0411199,-0.0777797,-0.0747738,0.0117139,-0.0806399,-0.0467438,-0.0135047,-0.0131835	-0.705923,-0.679534,-0.686662,-0.556228,-0.544254,-0.53766,-0.469705,-0.58437,-0.537034,-0.561995,-0.602441,-0.495397,-0.653078,-0.694448,-0.629657,-0.653543,-0.58226,-0.688304,-0.62063,-0.690684	0.602272,0.556884,0.284062,0.531526,0.512641,0.483399,0.39002,0.541064,0.50935,0.584096,0.570523,0.511452,0.628845,0.651879,0.582299,0.660203,0.526333,0.662888,0.612257,0.683726
-0.226521,-0.283954,-0.512012,-0.0316352,-0.0395621,-0.0791412,-0.105372,-0.0774171,-0.0354713,0.0451953,-0.0455438,0.0135081,-0.0412701,-0.0818884,-0.0517717,0.0142936,-0.0784112,-0.0556436,-0.0175541,-0.00705897	-0.711736,-0.704425,-0.676234,-0.549775,-0.536627,-0.546282,-0.477362,-0.583005,-0.53687,-0.557919,-0.596012,-0.49101,-0.649734,-0.700212,-0.609491,-0.653912,-0.571135,-0.683157,-0.620492,-0.687365	0.578479,0.525604,0.251195,0.52731,0.507847,0.488249,0.391693,0.529486,0.511132,0.588281,0.565827,0.501194,0.625229,0.655934,0.575891,0.662018,0.515824,0.652309,0.609577,0.683623
0.0826692,0.219344,0.0898987,0.117167,0.0936075,0.157761,0.129026,0.136439,0.0630909,0.0402973,0.177557,0.0915993,0.0783996,0.120599,0.0972377,0.0263299,0.07094,0.0769419,0.0585318,-0.00303324	-0.493111,-0.22701,-0.328672,-0.361063,-0.251699,-0.210994,-0.248714,-0.185798,-0.310421,-0.329445,-0.235251,-0.402444,-0.506004,-0.471132,-0.443263,-0.567065,-0.446786,-0.414085,-0.450083,-0.520397	0.553227,0.425183,0.406558,0.45882,0.337358,0.356876,0.365995,0.31427,0.366337,0.364898,0.396256,0.476479,0.562104,0.559918,0.518166,0.584665,0.501821,0.475865,0.495559,0.518181
0.0866414,0.266505,0.106982,0.110206,0.110333,0.133957,0.133545,0.149648,0.0708601,0.0321012,0.180182,0.0913725,0.0737059,0.12529,0.110452,0.0272647,0.0853715,0.0661848,0.0658391,-0.0114694	-0.449415,-0.161618,-0.286809,-0.371928,-0.229711,-0.250407,-0.254096,-0.192231,-0.329741,-0.343378,-0.214028,-0.401743,-0.494941,-0.482239,-0.426013,-0.560252,-0.436984,-0.422606,-0.443025,-0.534983	0.515966,0.410445,0.382068,0.463151,0.331638,0.371889,0.374918,0.332319,0.391455,0.371385,0.379572,0.475655,0.548632,0.572914,0.512356,0.578677,0.50357,0.475491,0.494442,0.526746
0.595402,0.618653,0.446755,0.660622,0.67914,0.667841,0.576585,0.496847,0.435851,0.661049,0.688559,0.711357,0.542514,0.666429,0.718896,0.743839,0.745415,0.737017,0.826121,0.82722	0.662275,0.569657,0.409341,0.714413,0.703611,0.751988,0.595809,0.512232,0.50438,0.61241,0.677087,0.724973,0.498135,0.724686,0.73786,0.704895,0.757025,0.763925,0.837821,0.769638	-0.110411,0.07566,0.0457878,-0.101869,-0.046865,-0.169042,-0.0292834,-0.0206378,-0.0878388,0.0817233,0.0214923,-0.0281153,0.0608135,-0.112672,-0.0403859,0.0818723,-0.0266464,-0.0615768,-0.038004,0.158481
-0.159162,-0.142912,-0.340917,-0.0822642,-0.0847662,-0.0913115,0.0119194,0.00535498,-0.0915028,-0.0335777,0.00287041,-0.171445,-0.0206143,0.0234928,-0.113694,-0.00913402,-0.134297,0.0165772,-0.0861061,0.0121623	-0.48044,-0.542728,-0.462288,-0.373492,-0.338748,-0.40056,-0.169823,-0.262528,-0.246749,-0.377963,-0.368995,-0.269388,-0.262923,-0.349784,-0.292417,-0.286697,-0.259614,-0.338135,-0.31764,-0.322434	0.347879,0.433435,0.144077,0.300459,0.26149,0.320989,0.181375,0.267506,0.158833,0.348812,0.371472,0.102686,0.243629,0.370234,0.184869,0.278292,0.129844,0.352735,0.238045,0.333289
-0.164804,-0.158347,-0.318703,-0.0625892,-0.0839393,-0.0839192,0.00916311,0.0105106,-0.0928742,-0.037572,0.0112342,-0.150287,-0.0208023,0.0315373,-0.11244,-0.0133486,-0.136077,0.00632107,-0.0753122,0.0136967	-0.496712,-0.548458,-0.446579,-0.346019,-0.35111,-0.398236,-0.190569,-0.28743,-0.260962,-0.390895,-0.359082,-0.248462,-0.258459,-0.349771,-0.287672,-0.288253,-0.259217,-0.342209,-0.307958,-0.319104	0.361501,0.427212,0.149096,0.289704,0.275283,0.325184,0.199384,0.297043,0.172262,0.35859,0.368828,0.101983,0.238941,0.377148,0.18109,0.275966,0.127643,0.347778,0.23817,0.331353
-0.120686,-0.10779,-0.294888,-0.0520124,-0.0504362,-0.0888625,0.0426741,-0.00809045,-0.109678,-0.0752359,-0.0169388,-0.14575,-0.0199644,0.040664,-0.0790844,0.00663845,-0.124646,-0.00872681,-0.0744483,0.00538758	-0.47811,-0.528698,-0.454922,-0.366039,-0.352536,-0.403329,-0.154101,-0.310622,-0.252831,-0.374881,-0.372995,-0.258576,-0.262585,-0.348508,-0.282735,-0.270792,-0.269554,-0.376761,-0.293411,-0.315807	0.37931,0.446345,0.184829,0.320121,0.307568,0.326156,0.195489,0.303294,0.147236,0.308342,0.35832,0.117245,0.2439,0.383734,0.208308,0.276932,0.149945,0.369248,0.223853,0.320649
-0.170801,-0.148761,-0.309474,-0.107243,-0.0873019,-0.0967764,0.0362947,-0.00925804,-0.0996988,-0.0703513,-0.0186369,-0.140492,-0.029443,0.064554,-0.0855571,-0.0149755,-0.141678,-0.0085413,-0.079994,-0.000402932	-0.491156,-0.541561,-0.437223,-0.396011,-0.371559,-0.414674,-0.163564,-0.297371,-0.246706,-0.372276,-0.366573,-0.244002,-0.266339,-0.340269,-0.265531,-0.290047,-0.266371,-0.364918,-0.292737,-0.320356	0.34969,0.427218,0.147739,0.301576,0.293787,0.331188,0.19868,0.288909,0.150714,0.310044,0.35033,0.107185,0.238769,0.396122,0.184158,0.276272,0.129583,0.357491,0.217844,0.319995
0.0851005,0.264176,0.237936,0.247268,0.199245,0.0962818,-0.0175051,0.100981,-0.013006,-0.0123473,0.171399,0.224515,0.165931,0.0497552,0.133399,0.16637,0.145626,0.169155,0.146118,0.0377659	-0.121548,0.137842,0.00849063,0.0319916,0.173639,-0.0270065,-0.111318,0.21336,0.0815328,0.0184533,0.138154,0.156801,0.0945633,-0.086044,0.108121,0.0230275,0.115608,0.173344,0.168865,0.0717898	0.204533,0.131108,0.22991,0.216992,0.0265234,0.122968,0.0939957,-0.114854,-0.0944387,-0.0307936,0.0340515,0.0701846,0.0725053,0.13522,0.0256485,0.143894,0.0305326,-0.00431577,-0.0233229,-0.0341164
0.0800485,0.235257,0.252557,0.253833,0.20918,0.0953835,-0.0188521,0.101803,-0.0377915,-0.00191654,0.11077,0.225073,0.179101,0.0644405,0.126382,0.167016,0.145735,0.178186,0.172148,0.021688	-0.0564726,0.164136,0.0627177,0.0260013,0.203057,-0.0582138,-0.122484,0.188926,0.019998,0.0194063,0.109477,0.157403,0.137142,-0.0993281,0.119545,0.0355112,0.114919,0.176513,0.197189,0.0327385	0.135907,0.0739772,0.192895,0.229345,0.00639392,0.152749,0.103872,-0.0888314,-0.0577459,-0.021322,0.00130872,0.0701549,0.0430154,0.162727,0.00694172,0.132289,0.0313403,0.00172658,-0.0259209,-0.0110583
-0.148659,-0.171562,-0.12356,-0.100008,-0.131552,-0.101444,0.0248863,0.0312112,-0.122851,-0.0805665,-0.0436438,-0.170014,-0.0511964,-0.00697901,-0.127054,-0.0282522,-0.124309,0.0366899,-0.102722,-0.0117396	-0.501127,-0.549657,-0.254684,-0.413021,-0.38347,-0.442427,-0.172866,-0.2485,-0.309943,-0.38867,-0.39601,-0.275644,-0.257996,-0.398065,-0.313042,-0.284783,-0.257192,-0.338407,-0.335415,-0.311721	0.38084,0.417461,0.135384,0.326499,0.265301,0.357005,0.196905,0.277559,0.194497,0.318063,0.358563,0.110823,0.209567,0.392175,0.193692,0.258612,0.137271,0.370496,0.240997,0.301083
-0.151351,-0.179682,-0.0959014,-0.0821189,-0.131215,-0.0993887,0.0204918,0.0195098,-0.120585,-0.0871401,-0.0311876,-0.149716,-0.0619375,0.00851444,-0.121598,-0.0335885,-0.125918,0.0275499,-0.0911618,-0.0169544	-0.514194,-0.551095,-0.233921,-0.387677,-0.395665,-0.443538,-0.19475,-0.287905,-0.32037,-0.402856,-0.384948,-0.255534,-0.261115,-0.394143,-0.30488,-0.287199,-0.256442,-0.340911,-0.325238,-0.312724	0.393464,0.412234,0.141186,0.315605,0.278931,0.36002,0.214387,0.305698,0.207814,0.327202,0.358059,0.110027,0.202452,0.401311,0.190339,0.256081,0.134879,0.365032,0.241229,0.297347
-0.111421,-0.139413,-0.12448,-0.0646228,-0.0995783,-0.0792847,0.059954,0.0266833,-0.101852,-0.101076,-0.0553429,-0.127897,-0.057893,0.0156509,-0.0828164,-0.0157869,-0.111048,0.0134047,-0.0912298,-0.0206815	-0.499751,-0.536908,-0.29298,-0.401504,-0.398074,-0.43176,-0.154326,-0.293874,-0.285033,-0.372564,-0.396441,-0.250099,-0.261505,-0.39379,-0.294213,-0.271071,-0.265207,-0.374386,-0.312283,-0.30586	0.411229,0.429655,0.174878,0.345854,0.310816,0.364969,0.212316,0.318063,0.188659,0.282112,0.34875,0.12624,0.206742,0.406933,0.216676,0.256381,0.158837,0.385854,0.227535,0.286993
-0.157843,-0.162812,-0.100495,-0.122692,-0.142914,-0.092063,0.0507633,0.0196318,-0.116065,-0.104264,-0.0583968,-0.126792,-0.0591215,0.0298469,-0.0835357,-0.0340445,-0.140107,0.00600004,-0.0982729,-0.027904	-0.50901,-0.540093,-0.235968,-0.432423,-0.421626,-0.446542,-0.166536,-0.283601,-0.300278,-0.374964,-0.39019,-0.239202,-0.259111,-0.391052,-0.272806,-0.28835,-0.271419,-0.367635,-0.312639,-0.311785	0.381846,0.413655,0.138764,0.327085,0.296583,0.369676,0.215478,0.301554,0.190866,0.281714,0.339529,0.115926,0.203101,0.416043,0.193684,0.256827,0.136503,0.372813,0.221161,0.286372
0.229129,0.288103,0.510908,0.309584,0.28557,0.162506,-0.10571,0.00718327,0.0658185,-0.0319575,0.244116,0.250263,0.222877,0.0414191,0.157144,0.205871,0.196492,0.215654,0.174684,0.0287521	-0.0521633,0.200056,0.302382,0.0457315,0.23751,-0.0260223,-0.205911,0.1002,0.110902,0.0347177,0.219264,0.170624,0.189019,-0.130451,0.116069,0.0858534,0.156277,0.197945,0.188681,0.104406	0.27797,0.0934322,0.246627,0.267642,0.0515571,0.187734,0.102431,-0.093084,-0.045415,-0.0666014,0.0262568,0.0831911,0.0353472,0.170946,0.0418383,0.122177,0.0414881,0.0184988,-0.0144744,-0.0758812
0.281524,0.260316,0.55184,0.338581,0.305361,0.14889,-0.100939,0.0240908,0.0561812,-0.0217542,0.178227,0.252697,0.204111,0.0520932,0.169791,0.18498,0.186058,0.230229,0.205045,0.00983801	0.0689168,0.230922,0.386166,0.0563184,0.27695,-0.0669584,-0.211033,0.0950445,0.0643286,0.0357415,0.18663,0.17302,0.20154,-0.146068,0.146882,0.0794423,0.14518,0.206442,0.221343,0.0616578	0.216814,0.0312744,0.21054,0.28775,0.0310352,0.213718,0.11249,-0.0711165,-0.00817699,-0.057451,-0.00869159,0.0833199,0.00268061,0.196665,0.0234946,0.107111,0.0420131,0.0249733,-0.0170726,-0.0518512
0.776288,0.849454,0.860809,0.764537,0.789937,0.790826,0.742133,0.760646,0.756651,0.740213,0.660471,0.716239,0.645269,0.627735,0.694591,0.856423,0.788071,0.780179,0.815335,0.810433	0.749429,0.849261,0.85837,0.787556,0.766786,0.782679,0.718614,0.716534,0.73643,0.725216,0.665669,0.719316,0.653869,0.621566,0.701576,0.859498,0.790757,0.78391,0.816686,0.813409	0.0642191,0.000692301,0.00934171,-0.057855,0.0587171,0.0213805,0.0503953,0.0969564,0.0456679,0.0323788,-0.00927614,-0.00634833,-0.0148771,0.0101164,-0.0136256,-0.0116518,-0.00712643,-0.00960625,-0.004045,-0.00873426
0.609288,0.658899,0.742542,0.368003,0.390441,0.509299,0.463359,0.428335,0.378003,0.279742,0.428129,0.473265,0.433357,0.485805,0.407153,0.467139,0.523974,0.326033,0.38767,0.404861	0.576437,0.664513,0.699486,0.337689,0.326855,0.506683,0.448675,0.367087,0.39332,0.332562,0.438428,0.454625,0.437313,0.473999,0.379195,0.466563,0.497054,0.285199,0.413852,0.426623	0.0506344,-0.00998751,0.0895886,0.0346161,0.0728882,0.00352524,0.0185377,0.0726757,-0.0179924,-0.0582387,-0.0126788,0.0237493,-0.00488006,0.0153378,0.0330634,0.000736611,0.0363999,0.0450207,-0.0311856,-0.0263056
0.766699,0.762803,0.817946,0.445131,0.531196,0.554451,0.518206,0.535023,0.409921,0.377872,0.432209,0.542511,0.482423,0.549084,0.433171,0.622927,0.576537,0.473048,0.508762,0.478742	0.758722,0.756077,0.818021,0.434447,0.478711,0.545755,0.499054,0.495311,0.422299,0.433806,0.454913,0.537993,0.488492,0.519521,0.438557,0.621963,0.57716,0.452057,0.544483,0.496722	0.0190717,0.01589,-0.000224402,0.0132448,0.0703821,0.0124689,0.0258331,0.0540309,-0.0149693,-0.0669004,-0.0282614,0.00638026,-0.0079398,0.041362,-0.00664863,0.0015733,-0.000932783,0.026701,-0.0494079,-0.0235894
-0.292038,-0.554061,-0.0992381,-0.317629,-0.404475,-0.403187,-0.30382,-0.399552,-0.318626,-0.427093,-0.390545,-0.276197,-0.23367,-0.283538,-0.284057,-0.321781,-0.278226,-0.346061,-0.32709,-0.3932	-0.0717171,-0.237673,-0.0739165,-0.185912,-0.181772,-0.193511,-0.234712,-0.0868363,-0.101583,-0.0712513,-0.0575758,-0.229513,-0.0513629,-0.0344014,-0.123991,-0.172478,-0.176579,0.00980958,-0.0816631,-0.0587352	-0.225034,-0.36437,-0.0255088,-0.139983,-0.240375,-0.227419,-0.0744147,-0.323956,-0.224303,-0.36701,-0.340629,-0.0498444,-0.184522,-0.251591,-0.16591,-0.158076,-0.106898,-0.354666,-0.252162,-0.342372
-0.328933,-0.613588,-0.109371,-0.288896,-0.417228,-0.367138,-0.315448,-0.377558,-0.307742,-0.430641,-0.405713,-0.298167,-0.235911,-0.29225,-0.294023,-0.315928,-0.276421,-0.339889,-0.327521,-0.395812	-0.0608739,-0.301016,-0.0558695,-0.162251,-0.180674,-0.175931,-0.256043,-0.076132,-0.117587,-0.0856282,-0.0545328,-0.252112,-0.0276354,-0.0731715,-0.121757,-0.156238,-0.177053,0.0118331,-0.080427,-0.0809352	-0.273537,-0.383383,-0.0538303,-0.132873,-0.25584,-0.204411,-0.0646251,-0.310347,-0.197294,-0.358222,-0.359126,-0.0497991,-0.209642,-0.223866,-0.178662,-0.167981,-0.104481,-0.350313,-0.253779,-0.325298
0.645624,0.646789,0.718114,0.386711,0.37843,0.481677,0.447069,0.449895,0.364085,0.26321,0.41364,0.506661,0.450199,0.510498,0.40569,0.460727,0.523464,0.318266,0.391394,0.406944	0.640118,0.652652,0.676794,0.333501,0.337595,0.487576,0.456007,0.432687,0.399195,0.330571,0.418678,0.484924,0.445432,0.50478,0.370563,0.457084,0.493666,0.274017,0.416247,0.425737	0.00938361,-0.0101452,0.0803931,0.0610886,0.0468164,-0.00771015,-0.0112261,0.0213677,-0.0410815,-0.0737797,-0.00609313,0.0288173,0.00596296,0.00770301,0.0413416,0.00461468,0.0401806,0.0484764,-0.0296902,-0.0227303
0.751515,0.77709,0.783124,0.453227,0.509896,0.543502,0.486689,0.505552,0.387168,0.36966,0.46023,0.578605,0.502015,0.528463,0.437647,0.623504,0.577547,0.479281,0.492988,0.484273	0.770654,0.770721,0.785713,0.419378,0.48121,0.54344,0.491241,0.5102,0.419505,0.440683,0.477733,0.570946,0.499471,0.505114,0.436098,0.619425,0.575442,0.454622,0.527373,0.499278	-0.0454795,0.015879,-0.00672979,0.0417926,0.0380133,8.78228e-05,-0.00598265,-0.00626422,-0.0386077,-0.0848437,-0.0224359,0.0114373,0.00339534,0.0318514,0.0019142,0.00664464,0.00315323,0.0315291,-0.046465,-0.0197893
-0.293076,-0.55317,-0.0862263,-0.30153,-0.419747,-0.404321,-0.31769,-0.417865,-0.347112,-0.438875,-0.395865,-0.260827,-0.240323,-0.311386,-0.278548,-0.320041,-0.284987,-0.357721,-0.316192,-0.393167	-0.0496902,-0.239748,-0.0578448,-0.184067,-0.185548,-0.188879,-0.233868,-0.0809159,-0.122887,-0.07521,-0.0734725,-0.215125,-0.0647455,-0.0609184,-0.122373,-0.172091,-0.185669,-0.00988753,-0.069145,-0.0597488	-0.246982,-0.361344,-0.0285238,-0.124366,-0.25398,-0.233256,-0.0905486,-0.348741,-0.234216,-0.376079,-0.33205,-0.0484193,-0.178352,-0.255311,-0.161687,-0.156574,-0.104867,-0.349068,-0.252569,-0.341439
-0.319664,-0.611692,-0.0950418,-0.275399,-0.43621,-0.358767,-0.326482,-0.394638,-0.333936,-0.440839,-0.417706,-0.277337,-0.237599,-0.31624,-0.289067,-0.310053,-0.283653,-0.346899,-0.316519,-0.395054	-0.0250211,-0.301868,-0.0377053,-0.163765,-0.189765,-0.158544,-0.252335,-0.0677757,-0.135112,-0.0864979,-0.081689,-0.231742,-0.0354522,-0.0963339,-0.120937,-0.15037,-0.186585,-0.000759107,-0.0673139,-0.08001	-0.297019,-0.379988,-0.0575426,-0.116907,-0.268686,-0.212298,-0.0808041,-0.335845,-0.208219,-0.368388,-0.347888,-0.0487271,-0.203864,-0.226816,-0.17422,-0.167492,-0.102492,-0.346231,-0.25463,-0.325327
0.597043,0.598336,0.67562,0.298935,0.376648,0.468654,0.401381,0.409,0.35926,0.358451,0.417404,0.513974,0.466316,0.461833,0.340929,0.431809,0.462236,0.259407,0.405264,0.385499	0.621787,0.585583,0.719319,0.318641,0.389998,0.462551,0.397047,0.430463,0.356249,0.360054,0.429837,0.527944,0.468501,0.444258,0.373784,0.431437,0.490051,0.279483,0.414153,0.38153	-0.039353,0.0196318,-0.0850156,-0.0217809,-0.0156486,0.007793,0.00515476,-0.0260491,0.00345269,-0.00184078,-0.0151516,-0.0191718,-0.00279536,0.0221106,-0.0376528,0.000456244,-0.0359606,-0.0216456,-0.0106812,0.00465353
-0.265614,-0.529207,-0.154943,-0.323887,-0.398827,-0.377258,-0.306018,-0.421422,-0.32393,-0.419059,-0.412335,-0.279205,-0.234981,-0.30877,-0.300782,-0.289904,-0.277578,-0.378392,-0.311894,-0.38118	-0.00488796,-0.187516,-0.0893526,-0.17559,-0.129074,-0.155099,-0.227521,-0.0753095,-0.116459,-0.109351,-0.0995699,-0.219598,-0.0520778,-0.0526008,-0.123002,-0.135951,-0.153787,-0.0074128,-0.0839489,-0.0557692	-0.261065,-0.379334,-0.0665108,-0.15724,-0.284394,-0.235966,-0.0843715,-0.357457,-0.215605,-0.324581,-0.326155,-0.0635007,-0.185169,-0.260399,-0.184609,-0.16027,-0.129311,-0.372022,-0.234074,-0.332479
-0.292522,-0.57964,-0.168509,-0.309406,-0.40631,-0.350224,-0.315707,-0.399597,-0.313222,-0.428563,-0.441215,-0.299085,-0.233805,-0.301525,-0.317784,-0.285013,-0.27678,-0.37087,-0.319141,-0.377544	0.0236485,-0.233039,-0.0751781,-0.167531,-0.119702,-0.149564,-0.246872,-0.0647658,-0.133448,-0.131809,-0.115619,-0.240144,-0.0249546,-0.0740849,-0.128319,-0.119621,-0.155121,-0.00116164,-0.091156,-0.0702271	-0.313998,-0.400731,-0.0945287,-0.14963,-0.30126,-0.211751,-0.074653,-0.343727,-0.187617,-0.31452,-0.343098,-0.0635012,-0.210076,-0.232636,-0.19752,-0.17123,-0.127117,-0.369868,-0.234816,-0.315687
-0.289305,-0.550986,-0.0974226,-0.322228,-0.417257,-0.379748,-0.306597,-0.416214,-0.30498,-0.409045,-0.417311,-0.26398,-0.221666,-0.306143,-0.266013,-0.297968,-0.272677,-0.363542,-0.310217,-0.39582	-0.0612639,-0.236805,-0.0717706,-0.18505,-0.164139,-0.151107,-0.225227,-0.0828711,-0.0911585,-0.0926641,-0.115887,-0.21345,-0.0403257,-0.0355654,-0.107794,-0.144467,-0.169021,-0.00154434,-0.0864045,-0.0772393	-0.232156,-0.361325,-0.0258326,-0.145876,-0.271728,-0.242559,-0.0874055,-0.345251,-0.219936,-0.328845,-0.316742,-0.0535473,-0.182976,-0.273556,-0.16289,-0.160406,-0.108664,-0.362201,-0.229977,-0.328628
-0.315691,-0.60494,-0.109415,-0.310501,-0.42289,-0.3473,-0.317225,-0.396583,-0.285003,-0.418812,-0.441903,-0.289777,-0.223889,-0.312691,-0.275483,-0.29477,-0.266094,-0.356736,-0.315845,-0.395148	-0.0361107,-0.290698,-0.0553443,-0.180378,-0.153035,-0.139065,-0.245706,-0.0751868,-0.0973317,-0.115621,-0.128336,-0.240085,-0.0163217,-0.0746343,-0.104373,-0.130025,-0.163861,0.00172306,-0.0920613,-0.0942581	-0.282805,-0.381295,-0.0543998,-0.137844,-0.288528,-0.218803,-0.0775651,-0.331274,-0.193026,-0.318619,-0.332419,-0.0534078,-0.208329,-0.243745,-0.176176,-0.171311,-0.106893,-0.358239,-0.230485,-0.31253
0.669773,0.708584,0.810196,0.855172,0.862355,0.832562,0.908247,0.81529,0.824228,0.820744,0.773626,0.873106,0.820034,0.82605,0.828144,0.819796,0.843134,0.808998,0.829229,0.850448	0.768463,0.7781,0.857078,0.840346,0.887894,0.786314,0.893468,0.785274,0.779408,0.806981,0.812856,0.873187,0.855096,0.783,0.850601,0.837418,0.841483,0.801703,0.832053,0.81854	-0.203355,-0.154944,-0.153412,0.0526941,-0.108991,0.133916,0.0783962,0.0834288,0.125339,0.0407578,-0.105698,-0.000340798,-0.117344,0.121884,-0.0759741,-0.0562134,0.00568123,0.0207591,-0.00910934,0.105003
0.572222,0.57285,0.366092,0.636756,0.623866,0.6351,0.556679,0.41649,0.407945,0.638276,0.643809,0.654224,0.509871,0.640471,0.740231,0.733479,0.754114,0.716263,0.807658,0.82751	0.58123,0.498981,0.227063,0.678855,0.681336,0.749567,0.57597,0.433361,0.449715,0.594898,0.624546,0.716329,0.471165,0.714827,0.745627,0.698559,0.755744,0.745849,0.828741,0.764142	-0.0134965,0.103435,0.151633,-0.0741536,-0.0999585,-0.218468,-0.0283964,-0.0205875,-0.051154,0.0699315,0.0322163,-0.11688,0.050944,-0.137145,-0.0120434,0.0716131,-0.00379051,-0.0635201,-0.0637595,0.172354
-0.00506577,0.146381,0.186184,-0.0530768,-0.0840635,-0.0102536,0.0992739,0.0619387,-0.0805964,-0.0755076,0.0387469,-0.201838,0.0210957,0.0806033,-0.0797197,-0.0202085,-0.0848665,0.054633,-0.08239,0.0250945	-0.526875,-0.571771,-0.551916,-0.422619,-0.399634,-0.430605,-0.200481,-0.349638,-0.306949,-0.412121,-0.441879,-0.341904,-0.295629,-0.371231,-0.233274,-0.299994,-0.257258,-0.370267,-0.362482,-0.322713	0.523205,0.662687,0.669322,0.378022,0.326541,0.422215,0.293905,0.402852,0.232094,0.347425,0.472536,0.150448,0.314761,0.438708,0.156464,0.281492,0.176239,0.416476,0.288714,0.345014
-0.00556755,0.130641,0.183356,-0.0261362,-0.072974,-0.0020545,0.0979103,0.07207,-0.0777207,-0.0838311,0.0545891,-0.172017,0.010028,0.0931432,-0.0829986,-0.0261477,-0.0860041,0.0440994,-0.069025,0.0269936	-0.538973,-0.57685,-0.542035,-0.394587,-0.408512,-0.427182,-0.220261,-0.369832,-0.319533,-0.425288,-0.430199,-0.320295,-0.292667,-0.370083,-0.228415,-0.302241,-0.256221,-0.372898,-0.353269,-0.318908	0.535011,0.657911,0.659815,0.372291,0.345848,0.425501,0.311454,0.430429,0.247971,0.354081,0.473664,0.156924,0.301809,0.447791,0.148227,0.278292,0.174052,0.410251,0.291349,0.342949
0.00413966,0.0716699,0.207109,-0.0265613,-0.017657,-0.0330341,0.126244,0.0428164,-0.0884695,-0.101393,0.0211811,-0.167628,0.00547395,0.0931969,-0.0298107,-5.55272e-05,-0.0757705,0.0197133,-0.0688534,0.0125125	-0.53033,-0.570864,-0.549558,-0.411332,-0.409521,-0.437231,-0.185326,-0.392548,-0.312054,-0.407403,-0.44238,-0.331124,-0.297997,-0.370687,-0.22197,-0.282682,-0.266027,-0.408032,-0.340461,-0.316802	0.533299,0.617279,0.679345,0.389021,0.394718,0.410121,0.304447,0.428168,0.229932,0.319195,0.459258,0.173104,0.302977,0.448393,0.193439,0.282631,0.19417,0.424332,0.278128,0.328014
-0.0179812,0.118368,0.201693,-0.0885816,-0.0599761,-0.0367317,0.126376,0.0528198,-0.0798541,-0.105125,0.0168073,-0.156066,-0.0042192,0.119852,-0.0502096,-0.0234238,-0.0947123,0.0257628,-0.0723246,0.00344014	-0.535609,-0.570119,-0.534869,-0.444341,-0.425617,-0.448325,-0.193677,-0.378749,-0.306966,-0.405837,-0.437363,-0.31518,-0.300866,-0.361465,-0.205372,-0.302465,-0.2638,-0.396041,-0.340247,-0.322232	0.522661,0.644963,0.66484,0.370336,0.375219,0.418485,0.312406,0.423104,0.232819,0.314113,0.450856,0.167345,0.297024,0.461331,0.156779,0.281032,0.173421,0.417544,0.274682,0.325312
0.0348195,0.103086,0.23394,0.164555,0.136168,-0.031671,-0.120788,0.00267157,-0.0598936,-0.0423649,0.0435491,0.172116,0.122387,-0.0236405,0.0693953,0.153412,0.101676,0.130124,0.117165,0.0390598	-0.243591,0.0213811,-0.205704,-0.0349351,0.0808139,-0.0942135,-0.163981,0.0795873,0.00291713,-0.0255116,0.0238605,0.0793985,0.0461234,-0.131049,0.179886,0.00940885,0.113628,0.121294,0.101821,0.0649015	0.276069,0.0818855,0.419459,0.19835,0.0559704,0.0627297,0.044066,-0.0769321,-0.0627997,-0.0168715,0.019709,0.0940019,0.0766966,0.107742,-0.111888,0.144211,-0.0120923,0.00897119,0.0155288,-0.0259074
0.0265182,0.0279605,0.235895,0.176717,0.132883,-0.0125449,-0.125581,-0.00721031,-0.0913921,-0.0255431,-0.0238808,0.172263,0.139404,-0.0117647,0.0549772,0.153695,0.0930085,0.146645,0.139875,0.0276008	-0.183118,0.0449848,-0.156859,-0.0406945,0.11018,-0.124379,-0.17548,0.0566409,-0.0583878,-0.0243907,-0.0112484,0.0798457,0.0890761,-0.143405,0.19374,0.0219734,0.113566,0.1248,0.131819,0.0263456	0.208623,-0.0170457,0.37874,0.215859,0.0230409,0.112009,0.0510236,-0.0638252,-0.0331815,-0.00115306,-0.0126358,0.093706,0.0509609,0.131863,-0.140257,0.132168,-0.0207773,0.0222519,0.00820733,0.00125616
0.0168531,0.110544,0.408446,-0.0702069,-0.136259,-0.0170638,0.113848,0.0893391,-0.112268,-0.123432,-0.0125431,-0.205272,-0.0119984,0.051438,-0.0916067,-0.0399534,-0.073046,0.0763933,-0.0996828,0.000865747	-0.52225,-0.576285,-0.326468,-0.453572,-0.457306,-0.480907,-0.202167,-0.334514,-0.351792,-0.427563,-0.465859,-0.374293,-0.294585,-0.424179,-0.245866,-0.302278,-0.247354,-0.37103,-0.382695,-0.30895	0.534399,0.645695,0.648447,0.395974,0.342381,0.467681,0.308905,0.411553,0.249374,0.321076,0.455981,0.183088,0.283589,0.465461,0.157813,0.265532,0.177516,0.435091,0.294237,0.309733
0.0190701,0.103438,0.414251,-0.0451312,-0.12535,-0.0145877,0.110832,0.0814643,-0.105714,-0.134513,0.0082687,-0.175421,-0.0336198,0.0724001,-0.0909159,-0.0471662,-0.0742216,0.0666177,-0.0855841,-0.00392645	-0.531679,-0.577582,-0.310097,-0.427172,-0.465469,-0.481144,-0.223166,-0.368576,-0.361443,-0.442614,-0.452665,-0.35322,-0.29859,-0.419254,-0.237629,-0.305589,-0.24633,-0.37156,-0.373157,-0.309105	0.545221,0.642627,0.641891,0.389551,0.361193,0.469854,0.325936,0.436921,0.265888,0.327606,0.459215,0.189543,0.267657,0.47717,0.149952,0.262202,0.175313,0.427594,0.29706,0.305549
0.0217457,0.0335448,0.371314,-0.0385034,-0.0715684,-0.0199905,0.145502,0.0812755,-0.0786155,-0.128413,-0.0204319,-0.152539,-0.0349063,0.0698816,-0.0332129,-0.0228272,-0.0603925,0.0432392,-0.0863558,-0.0136045	-0.527796,-0.576136,-0.365487,-0.438305,-0.467019,-0.473799,-0.18478,-0.375968,-0.32665,-0.410098,-0.462726,-0.348827,-0.300643,-0.420827,-0.225427,-0.286389,-0.25504,-0.406159,-0.362007,-0.303506	0.543306,0.598121,0.648758,0.406664,0.409125,0.458148,0.321634,0.443686,0.254572,0.297344,0.446516,0.20732,0.268555,0.47669,0.193664,0.265296,0.197692,0.441642,0.284546,0.291103
0.00636344,0.10047,0.413666,-0.103346,-0.121274,-0.0286303,0.143255,0.0843142,-0.0955675,-0.139999,-0.0264337,-0.144738,-0.0359089,0.0868155,-0.0478165,-0.0430746,-0.0915131,0.0413818,-0.0915717,-0.0239899	-0.528522,-0.566109,-0.313441,-0.472494,-0.487373,-0.488192,-0.1959,-0.364382,-0.342957,-0.413297,-0.457305,-0.335794,-0.296919,-0.416968,-0.204255,-0.304796,-0.261917,-0.39862,-0.36313,-0.310373	0.533093,0.630707,0.643651,0.388099,0.389097,0.466077,0.329897,0.435322,0.255772,0.290082,0.436143,0.200816,0.263823,0.486184,0.157982,0.265203,0.174589,0.432862,0.280899,0.288531
0.18932,0.131207,0.530662,0.225946,0.23464,0.0338214,-0.214875,-0.102279,0.0199625,-0.062557,0.123271,0.205264,0.183127,-0.0347188,0.0919214,0.193145,0.150903,0.178481,0.147345,0.0299932	-0.138824,0.106308,0.181143,-0.0118095,0.128779,-0.108513,-0.266029,-0.0443546,0.055246,-0.0144627,0.117848,0.0634903,0.137497,-0.184513,0.19985,0.0695077,0.161968,0.145852,0.116693,0.101097	0.319741,0.0252518,0.386689,0.237123,0.109159,0.141814,0.0542549,-0.0581888,-0.0353224,-0.0481379,0.00550279,0.143646,0.0468085,0.15076,-0.109948,0.125319,-0.0113424,0.0335004,0.031188,-0.0713204
0.242156,0.0600763,0.565508,0.261856,0.241664,0.0403786,-0.214037,-0.0960933,0.00500729,-0.0460093,0.0502891,0.207805,0.166792,-0.0268699,0.0960665,0.171473,0.131277,0.200834,0.174435,0.0156237	-0.0169951,0.140241,0.268727,-0.000852792,0.168897,-0.148168,-0.27179,-0.0487624,0.00957722,-0.0132695,0.0787112,0.065968,0.149171,-0.198899,0.235277,0.0629615,0.151186,0.154581,0.1511,0.0587162	0.258089,-0.080846,0.349965,0.262651,0.0758633,0.187425,0.0613202,-0.0475538,-0.00457015,-0.0327598,-0.0285351,0.143808,0.0180704,0.172954,-0.142429,0.109696,-0.0203121,0.0477341,0.0239668,-0.0431321
0.799249,0.874166,0.891009,0.774246,0.793758,0.805477,0.761853,0.771158,0.767444,0.728699,0.673017,0.712944,0.648145,0.644172,0.698857,0.854319,0.79611,0.78649,0.81489,0.812531	0.770929,0.870704,0.904543,0.791879,0.761338,0.797036,0.739527,0.725084,0.742911,0.716889,0.672783,0.707163,0.666687,0.635054,0.71077,0.858983,0.798209,0.789605,0.813911,0.815049	0.0737821,0.0144963,-0.069748,-0.0455753,0.0819346,0.0235784,0.0511371,0.104512,0.057073,0.0247277,0.000426751,0.011661,-0.0326493,0.0154304,-0.0236716,-0.0175225,-0.00575832,-0.0082193,0.00290768,-0.00745656
0.631293,0.675183,0.794198,0.381085,0.413108,0.526803,0.50005,0.446549,0.397884,0.267816,0.445574,0.4652,0.441765,0.501211,0.436288,0.465705,0.542753,0.337761,0.39131,0.406709	0.626595,0.735036,0.783263,0.355941,0.323204,0.545189,0.490519,0.390297,0.40171,0.30675,0.451827,0.436489,0.461442,0.494425,0.391655,0.46124,0.517907,0.304257,0.415698,0.433763	0.00777295,-0.118823,0.0289324,0.0290891,0.103758,-0.025794,0.0126294,0.0681261,-0.00455384,-0.0424185,-0.00782827,0.0360262,-0.024715,0.00902163,0.0538321,0.00568623,0.0345609,0.0373409,-0.0291259,-0.0328488
0.79034,0.794883,0.85339,0.453084,0.552108,0.574967,0.556242,0.556224,0.428105,0.361956,0.448674,0.540991,0.488063,0.56457,0.450664,0.62104,0.593115,0.483731,0.513881,0.477861	0.782346,0.791431,0.868663,0.450224,0.47472,0.584398,0.53647,0.511756,0.430857,0.411758,0.469111,0.520445,0.509155,0.538304,0.453327,0.617578,0.596551,0.465115,0.545402,0.504301	0.0209448,0.00930872,-0.05904,0.00359308,0.104876,-0.0142027,0.0281817,0.0621626,-0.00337504,-0.0585237,-0.0258852,0.0285982,-0.0280669,0.037733,-0.00334619,0.00561513,-0.00531718,0.0240192,-0.0437956,-0.0348349
-0.308294,-0.599031,-0.124729,-0.380797,-0.450464,-0.474943,-0.37223,-0.45807,-0.351065,-0.4567,-0.469581,-0.339221,-0.264778,-0.326543,-0.325244,-0.337142,-0.303836,-0.370464,-0.347319,-0.391474	0.0628571,-3.04828e-05,0.355098,-0.169283,-0.184643,-0.135695,-0.17509,-0.0352139,-0.0888376,-0.116243,-0.0287556,-0.264422,-0.0133251,0.0139563,-0.0976852,-0.185293,-0.131566,0.0473793,-0.0760174,-0.0457756	-0.364095,-0.599011,-0.459476,-0.226089,-0.289937,-0.362619,-0.210885,-0.429789,-0.270669,-0.359545,-0.446859,-0.0821688,-0.252343,-0.338955,-0.235026,-0.161966,-0.179443,-0.410635,-0.278659,-0.352007
-0.343762,-0.671232,-0.141214,-0.349581,-0.472642,-0.427329,-0.385126,-0.444433,-0.346205,-0.454625,-0.482492,-0.361061,-0.265552,-0.338887,-0.341699,-0.332643,-0.308453,-0.360292,-0.350695,-0.391906	0.0805136,-0.0685896,0.401776,-0.143624,-0.186031,-0.115733,-0.199003,-0.0248036,-0.106687,-0.129297,-0.0247814,-0.287679,0.0120853,-0.0278021,-0.0961076,-0.169564,-0.133588,0.0489023,-0.074902,-0.0682846	-0.412849,-0.631727,-0.513837,-0.216844,-0.314242,-0.327808,-0.201572,-0.424306,-0.248704,-0.345646,-0.463249,-0.0818878,-0.276749,-0.314044,-0.25393,-0.172827,-0.18238,-0.40211,-0.283233,-0.33252
0.662909,0.663779,0.785228,0.397924,0.399721,0.499765,0.484485,0.466305,0.383016,0.251706,0.429176,0.496558,0.461317,0.524654,0.436628,0.459528,0.542397,0.330134,0.394337,0.408569	0.68735,0.728064,0.759436,0.355119,0.341604,0.52697,0.4978,0.456448,0.411035,0.301951,0.435616,0.473733,0.462059,0.526989,0.379678,0.450422,0.515253,0.29375,0.419685,0.433071	-0.0448999,-0.12441,0.0638947,0.0498494,0.0673079,-0.0369311,-0.0175459,0.0125218,-0.0332545,-0.054378,-0.00792163,0.0298464,-0.000943077,-0.00322821,0.068267,0.0114833,0.0376725,0.0402917,-0.030375,-0.0297685
0.773875,0.805184,0.836917,0.460608,0.527241,0.563774,0.525789,0.526351,0.404312,0.354496,0.473767,0.575853,0.51056,0.543475,0.45574,0.622302,0.594655,0.489923,0.497516,0.482896	0.794501,0.805373,0.838607,0.439906,0.483537,0.582263,0.528859,0.528472,0.431415,0.416114,0.494404,0.561066,0.51303,0.526397,0.446464,0.614114,0.595932,0.468226,0.53004,0.506773	-0.0535503,-0.000536004,-0.00566965,0.0259619,0.0586585,-0.027525,-0.0042523,-0.00293826,-0.0328285,-0.0722793,-0.0269483,0.0218453,-0.0033465,0.0239226,0.0116452,0.0132532,-0.00197759,0.0281551,-0.0441718,-0.0316138
-0.3083,-0.598357,-0.114087,-0.366678,-0.4645,-0.474438,-0.38741,-0.472133,-0.377544,-0.469859,-0.473814,-0.322933,-0.272331,-0.352857,-0.321656,-0.335615,-0.310442,-0.381394,-0.336813,-0.391181	0.0924168,0.0012921,0.350736,-0.163338,-0.179641,-0.128988,-0.174804,-0.0243527,-0.106361,-0.125009,-0.0400405,-0.242115,-0.037129,-0.00945829,-0.101286,-0.186327,-0.140314,0.0275294,-0.0611726,-0.0462454	-0.389615,-0.599185,-0.446939,-0.216294,-0.310793,-0.367968,-0.228049,-0.452988,-0.282528,-0.366369,-0.442162,-0.0876734,-0.237605,-0.344548,-0.227791,-0.159246,-0.177876,-0.404675,-0.281439,-0.35129
-0.334159,-0.670973,-0.129459,-0.337786,-0.490121,-0.418385,-0.398411,-0.456887,-0.370537,-0.466941,-0.493103,-0.339681,-0.267606,-0.361445,-0.338417,-0.326891,-0.315674,-0.366966,-0.340035,-0.390965	0.124991,-0.0667077,0.398417,-0.141054,-0.186396,-0.0949989,-0.196145,-0.0113779,-0.120543,-0.135262,-0.0485522,-0.259409,-0.00638087,-0.048365,-0.100534,-0.16503,-0.142907,0.0365339,-0.059379,-0.0667794	-0.440742,-0.632579,-0.501984,-0.206574,-0.334262,-0.336772,-0.219411,-0.447837,-0.261682,-0.35404,-0.455455,-0.0880286,-0.261672,-0.318651,-0.246261,-0.171091,-0.180929,-0.398162,-0.28644,-0.332877
0.645884,0.675601,0.75722,0.312318,0.389767,0.498663,0.447598,0.435885,0.375214,0.337301,0.432751,0.50965,0.477753,0.481489,0.355735,0.427266,0.484067,0.277289,0.408699,0.386849	0.642482,0.610883,0.784558,0.334523,0.405875,0.489355,0.437469,0.447686,0.374125,0.346779,0.44693,0.51774,0.479507,0.462141,0.402312,0.428275,0.512745,0.292329,0.415187,0.385901	0.00581528,0.110198,-0.0673472,-0.0247953,-0.0191361,0.0123121,0.0125948,-0.0146627,0.00126586,-0.010733,-0.0175791,-0.0109896,-0.00227543,0.0248847,-0.0543559,-0.00123522,-0.0381454,-0.0163665,-0.00781399,0.00111396
-0.287215,-0.592076,-0.177187,-0.382572,-0.440058,-0.455482,-0.375858,-0.479222,-0.353307,-0.445215,-0.488572,-0.33991,-0.269142,-0.351482,-0.338126,-0.303723,-0.303347,-0.403143,-0.333571,-0.378888	0.106308,-0.0409791,0.307336,-0.162179,-0.10066,-0.116155,-0.17219,-0.0279373,-0.0919213,-0.137115,-0.0703019,-0.245422,-0.0291745,-0.00944221,-0.0792342,-0.144111,-0.108366,0.0210653,-0.077092,-0.0484195	-0.381863,-0.5648,-0.4595,-0.234972,-0.355129,-0.358283,-0.217762,-0.457409,-0.270159,-0.328131,-0.433148,-0.103088,-0.241867,-0.343178,-0.266019,-0.166918,-0.201609,-0.420636,-0.263249,-0.336644
-0.314243,-0.656587,-0.196598,-0.365273,-0.456544,-0.41709,-0.387527,-0.465389,-0.348448,-0.449889,-0.516318,-0.359586,-0.266057,-0.348081,-0.361198,-0.300066,-0.309369,-0.392328,-0.343776,-0.372476	0.142403,-0.0922123,0.344344,-0.153227,-0.0909639,-0.109484,-0.194198,-0.0177161,-0.111028,-0.158738,-0.0875021,-0.266586,-0.000742657,-0.0335103,-0.0849123,-0.128115,-0.111085,0.0273817,-0.0845687,-0.0628573	-0.437086,-0.600747,-0.506644,-0.224618,-0.38142,-0.322325,-0.209062,-0.451395,-0.246975,-0.313543,-0.449106,-0.10286,-0.265367,-0.318284,-0.285028,-0.178825,-0.205341,-0.415249,-0.266968,-0.317041
-0.305552,-0.597133,-0.12452,-0.385849,-0.456762,-0.457354,-0.374362,-0.47223,-0.335538,-0.436764,-0.493671,-0.324405,-0.255153,-0.348747,-0.308594,-0.312542,-0.300598,-0.387983,-0.332103,-0.394167	0.0754316,-0.0147146,0.336994,-0.176272,-0.14024,-0.106982,-0.163352,-0.0237041,-0.0679676,-0.129223,-0.0904572,-0.234225,-0.0168862,0.010969,-0.078863,-0.154385,-0.126389,0.0331159,-0.0772484,-0.0732944	-0.3724,-0.587581,-0.442928,-0.224871,-0.338185,-0.368397,-0.224755,-0.453604,-0.273815,-0.325937,-0.422061,-0.0975961,-0.239298,-0.358345,-0.235461,-0.166175,-0.18109,-0.415757,-0.261565,-0.330418
-0.331097,-0.666852,-0.142596,-0.371096,-0.471328,-0.413252,-0.386445,-0.460469,-0.321661,-0.441557,-0.516579,-0.350369,-0.255517,-0.358549,-0.324437,-0.310647,-0.301055,-0.377232,-0.340615,-0.391237	0.108432,-0.072603,0.37806,-0.170772,-0.129411,-0.0932289,-0.18641,-0.016728,-0.0755861,-0.151222,-0.103867,-0.262113,0.00836546,-0.031699,-0.0756985,-0.140368,-0.122418,0.0360288,-0.0831444,-0.0903381	-0.424296,-0.624484,-0.494023,-0.213878,-0.364127,-0.332847,-0.215563,-0.447185,-0.252207,-0.311108,-0.436111,-0.09718,-0.263319,-0.330607,-0.255001,-0.178043,-0.185473,-0.407719,-0.264974,-0.311923
0.655551,0.625243,0.800241,0.843056,0.844342,0.825383,0.896591,0.784624,0.803968,0.816938,0.737898,0.860384,0.812168,0.804662,0.808594,0.817289,0.827935,0.807111,0.813775,0.853473	0.763162,0.761717,0.862852,0.820531,0.89138,0.749896,0.885085,0.767908,0.764988,0.794061,0.783253,0.860508,0.844941,0.764022,0.844004,0.836057,0.840817,0.790362,0.823461,0.815115	-0.215348,-0.260575,-0.20229,0.0730741,-0.190153,0.198106,0.0557359,0.0420548,0.101254,0.0651197,-0.107468,-0.000475626,-0.10445,0.105497,-0.11151,-0.059262,-0.042395,0.0462572,-0.029363,0.126042
0.0445622,-0.0658404,0.311445,-0.036193,-0.119563,-0.0142411,0.0254001,0.0428833,-0.049135,-0.107527,-0.116374,0.00606952,-0.056877,-0.079883,-0.036932,-0.0544687,0.0341511,0.0623247,-0.0763679,-0.0933268	-0.78733,-0.816755,-0.469557,-0.813782,-0.814632,-0.818091,-0.660931,-0.619025,-0.632865,-0.800138,-0.830059,-0.791793,-0.675695,-0.826882,-0.818795,-0.818714,-0.78641,-0.8308,-0.8935,-0.874989	0.803694,0.79359,0.681359,0.801187,0.770075,0.813325,0.675,0.644792,0.602464,0.75781,0.789997,0.794046,0.643551,0.79983,0.806244,0.799917,0.7991,0.849156,0.876972,0.851169
0.0508859,-0.0500212,0.321387,-0.0434721,-0.119987,-0.0295603,0.0221014,0.0150811,-0.04312,-0.113772,-0.105533,0.00272683,-0.0756726,-0.0611241,-0.025404,-0.0577366,0.0339165,0.0667305,-0.0727879,-0.119418	-0.793181,-0.814457,-0.456114,-0.810117,-0.818101,-0.822037,-0.670684,-0.647598,-0.640161,-0.806145,-0.824999,-0.787736,-0.678294,-0.823183,-0.816413,-0.820017,-0.785171,-0.830488,-0.891572,-0.877372	0.811321,0.796901,0.6781,0.79463,0.774101,0.812213,0.682666,0.65627,0.613989,0.762288,0.78808,0.788769,0.635226,0.802434,0.807762,0.800165,0.79784,0.850106,0.875607,0.846662
0.0359024,-0.0685779,0.243112,-0.0268034,-0.12727,0.0361635,0.0315725,0.0579184,0.0183827,-0.060953,-0.0936375,0.0494273,-0.069231,-0.067658,-0.0117242,-0.0649739,0.0476798,0.0695663,-0.0754544,-0.101347	-0.794703,-0.809195,-0.509429,-0.810603,-0.826555,-0.80997,-0.64613,-0.641321,-0.608011,-0.787318,-0.822164,-0.779129,-0.675543,-0.826648,-0.813443,-0.816956,-0.788511,-0.836704,-0.889511,-0.873189	0.807564,0.784131,0.66961,0.801207,0.781494,0.822054,0.664154,0.674197,0.61947,0.76298,0.78929,0.797832,0.636059,0.803954,0.809438,0.794136,0.805892,0.856421,0.872625,0.846778
0.0505724,-0.0326094,0.30306,-0.0296346,-0.14176,0.0254407,0.0264806,0.0472525,-0.0210797,-0.0793282,-0.0982457,0.0380571,-0.0552532,-0.0926097,0.00488856,-0.0549863,0.00993739,0.0458929,-0.0827173,-0.108055	-0.790299,-0.805868,-0.462402,-0.821459,-0.831149,-0.818118,-0.655514,-0.63263,-0.624101,-0.790207,-0.821962,-0.776127,-0.669598,-0.82704,-0.806669,-0.820757,-0.796943,-0.837474,-0.890052,-0.874617	0.808555,0.794127,0.671378,0.811581,0.781464,0.826359,0.670358,0.660149,0.611061,0.758421,0.787294,0.790826,0.637947,0.795348,0.80837,0.801964,0.800541,0.850672,0.871497,0.846568
0.308057,0.0620295,0.448088,0.140255,0.223247,0.165295,-0.163886,-0.15583,0.129436,-0.0444847,0.198235,0.070504,0.108242,-0.0268552,0.0678536,0.111092,0.157989,0.1353,0.141409,-0.0332679	-0.583603,-0.497005,-0.0317315,-0.625143,-0.540546,-0.669354,-0.687692,-0.476947,-0.349403,-0.631093,-0.562433,-0.632139,-0.399093,-0.737775,-0.681769,-0.684599,-0.661937,-0.646178,-0.771039,-0.788441	0.755783,0.542316,0.473093,0.703698,0.681547,0.751502,0.590338,0.346899,0.45812,0.603552,0.684366,0.672664,0.486327,0.72529,0.716478,0.739453,0.742298,0.718648,0.822743,0.775514
0.428327,0.0669043,0.499608,0.189906,0.24665,0.132218,-0.152104,-0.130439,0.153429,-0.0437247,0.180868,0.0775062,0.0497542,-0.0404632,0.125208,0.0489226,0.118848,0.152774,0.16798,-0.0475834	-0.495225,-0.488246,0.0557078,-0.610871,-0.518245,-0.688591,-0.687574,-0.472672,-0.368797,-0.627788,-0.585605,-0.634621,-0.403958,-0.752095,-0.661229,-0.695303,-0.666007,-0.638933,-0.757445,-0.803322	0.761933,0.53759,0.456609,0.717537,0.678204,0.752316,0.598012,0.364719,0.494259,0.600548,0.693065,0.678741,0.444773,0.733969,0.726305,0.719743,0.727287,0.721299,0.820969,0.785774
0.81147,0.87432,0.884799,0.769349,0.809669,0.79706,0.740572,0.759111,0.775139,0.756741,0.653577,0.754699,0.659454,0.621214,0.727826,0.858365,0.81236,0.787025,0.815881,0.805933	0.78231,0.864852,0.898636,0.808439,0.78858,0.794639,0.713861,0.719305,0.755065,0.738646,0.66591,0.778898,0.667998,0.621797,0.736024,0.857398,0.813021,0.781065,0.826905,0.810419	0.0798527,0.038827,-0.0675355,-0.103405,0.0583341,0.00660434,0.0566705,0.0876859,0.0484044,0.0410281,-0.0218379,-0.0587125,-0.0152716,-0.000949538,-0.0176576,0.00366418,-0.0019448,0.0154689,-0.0338842,-0.0129336
0.640066,0.680578,0.774889,0.388069,0.411595,0.536801,0.429108,0.435308,0.445386,0.332644,0.438471,0.537382,0.450037,0.473162,0.439226,0.458397,0.571418,0.332142,0.415473,0.402189	0.641303,0.709098,0.771112,0.384064,0.382145,0.53748,0.446798,0.361851,0.442134,0.348486,0.431699,0.547834,0.454987,0.475699,0.446362,0.473047,0.555712,0.269987,0.451333,0.41761	-0.00209803,-0.0551206,0.00938365,0.00470673,0.0349468,-0.000954964,-0.021886,0.0871911,0.00404997,-0.0179191,0.0083529,-0.0148131,-0.00622347,-0.00327426,-0.00887701,-0.0187061,0.0230134,0.0682778,-0.0441366,-0.0185344
0.800724,0.795474,0.839951,0.498872,0.572474,0.581927,0.491392,0.543544,0.464444,0.423901,0.444317,0.593967,0.505093,0.523458,0.464693,0.627947,0.628919,0.484027,0.531174,0.477894	0.784378,0.782621,0.861735,0.466135,0.520429,0.571425,0.497778,0.490296,0.46881,0.446634,0.448333,0.620986,0.502494,0.52925,0.496865,0.621268,0.623414,0.44028,0.57089,0.483995	0.0439505,0.0340541,-0.0788744,0.042656,0.0741313,0.0157341,-0.00845396,0.0725949,-0.00558236,-0.0280434,-0.00501569,-0.0428093,0.00348172,-0.00801122,-0.0418296,0.0109507,0.00905429,0.0555942,-0.0570004,-0.00793677
-0.332772,-0.666896,-0.222482,-0.476911,-0.536972,-0.442457,-0.288196,-0.484269,-0.299622,-0.420478,-0.503053,-0.428101,-0.365969,-0.329256,-0.366222,-0.432825,-0.373895,-0.462779,-0.419983,-0.419592	0.0708505,-0.14659,0.269129,-0.136839,-0.120407,-0.117863,-0.239762,-0.104544,-0.00819922,-0.0372642,-0.0690682,-0.0797395,-0.0373667,-0.0585246,-0.0128753,-0.178391,-0.0524498,-0.0078351,0.00578062,-0.0727744	-0.394325,-0.576682,-0.463838,-0.363815,-0.44536,-0.342452,-0.0520283,-0.399974,-0.292141,-0.389314,-0.449607,-0.360673,-0.333158,-0.27605,-0.355021,-0.275722,-0.327875,-0.456599,-0.424733,-0.357741
-0.370596,-0.717126,-0.240369,-0.452935,-0.556917,-0.40848,-0.293948,-0.461143,-0.267194,-0.433599,-0.473889,-0.447611,-0.377879,-0.346902,-0.368872,-0.430262,-0.376318,-0.462853,-0.439295,-0.410015	0.092109,-0.228476,0.313619,-0.108454,-0.118133,-0.101954,-0.255957,-0.0914632,-0.025975,-0.0531868,-0.0615043,-0.1049,-0.00931158,-0.0992794,-0.00974483,-0.162672,-0.0565935,-0.0053899,0.0075124,-0.0936634	-0.447432,-0.584403,-0.515154,-0.362277,-0.469684,-0.319846,-0.0410813,-0.385959,-0.242905,-0.389392,-0.424765,-0.359596,-0.369869,-0.256455,-0.360423,-0.287728,-0.326682,-0.458607,-0.445338,-0.328986
0.669062,0.667082,0.763167,0.40936,0.399303,0.512588,0.412269,0.455442,0.432181,0.316232,0.427403,0.570884,0.469021,0.498603,0.438222,0.451459,0.570038,0.323004,0.420757,0.405434	0.700248,0.706499,0.744555,0.366177,0.390949,0.515827,0.456752,0.421571,0.449533,0.349828,0.408234,0.556317,0.465225,0.500566,0.437163,0.467102,0.553584,0.26625,0.445558,0.416482	-0.058676,-0.0745528,0.0431054,0.0507974,0.00990004,-0.0044031,-0.0548032,0.0419198,-0.0215357,-0.0377744,0.0232203,0.021346,0.00485585,-0.0026162,0.00131114,-0.0198229,0.0240393,0.0620935,-0.0305235,-0.0132922
0.788008,0.803906,0.820955,0.510881,0.55212,0.573832,0.459929,0.51409,0.443537,0.414898,0.474017,0.63071,0.527656,0.503452,0.471669,0.629703,0.627047,0.487184,0.519065,0.485832	0.800947,0.801132,0.829075,0.43818,0.522203,0.565924,0.493325,0.500823,0.468466,0.455734,0.465613,0.632936,0.516306,0.508639,0.49596,0.623939,0.620903,0.449034,0.547655,0.487539	-0.0350786,0.00779311,-0.0254259,0.0936698,0.0420376,0.0117102,-0.0431973,0.0178678,-0.0314683,-0.0503582,0.0107845,-0.00370647,0.0156002,-0.00697199,-0.0317092,0.00949368,0.0100599,0.048833,-0.039944,-0.00223716
-0.330729,-0.662729,-0.212978,-0.467029,-0.549817,-0.444076,-0.301832,-0.501257,-0.328226,-0.431464,-0.513578,-0.418676,-0.368419,-0.358406,-0.362545,-0.427993,-0.379653,-0.473249,-0.412335,-0.419833	0.101918,-0.130018,0.264782,-0.154067,-0.12609,-0.119007,-0.236642,-0.104021,-0.0286042,-0.0371402,-0.0976751,-0.0852092,-0.0516439,-0.0942002,-0.0127927,-0.172181,-0.0600789,-0.0186964,0.00766998,-0.0754533	-0.41854,-0.582941,-0.452256,-0.337227,-0.45529,-0.343207,-0.0702051,-0.419088,-0.302462,-0.400746,-0.437868,-0.345803,-0.32292,-0.273438,-0.351382,-0.276163,-0.327033,-0.45861,-0.418681,-0.355646
-0.358409,-0.712516,-0.229935,-0.444963,-0.57386,-0.401569,-0.304241,-0.476195,-0.293737,-0.442308,-0.492856,-0.434181,-0.375352,-0.37474,-0.365458,-0.421751,-0.382385,-0.46837,-0.430647,-0.409722	0.13991,-0.210172,0.311037,-0.129352,-0.131254,-0.0892023,-0.249797,-0.0878964,-0.0420906,-0.049661,-0.10138,-0.102469,-0.0179158,-0.132309,-0.0107506,-0.150477,-0.0647857,-0.00818601,0.0102447,-0.0944314	-0.474524,-0.59082,-0.504865,-0.334886,-0.478659,-0.323972,-0.0589222,-0.405261,-0.254796,-0.401466,-0.412065,-0.347157,-0.359856,-0.255079,-0.356107,-0.289657,-0.325667,-0.461955,-0.438955,-0.327981
0.664579,0.654792,0.737114,0.36185,0.42918,0.504521,0.380505,0.415891,0.413192,0.398272,0.424289,0.576574,0.489419,0.437145,0.389767,0.441727,0.527178,0.261483,0.442743,0.385308	0.646615,0.611892,0.763842,0.334163,0.408866,0.49317,0.369181,0.43636,0.420767,0.404786,0.435054,0.593305,0.48183,0.44036,0.414643,0.420924,0.537439,0.281397,0.446181,0.376064	0.0315008,0.0715788,-0.0611679,0.0314954,0.0246379,0.0151105,0.0131745,-0.0250074,-0.00916995,-0.00776609,-0.0132012,-0.0254303,0.00993052,-0.00398095,-0.0296714,0.0255545,-0.0143175,-0.0214958,-0.00428332,0.0108109
-0.309954,-0.646657,-0.275857,-0.485117,-0.538749,-0.418972,-0.295225,-0.497814,-0.30051,-0.402456,-0.519328,-0.438291,-0.364501,-0.358287,-0.388128,-0.409327,-0.371761,-0.483192,-0.411055,-0.408674	0.107882,-0.117483,0.198213,-0.156994,-0.0999947,-0.0791833,-0.258535,-0.0751986,-0.00309487,-0.0330497,-0.0948558,-0.0962211,-0.0380116,-0.0941543,-0.0503362,-0.156379,-0.0342662,0.00152399,-0.0116086,-0.063184	-0.404317,-0.572681,-0.449492,-0.355173,-0.463736,-0.351448,-0.0397221,-0.439052,-0.297692,-0.374386,-0.446466,-0.357131,-0.331076,-0.273354,-0.344523,-0.270247,-0.341849,-0.484359,-0.401362,-0.354648
-0.337221,-0.683786,-0.296748,-0.474336,-0.554874,-0.392749,-0.300472,-0.476649,-0.269217,-0.420657,-0.505881,-0.455855,-0.372912,-0.362091,-0.398477,-0.407072,-0.373845,-0.480981,-0.437032,-0.394341	0.148192,-0.171577,0.232373,-0.147213,-0.0882741,-0.0756774,-0.273564,-0.0633226,-0.0229284,-0.0574796,-0.106547,-0.119086,-0.00671925,-0.117022,-0.0548359,-0.139823,-0.0379678,0.00861597,-0.0201374,-0.0771269	-0.46231,-0.580289,-0.494988,-0.351681,-0.490631,-0.326784,-0.0293171,-0.42619,-0.247818,-0.372176,-0.422084,-0.3561,-0.367113,-0.255912,-0.351317,-0.283378,-0.340713,-0.487576,-0.420596,-0.327165
-0.327002,-0.658724,-0.224565,-0.475999,-0.545529,-0.420938,-0.295834,-0.493021,-0.2852,-0.395763,-0.522892,-0.425472,-0.350051,-0.358684,-0.354154,-0.410542,-0.366586,-0.474248,-0.406183,-0.420391	0.0944847,-0.135598,0.236684,-0.111168,-0.097265,-0.0674697,-0.251755,-0.0820734,0.0115398,-0.0210641,-0.110939,-0.0948609,-0.0143745,-0.0986005,-0.0261209,-0.142852,-0.0327765,0.00813776,-0.00729184,-0.0788084	-0.408854,-0.574435,-0.43797,-0.385215,-0.473382,-0.363801,-0.0476255,-0.428278,-0.295766,-0.377849,-0.437321,-0.344516,-0.337375,-0.269619,-0.331096,-0.284367,-0.337869,-0.480532,-0.400076,-0.353287
-0.354252,-0.702364,-0.244368,-0.468324,-0.559202,-0.390432,-0.301829,-0.472651,-0.244272,-0.414387,-0.505919,-0.448876,-0.361854,-0.375402,-0.356872,-0.410341,-0.363984,-0.470918,-0.430563,-0.408935	0.133269,-0.201764,0.275893,-0.105784,-0.0816289,-0.0575624,-0.267849,-0.0730234,0.00258786,-0.0459893,-0.118326,-0.125232,0.0139961,-0.139,-0.0215895,-0.128304,-0.0294117,0.0117684,-0.0140461,-0.0950918	-0.465543,-0.583254,-0.4874,-0.381437,-0.500416,-0.340523,-0.0369687,-0.413914,-0.246704,-0.375555,-0.412273,-0.342921,-0.373956,-0.249416,-0.337886,-0.29771,-0.338193,-0.480026,-0.419052,-0.326541
0.649066,0.647699,0.760276,0.808585,0.820943,0.815793,0.910632,0.794921,0.847382,0.814574,0.783035,0.839636,0.770701,0.800754,0.803838,0.771636,0.792549,0.749982,0.767522,0.850717	0.749866,0.678398,0.830879,0.798329,0.867493,0.765681,0.894487,0.763097,0.769656,0.815921,0.732555,0.840689,0.833981,0.776152,0.819222,0.792662,0.793956,0.758031,0.819863,0.793607	-0.196382,-0.0547602,-0.191698,0.0289306,-0.161721,0.133503,0.0870611,0.0808949,0.223475,-0.00401728,0.11839,-0.00358071,-0.177131,0.0649992,-0.0450492,-0.0541412,-0.00379515,-0.0186536,-0.14118,0.175794
0.810786,0.871101,0.868426,0.767969,0.81538,0.800086,0.742593,0.760014,0.779541,0.769314,0.659324,0.754258,0.67872,0.627544,0.730192,0.86098,0.812839,0.785498,0.816712,0.815053	0.78301,0.865217,0.888407,0.804006,0.794877,0.793363,0.713667,0.704173,0.763561,0.749707,0.674559,0.777253,0.67631,0.634364,0.742301,0.859021,0.813506,0.78082,0.828227,0.812889	0.0760699,0.0238867,-0.0874504,-0.0942032,0.0582683,0.0184078,0.0615405,0.120135,0.0394804,0.0463264,-0.0274385,-0.0555772,0.00445458,-0.0113294,-0.0264405,0.00752389,-0.00196841,0.0120983,-0.0355857,0.00641442
0.643378,0.687296,0.758653,0.392326,0.431256,0.529505,0.420599,0.414563,0.432557,0.344453,0.449545,0.526436,0.475137,0.482303,0.438839,0.472823,0.568377,0.320905,0.421854,0.415274	0.641389,0.71461,0.720896,0.391352,0.401718,0.545461,0.442223,0.348508,0.469494,0.37847,0.44947,0.553429,0.472388,0.489283,0.454413,0.483735,0.556541,0.260362,0.457454,0.428331	0.00338751,-0.0536771,0.0833313,0.0011516,0.0357272,-0.0224359,-0.0265653,0.0772101,-0.0463507,-0.0391159,9.43669e-05,-0.038091,0.00354512,-0.00913612,-0.0194539,-0.0141482,0.0173126,0.0660622,-0.044112,-0.0158815
0.801222,0.791598,0.818078,0.5022,0.593151,0.577048,0.487236,0.530749,0.466831,0.439025,0.45864,0.585143,0.521296,0.537458,0.460023,0.635702,0.631107,0.482564,0.537114,0.490917	0.786383,0.786398,0.83684,0.472141,0.535933,0.578324,0.494475,0.479581,0.48791,0.472823,0.467698,0.62445,0.518717,0.538559,0.506127,0.629012,0.617885,0.433594,0.575028,0.492974	0.0401119,0.013776,-0.0594863,0.0394004,0.0838839,-0.00191541,-0.00953651,0.0686387,-0.027296,-0.0426517,-0.0115326,-0.0619392,0.00353583,-0.00154942,-0.0600966,0.0111475,0.0216721,0.0619278,-0.0548567,-0.00271385
-0.418706,-0.675693,-0.509477,-0.510568,-0.57219,-0.480187,-0.217931,-0.4173,-0.3507,-0.403151,-0.546127,-0.449022,-0.409548,-0.316512,-0.379891,-0.466824,-0.422961,-0.498547,-0.436789,-0.409473	0.0606161,-0.115425,0.0777209,-0.128474,-0.0647804,-0.119524,-0.238452,-0.123338,0.0232483,0.014718,-0.0187501,-0.084546,-0.002016,-0.0299939,0.00127603,-0.170734,-0.0710692,-0.0317314,0.0255712,-0.0472441	-0.467458,-0.607661,-0.564833,-0.408917,-0.526941,-0.382623,0.021646,-0.309913,-0.370924,-0.415404,-0.532833,-0.378858,-0.407869,-0.289265,-0.380983,-0.321733,-0.362798,-0.474319,-0.457253,-0.369375
-0.492294,-0.728713,-0.550933,-0.499192,-0.596661,-0.439327,-0.23024,-0.409579,-0.331194,-0.414698,-0.512964,-0.471125,-0.395745,-0.335354,-0.396057,-0.452074,-0.419636,-0.500358,-0.459985,-0.396334	0.0901575,-0.20151,0.136425,-0.100259,-0.0596095,-0.10172,-0.254773,-0.114211,0.0030998,-0.000832071,-0.0130062,-0.111095,0.0284254,-0.0720028,0.0044687,-0.152608,-0.0754572,-0.0290624,0.0280712,-0.0682453	-0.557698,-0.617943,-0.639307,-0.41995,-0.556857,-0.3534,0.0260618,-0.309863,-0.333951,-0.414009,-0.503316,-0.379915,-0.419452,-0.269867,-0.399818,-0.321658,-0.355434,-0.47825,-0.481835,-0.33721
0.671239,0.673825,0.746577,0.413819,0.420084,0.503498,0.403313,0.433325,0.420191,0.328039,0.440465,0.56008,0.491351,0.510026,0.437592,0.46622,0.56706,0.312389,0.427125,0.417581	0.697868,0.707963,0.687289,0.376131,0.411142,0.526509,0.453786,0.422546,0.473648,0.381723,0.424959,0.563007,0.491076,0.510173,0.441108,0.479158,0.554477,0.255938,0.451138,0.432783	-0.050094,-0.0652779,0.121769,0.0446353,0.0108086,-0.0313122,-0.0617803,0.0131957,-0.0667388,-0.0613687,0.0190775,-0.00427413,0.000362797,-0.000198152,-0.00435813,-0.0166601,0.018353,0.0613559,-0.029744,-0.0185551
0.788357,0.802342,0.798452,0.513621,0.573623,0.566963,0.454598,0.496222,0.447443,0.429625,0.488258,0.622215,0.540828,0.520326,0.467417,0.63817,0.628609,0.486116,0.525459,0.497573	0.801464,0.803346,0.797409,0.446252,0.538087,0.57544,0.490966,0.501115,0.485064,0.483332,0.481804,0.637873,0.540678,0.514557,0.501845,0.633408,0.614823,0.441506,0.551736,0.501785	-0.0356015,-0.00282265,0.00287293,0.0874022,0.0514017,-0.0125818,-0.0468182,-0.00651227,-0.048049,-0.0677821,0.00843932,-0.0259618,0.000212602,0.00787877,-0.0449786,0.00799327,0.022471,0.0568015,-0.0370047,-0.00561289
-0.41364,-0.673138,-0.504873,-0.499513,-0.583849,-0.480491,-0.231485,-0.43393,-0.381782,-0.413786,-0.559011,-0.438865,-0.408385,-0.348868,-0.376128,-0.461399,-0.428837,-0.509194,-0.429537,-0.407979	0.0927187,-0.107023,0.0586662,-0.143158,-0.0703778,-0.115093,-0.233401,-0.104628,-0.002301,0.0178241,-0.0557873,-0.0884776,-0.00494449,-0.0723293,-0.00314978,-0.162874,-0.0793744,-0.0450189,0.0266197,-0.0424568	-0.487656,-0.610065,-0.547328,-0.3838,-0.535473,-0.386789,0.00202631,-0.344964,-0.379815,-0.42845,-0.519422,-0.364542,-0.404256,-0.283697,-0.37342,-0.322782,-0.361777,-0.475065,-0.451,-0.371965
-0.475327,-0.7257,-0.545821,-0.489827,-0.612392,-0.431555,-0.240239,-0.423205,-0.359607,-0.423375,-0.533819,-0.457356,-0.388904,-0.366293,-0.392809,-0.44327,-0.425941,-0.505581,-0.451718,-0.394622	0.144287,-0.191537,0.117788,-0.119003,-0.0732712,-0.0830024,-0.246789,-0.0922343,-0.018051,0.00572385,-0.0613658,-0.106957,0.0314417,-0.112296,-0.00116341,-0.138542,-0.0843856,-0.033784,0.0299195,-0.0617538	-0.579846,-0.620397,-0.623522,-0.393778,-0.564448,-0.361502,0.00696261,-0.344414,-0.343788,-0.428061,-0.488454,-0.368421,-0.415268,-0.264892,-0.391825,-0.324666,-0.35429,-0.479995,-0.475215,-0.341183
0.662319,0.65399,0.684312,0.367467,0.451876,0.505029,0.374543,0.404071,0.424151,0.419616,0.44144,0.574684,0.503622,0.454097,0.386378,0.452577,0.53147,0.255219,0.451351,0.400424	0.649082,0.620581,0.741718,0.339313,0.426846,0.490008,0.360113,0.419716,0.408785,0.418817,0.450572,0.587567,0.503741,0.448205,0.416648,0.435366,0.52995,0.269005,0.453283,0.389515	0.0232177,0.0562318,-0.116577,0.0321652,0.0310109,0.0199601,0.0166807,-0.0188407,0.0185893,0.000969171,-0.0113996,-0.019452,-0.000160156,0.00739777,-0.0360775,0.0214342,0.00211648,-0.0148022,-0.00242918,0.0129249
-0.391202,-0.655809,-0.532361,-0.518771,-0.577291,-0.460535,-0.225794,-0.438322,-0.361836,-0.391997,-0.56337,-0.462452,-0.4044,-0.347692,-0.400243,-0.443383,-0.422088,-0.515924,-0.428768,-0.397357	0.105359,-0.0822824,0.0417753,-0.153651,-0.0418891,-0.0972495,-0.259974,-0.106121,-0.0153532,-0.00488916,-0.057283,-0.120043,0.00640816,-0.0700499,-0.0460211,-0.14332,-0.0570366,-0.0244902,0.00740036,-0.0346986	-0.476904,-0.60624,-0.561646,-0.396743,-0.54867,-0.380318,0.036312,-0.348408,-0.348418,-0.387852,-0.522964,-0.362535,-0.409746,-0.284573,-0.360869,-0.320425,-0.374056,-0.497723,-0.434789,-0.367728
-0.452213,-0.695443,-0.573424,-0.519864,-0.598932,-0.426796,-0.237354,-0.429075,-0.34197,-0.409645,-0.544909,-0.481311,-0.386484,-0.35215,-0.424518,-0.426783,-0.418215,-0.516505,-0.458539,-0.380393	0.159921,-0.138645,0.0825594,-0.145467,-0.0255301,-0.0919043,-0.275287,-0.0963724,-0.0358169,-0.0295618,-0.0707267,-0.143751,0.0395497,-0.0944874,-0.0513689,-0.123497,-0.0608914,-0.017131,-0.000932493,-0.0490675	-0.570851,-0.616213,-0.626332,-0.405027,-0.582306,-0.348563,0.0405845,-0.347054,-0.30995,-0.384742,-0.49319,-0.362652,-0.41962,-0.266531,-0.381468,-0.320161,-0.366661,-0.503832,-0.457802,-0.337627
-0.41033,-0.670305,-0.506622,-0.508205,-0.579283,-0.461161,-0.22712,-0.429703,-0.342672,-0.382952,-0.565626,-0.449274,-0.391774,-0.345951,-0.368663,-0.44548,-0.411255,-0.507449,-0.423102,-0.408145	0.0842981,-0.122423,0.0364649,-0.104015,-0.0302469,-0.0806968,-0.252245,-0.10582,0.025972,0.0169174,-0.0728376,-0.113866,0.0222003,-0.0648406,-0.0280923,-0.133092,-0.0393086,-0.00908455,0.01366,-0.0485796	-0.47809,-0.59686,-0.533236,-0.426748,-0.558827,-0.39517,0.0266518,-0.339312,-0.365392,-0.397296,-0.513963,-0.353492,-0.410405,-0.287561,-0.344135,-0.332076,-0.378059,-0.500672,-0.434252,-0.366839
-0.47183,-0.717195,-0.549468,-0.511753,-0.598821,-0.423517,-0.239428,-0.423113,-0.313891,-0.401463,-0.543637,-0.474634,-0.377571,-0.363735,-0.38542,-0.432449,-0.402364,-0.505693,-0.451334,-0.393988	0.136051,-0.192978,0.0823585,-0.0996442,-0.00912503,-0.0691038,-0.268517,-0.0993684,0.0158284,-0.00823117,-0.0816363,-0.14563,0.0518382,-0.107375,-0.0239091,-0.116093,-0.0356034,-0.0050356,0.00722589,-0.065117	-0.571213,-0.608424,-0.604472,-0.434253,-0.592936,-0.365099,0.0310868,-0.337953,-0.328089,-0.394535,-0.483457,-0.353434,-0.421166,-0.266779,-0.364874,-0.333078,-0.372091,-0.501935,-0.457069,-0.33753
0.549652,0.632586,0.64499,0.778561,0.797455,0.811202,0.917198,0.811092,0.819461,0.823936,0.762661,0.829648,0.781844,0.809029,0.77818,0.793797,0.797015,0.737951,0.753611,0.853613	0.743169,0.66689,0.805335,0.798271,0.867541,0.742891,0.909461,0.805253,0.759076,0.825432,0.697828,0.834016,0.795798,0.778676,0.823447,0.781116,0.778596,0.756071,0.816885,0.792259	-0.327154,-0.0593361,-0.333657,-0.0520754,-0.227423,0.171909,0.0466518,0.0168328,0.159764,-0.00467615,0.138592,-0.0141792,-0.0369326,0.0820274,-0.126019,0.0333749,0.0485395,-0.0409904,-0.164611,0.18953
0.16813,-0.073358,-0.18358,0.0396091,-0.0166079,-0.078275,-0.0374219,0.0878814,-0.024204,-0.0405419,-0.0322711,0.0948128,0.027904,0.0493476,-0.0154256,-0.038049,-0.0123223,-0.0299805,0.0135893,0.00958596	-0.309632,-0.596191,-0.582646,-0.633608,-0.650652,-0.58433,-0.492012,-0.499984,-0.559116,-0.585846,-0.395636,-0.409647,-0.352807,-0.213245,-0.486251,-0.720732,-0.555146,-0.688085,-0.659547,-0.656015	0.454121,0.546745,0.446863,0.656736,0.64097,0.530311,0.463117,0.563123,0.54225,0.558571,0.368064,0.4856,0.376999,0.259858,0.474384,0.701932,0.546563,0.671966,0.667157,0.661442
-0.00350371,0.125174,-0.240951,0.00136771,-0.0407371,-0.0252868,-0.0823661,-0.0463573,-0.0514764,-0.0195264,0.0611586,0.0978837,0.0347079,-0.0407399,0.00237588,-0.0144836,0.00540454,0.0150151,-0.0697501,0.0228499	-0.0237579,-0.275622,-0.399254,-0.591583,-0.565437,-0.527664,-0.475917,-0.455947,-0.555385,-0.513392,-0.321148,-0.302048,-0.277216,-0.216985,-0.434348,-0.600042,-0.46682,-0.564192,-0.612928,-0.606808	0.0202558,0.38743,0.175153,0.592471,0.537071,0.509171,0.409607,0.418434,0.518739,0.498866,0.374942,0.388447,0.308952,0.177817,0.436274,0.590692,0.471036,0.574342,0.567437,0.621047
-0.0140496,-0.0121818,0.0542876,0.0597119,-0.0674031,-0.00976674,-0.0412965,-0.0863555,-0.0873148,-0.039693,-0.0168746,0.0449369,-0.00858849,-0.0514612,0.017507,0.0166655,-0.0153267,-0.0384036,0.0390563,0.00641379	-0.783274,-0.873725,-0.86989,-0.794114,-0.822433,-0.815317,-0.789003,-0.771673,-0.774248,-0.760531,-0.686177,-0.764803,-0.668676,-0.656627,-0.725927,-0.881926,-0.824703,-0.792545,-0.816105,-0.815301	0.777784,0.870811,0.882502,0.815172,0.799341,0.812016,0.77289,0.734247,0.736739,0.743276,0.677143,0.782836,0.6639,0.62633,0.734105,0.885576,0.819738,0.777815,0.828746,0.81744
0.0145432,-0.0121903,0.0588438,0.0512029,-0.0831958,0.0229163,-0.0326025,-0.0816512,-0.0805227,-0.0334,-0.0342592,0.0624509,0.00128712,-0.0470684,0.015337,0.0413509,-0.0165903,-0.0211225,0.0405245,0.0125433	-0.774301,-0.877449,-0.86645,-0.78949,-0.830069,-0.805088,-0.79022,-0.769062,-0.777599,-0.762449,-0.691159,-0.767128,-0.658696,-0.668099,-0.724867,-0.877471,-0.824168,-0.786836,-0.813567,-0.818737	0.78006,0.874614,0.880406,0.808029,0.802277,0.813005,0.777653,0.733469,0.743639,0.7481,0.672832,0.791652,0.659424,0.641193,0.732066,0.886651,0.818773,0.778655,0.826831,0.82283
-0.363697,-0.452123,-0.447531,-0.203586,-0.188629,-0.162813,-0.186628,-0.164736,-0.0804389,-0.0371616,-0.0284878,-0.0394138,-0.0379113,-0.14461,-0.123173,-0.32005,-0.201666,-0.27994,-0.168535,-0.152106	0.0615599,-0.233662,-0.139651,-0.0778199,0.0250159,-0.0990101,-0.10863,0.0294421,-0.0387098,0.100636,-0.00622154,0.116243,0.0583386,-0.0643469,-0.0507197,-0.0650645,-0.0788334,-0.0666352,0.0327033,-0.0436477	-0.415945,-0.244267,-0.328404,-0.12779,-0.212642,-0.0648486,-0.0796119,-0.193241,-0.0418594,-0.137284,-0.0222702,-0.154947,-0.0960376,-0.081017,-0.0729084,-0.260409,-0.124816,-0.217359,-0.200136,-0.109183
0.0506449,0.0795048,-0.116638,-0.0295214,-0.0173657,0.0488789,-0.00733521,-0.0634619,0.0020192,0.0209442,-0.0329773,-0.00349107,0.0054758,-0.0375075,-0.0322243,0.0470912,-0.00123744,-0.0613419,0.0268112,0.0294339	-0.598701,-0.683098,-0.767287,-0.46106,-0.446326,-0.554166,-0.560838,-0.463185,-0.432876,-0.348896,-0.478088,-0.573513,-0.459172,-0.515509,-0.46996,-0.525318,-0.584818,-0.332829,-0.422186,-0.424588	0.630237,0.723319,0.714602,0.437493,0.432311,0.587141,0.55579,0.411829,0.434515,0.367158,0.452241,0.571165,0.463483,0.487426,0.444467,0.558591,0.584003,0.277145,0.443972,0.448418
0.0711227,0.0992627,-0.125013,-0.0467815,-0.0104268,0.0348244,-0.00377671,-0.0634197,0.00015661,0.0123423,-0.0515318,-4.82889e-05,0.00884049,-0.0160809,-0.0401658,0.0487772,-0.000560834,-0.0568019,0.0173134,0.0379951	-0.584598,-0.689247,-0.766831,-0.459877,-0.443524,-0.553293,-0.566881,-0.458968,-0.443768,-0.363082,-0.487261,-0.583204,-0.444995,-0.521779,-0.47391,-0.519396,-0.583558,-0.326378,-0.426495,-0.430994	0.629546,0.738017,0.709869,0.422178,0.435109,0.577,0.564313,0.407407,0.443894,0.37375,0.446952,0.583172,0.452057,0.509977,0.44216,0.554134,0.583188,0.274668,0.440556,0.461433
0.00558705,-0.0277775,0.00950982,-0.0151583,-0.0496729,0.0523965,-0.00969638,-0.0514723,0.0279231,0.0443179,-0.0362213,0.0221308,0.023672,-0.0425775,0.0263235,0.046563,0.0179242,-0.039416,0.0416556,0.000852537	-0.775066,-0.802179,-0.831451,-0.535996,-0.594662,-0.592164,-0.602777,-0.568098,-0.440009,-0.428663,-0.495821,-0.624911,-0.498256,-0.565794,-0.479674,-0.667583,-0.632884,-0.475576,-0.536115,-0.507473	0.777287,0.792051,0.834363,0.525104,0.561577,0.625164,0.596567,0.532188,0.462252,0.464163,0.468005,0.638216,0.515844,0.536132,0.499688,0.692616,0.643508,0.444492,0.565149,0.508105
0.0365263,-0.0163724,0.00363757,-0.0396542,-0.0378165,0.0463457,-0.00781126,-0.0552051,0.040038,0.0346378,-0.0521259,0.0157865,0.0233851,-0.0430607,0.0279797,0.0452909,0.027981,-0.0376978,0.0322387,0.00679547	-0.766273,-0.804096,-0.830209,-0.539236,-0.591322,-0.588507,-0.60925,-0.56718,-0.442301,-0.44038,-0.50249,-0.637258,-0.48704,-0.579855,-0.476748,-0.663615,-0.628772,-0.471274,-0.53957,-0.514434	0.780941,0.798232,0.831336,0.510498,0.566166,0.617997,0.604315,0.528524,0.473946,0.467881,0.462478,0.64654,0.504677,0.55054,0.498084,0.688221,0.645398,0.441419,0.562032,0.519414
0.789758,0.878995,0.832663,0.894017,0.916144,0.875588,0.942324,0.874483,0.873516,0.904801,0.877343,0.917808,0.864618,0.885303,0.891599,0.882828,0.87975,0.875612,0.888518,0.909264	0.803981,0.841652,0.860643,0.915874,0.92235,0.885895,0.919326,0.88255,0.856072,0.892654,0.880622,0.898139,0.888963,0.845833,0.894318,0.899632,0.875383,0.877557,0.889856,0.888619	-0.038963,0.143521,-0.0987387,-0.120627,-0.0400404,-0.0459472,0.172015,-0.0353463,0.0691655,0.0631574,-0.0144214,0.111963,-0.105212,0.157139,-0.013419,-0.0816571,0.0189951,-0.00839992,-0.00639031,0.10752
-0.395195,-0.488814,-0.282716,-0.204782,-0.169493,-0.143077,-0.137955,-0.146061,-0.0535174,-0.0274006,-0.0696107,-0.104301,-0.0641004,-0.116096,-0.12485,-0.312418,-0.202711,-0.283029,-0.142428,-0.160982	-0.103517,-0.195068,0.0126839,-0.0962225,0.0328761,-0.0528265,-0.0820335,-0.025158,-0.0250717,0.123088,0.017529,0.0546217,0.0387513,-0.10456,-0.0412591,-0.048235,-0.0716827,-0.0526375,0.0255904,-0.0480754	-0.304119,-0.324708,-0.294344,-0.110742,-0.201248,-0.090938,-0.0565621,-0.121348,-0.028484,-0.149983,-0.0870335,-0.158022,-0.102597,-0.0116773,-0.0840234,-0.268225,-0.13296,-0.233876,-0.167409,-0.113787
0.0649101,0.0851067,-0.138365,-0.0567504,0.0120802,0.0520551,0.0170938,-0.0163827,0.0490337,0.0401004,-0.0209082,-0.0326892,0.0119962,0.00328624,-0.0425546,0.04136,0.00689285,-0.0461696,0.0114662,0.0267592	-0.638917,-0.6736,-0.752162,-0.473906,-0.432724,-0.530777,-0.550576,-0.483683,-0.415459,-0.330955,-0.460203,-0.60241,-0.47219,-0.531158,-0.46804,-0.520584,-0.584885,-0.321536,-0.429674,-0.426271	0.675801,0.71757,0.685096,0.428685,0.442491,0.567161,0.562377,0.471033,0.455219,0.366196,0.443562,0.581165,0.481459,0.533513,0.434132,0.5501,0.589402,0.279515,0.438977,0.44792
0.0670731,0.104507,-0.148918,-0.0704184,0.0249616,0.0214229,0.0155583,-0.019243,0.0432544,0.0284508,-0.0274443,-0.0406948,0.0081174,0.0218121,-0.0491393,0.0349675,0.00824167,-0.0482755,0.00113623,0.032817	-0.630287,-0.679516,-0.75197,-0.472418,-0.428535,-0.53335,-0.558004,-0.480847,-0.426896,-0.345133,-0.46739,-0.614672,-0.459596,-0.536693,-0.471056,-0.516393,-0.583257,-0.3162,-0.434293,-0.433136	0.669075,0.732038,0.679099,0.415833,0.448697,0.548506,0.568626,0.465915,0.461626,0.369951,0.445663,0.588702,0.465975,0.552042,0.431915,0.541581,0.588669,0.272078,0.435215,0.459422
0.0194096,-0.0197087,-0.028281,-0.0456243,-0.0126024,0.0571481,0.015979,0.00387829,0.0748676,0.0658417,-0.0250223,-0.00950908,0.0312008,0.001311,0.0156105,0.0399476,0.0267036,-0.0218666,0.0228586,-0.00203386	-0.771856,-0.811147,-0.808702,-0.540049,-0.574695,-0.583252,-0.57867,-0.540425,-0.415146,-0.418883,-0.517236,-0.657069,-0.513862,-0.538204,-0.485162,-0.670409,-0.631853,-0.47605,-0.524923,-0.514274	0.779586,0.804296,0.798688,0.506914,0.566193,0.619743,0.589201,0.543165,0.475243,0.471715,0.498667,0.651631,0.536462,0.539135,0.497009,0.691828,0.647629,0.458961,0.541286,0.512776
0.0218839,-0.00815901,-0.0369763,-0.0656571,0.00648053,0.0321532,0.0125345,-0.00270972,0.0826424,0.0525609,-0.0290288,-0.029004,0.02313,-0.00322236,0.0185486,0.0280097,0.0374027,-0.0282311,0.0127559,0.00122726	-0.766857,-0.812852,-0.807596,-0.541813,-0.570126,-0.583065,-0.586881,-0.539943,-0.418032,-0.430898,-0.522719,-0.67164,-0.504369,-0.554026,-0.480903,-0.668336,-0.626915,-0.474122,-0.52855,-0.521761	0.775723,0.810066,0.79434,0.493719,0.574484,0.603897,0.595038,0.538021,0.483955,0.472752,0.501296,0.655404,0.521416,0.551789,0.495036,0.683549,0.649097,0.45194,0.53768,0.522654
0.782725,0.878595,0.829167,0.892902,0.917051,0.869746,0.941402,0.875429,0.877798,0.907558,0.88324,0.912912,0.861268,0.887648,0.891151,0.879994,0.880334,0.874408,0.887078,0.907822	0.80991,0.841451,0.859401,0.91215,0.918526,0.893319,0.922015,0.885373,0.864048,0.898236,0.877108,0.899842,0.890978,0.85193,0.89289,0.903041,0.875396,0.882673,0.88914,0.889174	-0.0742627,0.142473,-0.105197,-0.103743,-0.0093531,-0.105687,0.146858,-0.0442113,0.0569226,0.0504436,0.0272156,0.0732114,-0.127713,0.146516,-0.00851399,-0.112242,0.0215305,-0.0362223,-0.00976201,0.0967267
-0.0476752,-0.0892163,0.11554,0.0152535,-0.0225052,-0.000401589,-0.00158027,0.0193192,0.0248912,0.0201458,-0.00222467,0.0252274,0.0177279,-0.0018429,0.0542829,-0.0105783,0.0168648,0.0268646,0.00856848,-0.0274401	-0.641145,-0.671947,-0.688845,-0.401386,-0.462509,-0.528749,-0.507482,-0.451608,-0.395102,-0.40235,-0.470018,-0.607018,-0.482316,-0.47768,-0.396001,-0.507795,-0.544966,-0.2584,-0.440956,-0.420288	0.612182,0.619892,0.745085,0.414105,0.444632,0.52846,0.506308,0.466854,0.415903,0.419099,0.468283,0.622709,0.495805,0.476257,0.440808,0.499902,0.556714,0.283298,0.447832,0.397432
-0.0479861,-0.0984723,0.119833,0.0113482,-0.0198078,0.00770954,-0.00322887,0.0161731,0.0382347,0.0200605,0.000720345,0.0154075,0.0138801,-0.0231447,0.0633013,-0.0129174,0.0249158,0.0239152,0.0101512,-0.0304701	-0.632536,-0.683653,-0.685172,-0.398971,-0.458798,-0.521875,-0.516601,-0.449255,-0.39676,-0.412545,-0.474287,-0.620849,-0.470176,-0.498998,-0.392309,-0.50307,-0.539865,-0.255069,-0.442801,-0.43067	0.602848,0.627419,0.743924,0.40847,0.443017,0.527462,0.51423,0.462071,0.428495,0.429055,0.474845,0.630228,0.480918,0.481413,0.44457,0.493358,0.557284,0.277292,0.450925,0.405521
0.77584,0.874258,0.843794,0.899462,0.91137,0.878385,0.942786,0.876732,0.874232,0.90558,0.887957,0.919604,0.862368,0.879649,0.892926,0.87412,0.880539,0.879004,0.890828,0.905636	0.805457,0.847357,0.864919,0.906429,0.923406,0.878813,0.922189,0.884339,0.855275,0.88582,0.876795,0.902115,0.889403,0.857133,0.88948,0.892395,0.876712,0.884504,0.883771,0.89153	-0.0789591,0.103785,-0.0781887,-0.037725,-0.0759698,-0.00187841,0.157747,-0.0338567,0.0751374,0.0998875,0.0504058,0.102632,-0.116025,0.0915218,0.0167514,-0.0830932,0.0167814,-0.0247176,0.0331798,0.0732387
0.782215,0.874601,0.834661,0.903179,0.91202,0.876188,0.943159,0.877752,0.865583,0.907269,0.887631,0.921221,0.861677,0.890815,0.885531,0.878491,0.873787,0.879985,0.889585,0.90715	0.810814,0.843524,0.859897,0.906915,0.926346,0.882972,0.921395,0.882958,0.857436,0.887068,0.878735,0.897345,0.88615,0.851771,0.889627,0.894842,0.877035,0.882941,0.883875,0.890944	-0.0781867,0.118502,-0.0893989,-0.0206532,-0.0923315,-0.0299698,0.166162,-0.0231371,0.0315996,0.103493,0.0404382,0.137736,-0.103514,0.161854,-0.0193029,-0.0764491,-0.0138995,-0.0132523,0.0267188,0.0845041
