APHP	APLP	GH	377.743	278.115	354.4	571.52	119.02	36.5048	495.658	146.089	-64.8733
APHP	APLP	GL	344.652	274.492	366.913	691.688	118.778	6.84591	599.402	98.285	-64.8733
APHP	APLP	MADHP	667.131	330.855	221.246	1137.49	119.02	272.005	1246.51	565.925	-64.8733
APHP	APLP	MADLP	668.947	338.397	220.845	1165.81	119.02	267.514	1283.5	568.431	-64.8733
APHP	APLP	OH	680.837	325.641	227.419	659.372	119.02	292.064	758.001	573.955	-64.8733
APHP	APLP	OL	693.415	314.884	226.424	627.559	118.103	315.815	716.388	586.549	-64.8733
APHP	APLP	TACHP	329.008	231.964	318.976	494.007	118.978	30.4609	406.879	129.718	-64.8733
APHP	APLP	TACLP	377.635	235.767	305.548	735.664	119.02	76.0948	666.084	192.823	-64.8733
APHP	GH	GL	173.727	203.195	702.548	691.688	572.028	6.84591	190.789	41.9323	36.5048
APHP	GH	MADHP	479.819	243.171	476.206	1137.49	572.128	272.005	904.106	574.251	36.5048
APHP	GH	MADLP	466.674	235.752	495.901	1165.81	572.128	267.514	906.074	540.601	36.5048
APHP	GH	OH	484.418	228.85	494.967	659.372	572.128	292.064	392.951	559.816	36.4754
APHP	GH	OL	506.076	227.174	472.611	627.559	571.32	315.815	382.737	604.434	36.5048
APHP	GH	TACHP	343.876	346.46	307.229	494.02	570.728	30.4609	533.455	606.822	36.5048
APHP	GH	TACLP	375.184	332.944	316.258	735.664	571.028	76.0948	752.815	630.413	36.5048
APHP	GL	MADHP	517.396	251.279	464.003	1137.49	691.688	272.005	924.637	742.441	6.84591
APHP	GL	MADLP	517.15	256.761	466.934	1165.81	691.688	267.514	956.225	739.306	6.84591
APHP	GL	OH	532.865	247.829	466.295	659.372	691.688	292.064	441.398	755.809	6.84591
APHP	GL	OL	549.676	241.305	452.328	627.559	691.688	315.815	417.264	786.821	6.84591
APHP	GL	TACHP	323.64	296.756	332.414	492.793	691.688	30.4609	457.188	682.204	6.84591
APHP	GL	TACLP	346.124	274.415	350.763	735.664	691.688	76.0948	659.666	686.221	6.84591
APHP	MADHP	MADLP	120.964	126.69	1155.75	1165.81	1137.49	267.514	134.903	105.905	272.005
APHP	MADHP	OH	201.887	182.967	900.361	659.372	1137.49	292.064	-61.7691	440.559	272.005
APHP	MADHP	OL	231.264	189.01	891.139	627.559	1137.49	315.815	-74.2428	479.284	272.005
APHP	MADHP	TACHP	350.682	589.914	205.884	493.437	1137.49	30.4609	878.66	1282.13	272.005
APHP	MADHP	TACLP	363.033	557.441	230.006	735.664	1137.49	76.0948	1062.29	1270.59	272.005
APHP	MADLP	OH	187.728	163.083	937.39	659.372	1165.81	292.064	-121.415	414.698	267.514
APHP	MADLP	OL	222.529	174.548	913.886	627.559	1165.81	315.815	-110.222	473.374	267.514
APHP	MADLP	TACHP	364.318	597.824	198.541	490.817	1165.81	30.4609	893.253	1331.4	267.514
APHP	MADLP	TACLP	377.793	566.474	221.203	735.664	1165.81	76.0948	1080.32	1322.4	267.514
APHP	OH	OL	243.564	220.23	837.178	627.559	659.372	315.815	12.3812	61.6752	292.064
APHP	OH	TACHP	351.197	609.349	205.492	494.726	659.372	30.4609	900.598	807.492	292.064
APHP	OH	TACLP	362.509	575.836	227.781	735.631	659.372	76.0948	1083.51	797.381	292.064
APHP	OL	TACHP	338.912	620.398	205.217	493.918	627.559	30.4609	909.229	762.336	315.815
APHP	OL	TACLP	351.952	588.615	226.311	735.664	627.559	76.0948	1097.76	755.351	315.815
APHP	TACHP	TACLP	145.337	100.513	658.755	735.664	492.558	76.0948	177.786	-17.461	30.4609
APLP	GH	GL	168.939	214.543	621.475	599.402	496.35	99.285	190.789	42.0323	145.13
APLP	GH	MADHP	576.257	153.715	496.359	1246.51	496.35	565.925	904.106	574.251	145.589
APLP	GH	MADLP	567.385	142.627	520.327	1283.5	496.35	568.431	906.074	540.601	146.089
APLP	GH	OH	578.091	148.016	512.355	758.001	497.25	573.955	392.951	560.69	146.089
APLP	GH	OL	596.172	152.525	486.422	716.388	496.25	587.466	382.737	604.39	145.589
APLP	GH	TACHP	352.607	365.918	239.675	407.209	496.35	129.801	533.789	608.297	144.714
APLP	GH	TACLP	390.831	342.087	255.62	666.084	495.35	192.823	752.815	630.513	146.089
APLP	GL	MADHP	621.955	153.809	476.142	1246.51	599.402	565.925	924.637	742.441	100.285
APLP	GL	MADLP	624.983	154.62	482.346	1283.5	599.402	568.389	956.225	739.306	99.285
APLP	GL	OH	634.565	158.887	475.575	758.001	599.402	573.955	441.398	755.809	100.285
APLP	GL	OL	647.868	158.617	458.1	716.388	599.402	587.466	417.264	786.821	100.285
APLP	GL	TACHP	339.924	307.631	256.278	404.533	599.402	129.718	456.299	682.204	100.285
APLP	GL	TACLP	368.299	273.952	280.517	666.084	599.402	192.823	659.666	686.221	100.285
APLP	MADHP	MADLP	117.959	115.743	1262.35	1283.5	1246.51	568.431	134.903	105.905	565.925
APLP	MADHP	OH	182.906	175.374	990.989	758.001	1246.51	573.402	-61.7691	440.559	565.925
APLP	MADHP	OL	206.535	185.43	976.019	716.388	1246.51	587.466	-74.2428	479.284	565.925
APLP	MADHP	TACHP	249.904	685.757	214.715	404.908	1246.51	129.801	877.693	1282.13	566.008
APLP	MADHP	TACLP	268.665	642.463	245.247	666.084	1246.51	192.823	1062.29	1270.59	565.925
APLP	MADLP	OH	165.616	160.3	1032.83	758.001	1283.5	573.402	-121.415	414.698	568.395
APLP	MADLP	OL	194.147	175.258	1003.06	716.388	1283.5	586.549	-110.222	473.374	567.514
APLP	MADLP	TACHP	258.246	696.316	210.02	407.209	1283.5	129.718	895.24	1331.4	568.431
APLP	MADLP	TACLP	278.014	654.029	238.976	666.084	1283.5	192.823	1080.32	1322.4	568.431
APLP	OH	OL	223.652	210.08	915.488	716.388	758.001	587.466	12.3812	61.6752	573.955
APLP	OH	TACHP	258.719	702.105	211.235	406.23	758.001	129.718	898.227	807.492	573.955
APLP	OH	TACLP	276.483	657.814	239.977	666.084	758.001	192.823	1083.51	797.381	573.955
APLP	OL	TACHP	252.556	709.515	207.321	406.713	716.388	129.718	909.137	762.336	586.855
APLP	OL	TACLP	271.566	666.469	234.384	666.084	716.388	192.823	1097.76	755.351	587.466
APLP	TACHP	TACLP	157.212	95.1566	583.616	666.084	406.059	193.823	177.786	-17.3777	130.718
GH	GL	MADHP	716.627	184.193	163.881	904.106	190.789	574.251	924.637	742.441	42.0323
GH	GL	MADLP	703.838	204.244	154.268	906.074	190.789	540.601	956.225	739.306	42.0323
GH	GL	OH	725.024	206.752	159.101	392.951	190.789	559.816	441.398	755.809	42.0323
GH	GL	OL	757.845	195.559	161.145	382.737	190.789	604.49	417.264	786.821	42.0323
GH	GL	TACHP	717.672	152.204	227.094	532.93	190.789	607.297	458.105	682.204	41.4073
GH	GL	TACLP	730.21	142.463	235.496	752.815	190.789	631.513	659.666	686.221	42.0323
GH	MADHP	MADLP	108.08	140.92	909.828	906.074	904.106	540.601	134.903	105.905	574.251
GH	MADHP	OH	196.462	210.624	661.901	392.951	904.106	558.816	-61.7691	440.559	573.251
GH	MADHP	OL	237.887	208.035	664.727	382.737	904.106	604.49	-74.2428	479.284	574.251
GH	MADHP	TACHP	555.636	522.602	177.804	534.593	904.106	606.922	879.526	1282.13	573.81
GH	MADHP	TACLP	562.873	507.56	196.811	752.815	904.106	631.513	1062.29	1270.59	574.251
GH	MADLP	OH	194.031	175.353	683.543	392.951	906.074	559.79	-121.415	414.698	540.601
GH	MADLP	OL	241.072	178.38	672.28	382.737	906.074	604.462	-110.222	473.374	540.601
GH	MADLP	TACHP	586.711	520.836	160.784	533.539	906.074	608.297	894.877	1331.4	540.601
GH	MADLP	TACLP	594.998	506.846	178.259	752.815	906.074	630.513	1080.32	1322.4	539.601
GH	OH	OL	273.525	229.511	601.023	382.737	392.951	604.49	12.3812	61.6752	559.816
GH	OH	TACHP	576.359	529.162	164.537	534.483	392.951	608.297	899.646	807.492	559.816
GH	OH	TACLP	582.501	513.026	181.656	752.815	392.951	631.347	1083.51	797.381	559.79
GH	OL	TACHP	547.538	544.356	168.405	534.122	382.737	607.297	910.887	762.336	604.462
GH	OL	TACLP	555.376	529.915	184.297	752.815	382.737	631.513	1097.76	755.351	604.49
GH	TACHP	TACLP	131.711	109.433	684.359	752.815	531.759	631.513	177.786	-19.1118	608.297
GL	MADHP	MADLP	118.443	121.619	940.502	956.225	924.637	739.306	134.903	105.905	742.441
GL	MADHP	OH	204.808	191.631	690.559	441.398	924.637	755.809	-61.7691	440.559	742.441
GL	MADHP	OL	243.083	199.129	690.235	417.264	924.637	786.821	-74.2428	479.284	742.441
GL	MADHP	TACHP	523.762	585.929	166.241	458.838	924.637	682.204	879.66	1282.13	742.441
GL	MADHP	TACLP	524.886	582.918	179.136	659.666	924.637	686.221	1062.29	1270.59	742.441
GL	MADLP	OH	189.5	173.146	728.987	441.398	956.225	755.809	-121.415	414.698	739.306
GL	MADLP	OL	233.014	185.883	714.197	417.264	956.225	786.821	-110.222	473.374	739.306
GL	MADLP	TACHP	535.732	594.724	159.782	458.775	956.225	682.204	894.079	1331.4	739.306
GL	MADLP	TACLP	538.363	593.218	171.599	659.666	956.225	686.221	1080.32	1322.4	739.306
GL	OH	OL	264.671	233.894	639.82	417.264	441.398	786.821	12.3812	61.6752	755.809
GL	OH	TACHP	526.175	601.52	162.004	460.022	441.398	682.204	899.941	807.492	755.809
GL	OH	TACLP	526.129	597.338	172.935	659.666	441.398	686.221	1083.51	797.381	755.809
GL	OL	TACHP	506.21	612.332	161.492	460.105	417.264	682.204	911.162	762.336	786.821
GL	OL	TACLP	507.841	609.827	171.176	659.666	417.264	686.221	1097.76	755.351	786.821
GL	TACHP	TACLP	125.096	120.96	602.854	659.666	458.838	686.221	177.786	-16.4534	682.204
MADHP	MADLP	OH	470.233	133.925	190.838	-61.7691	134.903	440.559	-121.415	414.698	105.905
MADHP	MADLP	OL	523.162	148.255	185.463	-74.2428	134.903	479.284	-110.222	473.374	105.905
MADHP	MADLP	TACHP	1304.66	125.078	109.825	876.693	134.903	1282.13	892.399	1331.4	105.905
MADHP	MADLP	TACLP	1295.21	127.402	109.565	1062.29	134.903	1270.59	1080.32	1322.4	105.905
MADHP	OH	OL	373.647	335.049	249.868	-74.2428	-61.7691	479.284	12.3812	61.6752	440.559
MADHP	OH	TACHP	1029.98	186.706	166.879	878.526	-61.7691	1282.13	898.191	807.492	440.559
MADHP	OH	TACLP	1019.49	187.99	167.37	1062.29	-61.7691	1270.59	1083.51	797.381	440.559
MADHP	OL	TACHP	1013.8	209.132	177.98	878.743	-74.2428	1282.13	909.951	762.336	479.284
MADHP	OL	TACLP	1005.97	213.063	178.194	1062.29	-74.2428	1270.59	1097.76	755.351	479.284
MADHP	TACHP	TACLP	96.1793	107.95	993.626	1062.29	879.16	1270.59	177.786	-15.9534	1282.13
MADLP	OH	OL	387.326	329.021	206.633	-110.222	-121.415	473.374	12.3812	61.6752	414.698
MADLP	OH	TACHP	1078.8	163.357	158.784	894.24	-121.415	1331.4	898.227	807.492	414.698
MADLP	OH	TACLP	1069.42	163.173	160.389	1080.32	-121.415	1322.4	1083.51	797.381	414.698
MADLP	OL	TACHP	1047.82	190.685	174.787	894.127	-110.222	1331.4	909.528	762.336	473.374
MADLP	OL	TACLP	1041.48	193.536	176.504	1080.32	-110.222	1322.4	1097.76	755.351	473.374
MADLP	TACHP	TACLP	98.2302	107.418	1010.93	1080.32	893.99	1322.4	177.786	-17.1329	1331.4
OH	OL	TACHP	957.065	217.746	206.421	899.524	12.3812	807.492	910.721	762.336	61.6752
OH	OL	TACLP	949.265	220.923	206.675	1083.51	12.3812	797.381	1097.76	755.351	61.6752
OH	TACHP	TACLP	98.4254	109.403	1015.7	1083.51	898.313	797.381	177.786	-16.4951	807.492
OL	TACHP	TACLP	98.2136	106.267	1026.81	1097.76	910.479	755.351	177.786	-16.3701	762.336
