APHP	APLP	GH	7486.13	4010.73	6271.42	8081.97	3412.24	2073.62	5819.71	4623.69	-1416.88
APHP	APLP	GL	7278.77	3867.74	6518.34	15848.1	3409.45	2010.98	13196.8	4171.43	-1416.9
APHP	APLP	MADHP	12073.6	4564.57	3739.28	14917.4	3409.01	6111.08	15743.5	11746.2	-1417.72
APHP	APLP	MADLP	12050.9	4573.91	3747.75	14523.5	3409.64	6072.63	15352.1	11716.1	-1417.97
APHP	APLP	OH	11985.7	4519.25	3791.52	6078.4	3408.84	6067.24	6808.59	11597.3	-1415.91
APHP	APLP	OL	12050.2	4564.41	3747.06	7607.99	3409.37	6085.54	8424.52	11718.5	-1417.75
APHP	APLP	TACHP	8115.04	4319.02	5528.48	12216.6	3405.47	2383.87	11007.4	5978.63	-1415.78
APHP	APLP	TACLP	8068.87	4346.54	5516.43	17426.1	3410.11	2308.42	16255.7	5957.62	-1418.76
APHP	GH	GL	2671.15	2735.52	11852.9	15848.1	8081.97	2006.89	6730.04	-1110.34	2071.9
APHP	GH	MADHP	9540.04	5506.43	4723.89	14916.4	8081.29	6108.17	15703.9	12896.8	2071.96
APHP	GH	MADLP	9507.32	5505.77	4744.37	14523.7	8081.7	6075.58	15288.4	12845.3	2074.81
APHP	GH	OH	9464.72	5473.68	4784.78	6078.95	8081.97	6067.53	6766.27	12760	2074.02
APHP	GH	OL	9535.52	5525.13	4718.3	7607.26	8081.97	6086.22	8407.05	12896.7	2073.89
APHP	GH	TACHP	5602.02	5281.39	7142.97	12212.4	8082.57	2382.99	10356.7	6527.65	2072.07
APHP	GH	TACLP	5596.83	5349.9	7101.34	17426.1	8081.06	2311.65	15674.5	6563.21	2075.43
APHP	GL	MADHP	9716.68	5618.69	4511.29	14917.4	15848.1	6114.13	16033.4	21051.8	2014.23
APHP	GL	MADLP	9684.83	5618.91	4543.47	14523.7	15848.1	6073.46	15601.5	20989.6	2012.08
APHP	GL	OH	9603.72	5548.31	4605.93	6078.85	15848.1	6065.61	7011.44	20843.6	2010.23
APHP	GL	OL	9696.21	5621.46	4523.56	7606.99	15848.1	6085.67	8701.9	21019.4	2008.73
APHP	GL	TACHP	5451.22	5066.22	7380.97	12214.9	15848.1	2383.54	9906.46	13915.9	2010.66
APHP	GL	TACLP	5444.7	5133.4	7330.1	17426.9	15848.1	2311.07	15229.8	13961.2	2009.66
APHP	MADHP	MADLP	2579.76	2611.82	15595.2	14523.4	14916.5	6073.55	1527.7	1903.71	6110.21
APHP	MADHP	OH	4596.57	4639.14	10462.9	6078.99	14917.1	6065.36	265.703	9054.37	6109.54
APHP	MADHP	OL	4190.61	4213.84	11560.2	7607.26	14916.3	6089.72	262.458	7548.82	6114.85
APHP	MADHP	TACHP	5801.91	9514.89	4596.7	12213	14917.1	2379.11	17134.6	16122.6	6103.74
APHP	MADHP	TACLP	5797.14	9583.82	4534.45	17426.1	14917.1	2312.59	22473.7	16180.4	6113.54
APHP	MADLP	OH	4636.75	4647.26	10403.4	6078.18	14524.7	6064.6	327.686	8755.39	6072.84
APHP	MADLP	OL	4238.89	4230.05	11501.3	7607.26	14525.2	6087.62	340.256	7255.83	6077.07
APHP	MADLP	TACHP	5802.65	9483.57	4642.22	12218.2	14521.3	2382.53	17056.8	15690.9	6074.01
APHP	MADLP	TACLP	5785.22	9539.84	4600.91	17426.9	14522.6	2309.25	22364.9	15711.9	6072.43
APHP	OH	OL	4790.41	4771.07	10141.6	7607.26	6078.22	6086.95	2245.17	728.611	6066.31
APHP	OH	TACHP	5719.52	9389.94	4731.14	12208.7	6078.95	2383.85	16874	7066.3	6066.51
APHP	OH	TACLP	5704.02	9448.13	4689.82	17426.9	6078.22	2312.32	22183.2	7096.29	6066.95
APHP	OL	TACHP	5808.22	9497.97	4604.08	12214.1	7607.26	2384.85	17110	8806.79	6087.42
APHP	OL	TACLP	5793.36	9556.82	4551.69	17426.4	7606.99	2308.67	22429.2	8848.55	6084.51
APHP	TACHP	TACLP	1770.02	1843.73	14223.8	17426.6	12206.9	2307.4	5046.55	-233.271	2379.34
APLP	GH	GL	2687.83	3142.11	9608.9	13196.8	5819.43	4171.43	6730.04	-1111.34	4620.38
APLP	GH	MADHP	11436.8	4317.19	4359.94	15743.5	5819.7	11748	15704.9	12897.8	4621.53
APLP	GH	MADLP	11408.9	4320.53	4385.29	15354.9	5820.28	11714.9	15291	12846.3	4623.1
APLP	GH	OH	11324.6	4345.16	4383.98	6810.38	5819.71	11599.1	6767.27	12760	4621.14
APLP	GH	OL	11425.8	4337.42	4347.93	8423.6	5818.43	11717.4	8407.05	12895.6	4620.02
APLP	GH	TACHP	6491.24	5119.38	5771.5	11005.3	5819.43	5983.58	10358.3	6526.65	4622.3
APLP	GH	TACLP	6501.63	5163.9	5745.45	16256.4	5819.57	5952.54	15675.3	6564.21	4617.35
APLP	GL	MADHP	11885.3	4311.45	4029.33	15743.5	13196.8	11743.1	16033.4	21051.8	4170.93
APLP	GL	MADLP	11853.8	4311.1	4061.82	15350.5	13196.8	11717.2	15600	20989.6	4172.04
APLP	GL	OH	11728.9	4295.17	4080.51	6809.38	13196.8	11598.4	7011.77	20843.6	4171.26
APLP	GL	OL	11856.9	4314.23	4033.68	8423.6	13196.8	11720.3	8701.9	21019.4	4170.62
APLP	GL	TACHP	6553.59	4727.45	5832.74	11010.8	13196.8	5983.77	9907.25	13915.9	4171.54
APLP	GL	TACLP	6558.47	4766.46	5793.27	16257.1	13196.8	5953.37	15230.3	13961.2	4168.29
APLP	MADHP	MADLP	2494.13	2525.32	16334.9	15354.4	15743.5	11715.7	1529.88	1903.71	11746.5
APLP	MADHP	OH	4401.33	4541.46	11092.9	6809.26	15743.5	11598.3	265.369	9054.45	11747
APLP	MADHP	OL	4041.74	4072.9	12236.6	8423.6	15743.4	11718.5	262.458	7549.82	11747.4
APLP	MADHP	TACHP	4908.95	10656.7	4529.02	11003	15743.2	5979.81	17131.9	16122.3	11744.6
APLP	MADHP	TACLP	4921.14	10703	4483.73	16254.8	15743.2	5955.7	22472.2	16180.4	11743.9
APLP	MADLP	OH	4441.77	4550.71	11034.6	6809.38	15354.3	11599.2	328.686	8755.68	11716.8
APLP	MADLP	OL	4088.51	4088.48	12177	8423.6	15354.5	11718.8	340.256	7255.84	11716.7
APLP	MADLP	TACHP	4907.13	10623.7	4572.86	11008.2	15352.8	5981.31	17059.9	15694.2	11716.5
APLP	MADLP	TACLP	4911.83	10662.5	4553.68	16255.5	15351.5	5954.45	22364.8	15711.1	11714.1
APLP	OH	OL	4690.64	4581.66	10769.6	8423.6	6810.38	11718	2245.17	730.083	11598
APLP	OH	TACHP	4890.89	10498.5	4630.23	11012.4	6808.59	5982.91	16878.9	7066.3	11598
APLP	OH	TACLP	4900.11	10541.8	4613.64	16256.2	6809.38	5953.2	22182.7	7096.29	11595.8
APLP	OL	TACHP	4919.76	10636.3	4532.97	11012	8423.6	5980.11	17110.9	8806.79	11715.4
APLP	OL	TACLP	4924.67	10675.4	4500.35	16256.3	8423.6	5958.37	22430.2	8848.55	11721.1
APLP	TACHP	TACLP	1852.43	1886.55	13096.8	16255.8	11018	5953.43	5046.52	-214.819	5982.02
GH	GL	MADHP	16421.6	2423.68	2098.81	15703.9	6730.04	12896.8	16032.4	21051.8	-1112.34
GH	GL	MADLP	16385.3	2440.57	2126.53	15288.7	6730.04	12846.3	15602.8	20989.6	-1111.34
GH	GL	OH	16270.7	2409.01	2155.53	6766.24	6730.04	12759.6	7011.77	20843.6	-1111.34
GH	GL	OL	16426.2	2427.25	2136.2	8407.05	6730.04	12896.7	8701.9	21019.4	-1110.34
GH	GL	TACHP	10257	2616.22	3069.39	10357.4	6730.04	6526.98	9907.31	13915.9	-1110.34
GH	GL	TACLP	10306.5	2629.23	3074.48	15675.3	6730.04	6564.21	15230.3	13961.2	-1110.34
GH	MADHP	MADLP	2471.06	2524.26	16269.1	15289.9	15704.9	12846.3	1530.81	1903.71	12897.8
GH	MADHP	OH	4386.46	4522.67	11035.3	6765.96	15703.9	12759	265.369	9054.26	12896.9
GH	MADHP	OL	4039.13	4038.05	12191.3	8408.05	15704.9	12895.7	263.458	7549.54	12896.9
GH	MADHP	TACHP	4729.18	11086.3	4306.51	10354.5	15704.9	6526.65	17129.1	16122.6	12897.8
GH	MADHP	TACLP	4773.2	11093.9	4293.04	15674.9	15704.9	6565.21	22474.1	16181.4	12897.8
GH	MADLP	OH	4442.41	4525.42	10970.5	6765.93	15286.8	12759	328.353	8752.27	12845.3
GH	MADLP	OL	4098.72	4044.45	12122.5	8407.05	15289.8	12896.7	340.256	7256.49	12846.3
GH	MADLP	TACHP	4736.04	11039.9	4337.01	10350.6	15291.3	6525.98	17048.8	15696.5	12845.3
GH	MADLP	TACLP	4767.01	11034.5	4344.1	15674.1	15288.7	6564.21	22364	15713.1	12846.3
GH	OH	OL	4678.88	4541.6	10719	8407.05	6766.29	12896.6	2245.17	729.032	12759.6
GH	OH	TACHP	4692.31	10913.2	4392.83	10355.1	6766.29	6526.65	16873.5	7066.3	12759.6
GH	OH	TACLP	4726.48	10910.9	4401.19	15675.3	6767.29	6564.21	22183.1	7096.29	12759.6
GH	OL	TACHP	4710.68	11068.9	4313.38	10356.2	8407.05	6526.65	17111.9	8806.79	12895.7
GH	OL	TACLP	4744.56	11066.3	4309.73	15675.3	8407.05	6565.21	22430	8848.55	12896.7
GH	TACHP	TACLP	1915.3	1878.86	12507.5	15674.9	10348.4	6565.21	5047.07	-227.307	6527.65
GL	MADHP	MADLP	2424.18	2488.2	16547.1	15601.9	16033.4	20989.6	1526.71	1904.64	21051.8
GL	MADHP	OH	4284.54	4492.13	11258.2	7011.6	16033.4	20843.6	265.536	9054.45	21051.8
GL	MADHP	OL	3959.09	3991.83	12436.1	8701.9	16033.4	21019.4	262.458	7549.54	21051.8
GL	MADHP	TACHP	4392.31	11527.5	4294.5	9910.43	16033.1	13915.9	17135.4	16122.6	21051.8
GL	MADHP	TACLP	4429.81	11520.6	4274.52	15229.8	16031.4	13961.2	22473.6	16179.4	21051.8
GL	MADLP	OH	4346.34	4489.9	11188.5	7010.6	15600.7	20843.6	327.519	8754.88	20989.6
GL	MADLP	OL	4024.45	3993.16	12362.3	8701.9	15600.6	21019.4	340.256	7254.39	20989.6
GL	MADLP	TACHP	4411.97	11483.1	4326.98	9901.53	15602.3	13915.9	17051	15693.6	20989.6
GL	MADLP	TACLP	4434.05	11460.8	4325.18	15228.5	15605	13961.2	22364	15715.9	20989.6
GL	OH	OL	4633.59	4458.73	10927.2	8701.9	7010.77	21019.4	2245.17	728.611	20843.6
GL	OH	TACHP	4395.85	11323.4	4349.84	9896.2	7011.77	13915.9	16867.6	7066.3	20843.6
GL	OH	TACLP	4424.31	11307.5	4352.49	15229.5	7011.77	13961.2	22183.2	7096.29	20843.6
GL	OL	TACHP	4395.86	11498.3	4289.61	9908.39	8701.9	13915.9	17111.6	8806.79	21019.4
GL	OL	TACLP	4425.61	11483.7	4281.83	15230.3	8701.9	13961.2	22429.8	8848.55	21019.4
GL	TACHP	TACLP	1931.93	1887.57	12071	15229.3	9903.84	13961.2	5046.84	-227.726	13915.9
MADHP	MADLP	OH	10565.4	3416.22	3348.69	264.703	1528.49	9054.45	327.686	8754.8	1903.71
MADHP	MADLP	OL	9193.42	3547.54	3472.38	262.458	1528.42	7550.44	340.256	7254.59	1904.64
MADHP	MADLP	TACHP	16660	2439.33	2516.18	17139.9	1528.61	16122.6	17056.4	15692.9	1903.71
MADHP	MADLP	TACLP	16687.7	2409.49	2519.93	22474.3	1526.07	16181.4	22364.9	15711.2	1903.71
MADHP	OH	OL	5670.07	7173.39	5197.59	262.458	265.703	7548.44	2245.17	728.979	9053.26
MADHP	OH	TACHP	11358.1	4286.58	4545.99	17135	265.703	16122.6	16873.5	7066.3	9054.45
MADHP	OH	TACLP	11380.3	4251.28	4542.35	22472.9	265.703	16181.4	22181.8	7096.29	9054.45
MADHP	OL	TACHP	12553.9	3979.08	4003.38	17141.7	262.458	16122.3	17113.6	8806.79	7549.44
MADHP	OL	TACLP	12584.6	3952.34	3996.58	22473.3	262.458	16181.4	22429.1	8848.55	7549.54
MADHP	TACHP	TACLP	1549.72	1492.24	18921.7	22474.3	17139.6	16181.4	5046.88	-228.059	16122.6
MADLP	OH	OL	5652.88	7148.55	5247.92	340.256	327.686	7256.85	2245.17	728.611	8756.49
MADLP	OH	TACHP	11277.3	4350.22	4532.77	17055.9	328.686	15692.9	16878.2	7066.3	8753.98
MADLP	OH	TACLP	11283.9	4332.85	4513.47	22365	328.686	15714.6	22184.2	7096.29	8755.24
MADLP	OL	TACHP	12476.9	4054.14	4001.6	17052.1	340.256	15694.8	17108.6	8806.79	7255.65
MADLP	OL	TACLP	12492.2	4045.56	3979.36	22364.5	340.006	15713.7	22430	8848.55	7254.82
MADLP	TACHP	TACLP	1551.39	1527.51	18846.5	22362.7	17054.9	15714.5	5045.96	-221.79	15694.3
OH	OL	TACHP	11029.2	4689.63	4454.53	16876	2245.81	7066.3	17110.9	8807.79	729.032
OH	OL	TACLP	11046.2	4680.74	4433.91	22183.1	2245.17	7096.29	22430.1	8848.55	729.083
OH	TACHP	TACLP	1548.02	1522.21	18660.6	22181.7	16878.3	7096.29	5045.01	-219.659	7066.3
OL	TACHP	TACLP	1537.79	1500.26	18885.5	22430.1	17108.6	8848.55	5046.88	-227.737	8806.79
