0.0530927,0.0389158,-0.0467126,0.0159634,-0.00967213,0.068395,0.194242,0.193548,0.156049,0.0808258,0.0892076,0.081107,-0.0324562,0.143596,-0.0302908,0.239525,0.212742,0.0630806,0.0827067,0.317111	-0.426603,-0.493342,-0.532139,-0.40018,-0.313946,-0.276741,0.00560573,-0.093058,-0.185363,-0.159483,-0.195919,-0.286171,-0.425737,-0.23355,-0.400274,-0.248437,-0.26509,-0.482825,-0.38498,0.0358505	0.469071,0.522231,0.497801,0.413501,0.305201,0.338725,0.188842,0.281535,0.331814,0.23725,0.280229,0.358947,0.398791,0.364908,0.374524,0.460556,0.452323,0.52977,0.453255,0.284495
0.0650994,0.0431421,-0.0559837,-0.0317536,0.00782644,0.0659251,0.220479,0.218181,0.13031,0.142812,0.103803,0.0583875,-0.0485284,0.156105,-0.0797454,0.230905,0.220705,0.106655,0.0343087,0.370678	-0.41828,-0.496347,-0.53207,-0.432191,-0.310646,-0.260412,-0.011977,-0.119116,-0.20975,-0.0978542,-0.1328,-0.259504,-0.457202,-0.211986,-0.44785,-0.261683,-0.243106,-0.469074,-0.407976,0.21043	0.470566,0.528179,0.490702,0.406009,0.3177,0.320829,0.231844,0.328753,0.331013,0.237349,0.233387,0.313147,0.417947,0.3563,0.381738,0.46452,0.440193,0.548298,0.43618,0.173805
-0.0264273,-0.0293821,-0.0693619,-0.105035,-0.0891622,-0.096563,-0.0976058,-0.0642614,-0.0428617,-0.0619901,-0.0982249,0.00168099,-0.0491919,-0.0691409,-0.130642,-0.048937,-0.108659,0.114327,-0.0666478,-0.118706	-0.628508,-0.702705,-0.694812,-0.67258,-0.636613,-0.584039,-0.473169,-0.528236,-0.511317,-0.530148,-0.566726,-0.630983,-0.56916,-0.632906,-0.662764,-0.757104,-0.696169,-0.597804,-0.577676,-0.588818	0.61225,0.687518,0.65712,0.610686,0.580395,0.516611,0.393748,0.480278,0.478952,0.484067,0.496119,0.631994,0.534945,0.589564,0.582563,0.735414,0.635589,0.666575,0.531491,0.505441
-0.024317,-0.0334979,-0.0622405,-0.107207,-0.0851208,-0.0909364,-0.103771,-0.0700255,-0.0412937,-0.0681924,-0.0940033,-0.00761421,-0.0457457,-0.0541195,-0.124011,-0.0497332,-0.147338,0.115368,-0.102999,-0.124617	-0.630755,-0.70437,-0.69359,-0.65217,-0.629656,-0.589117,-0.475244,-0.534289,-0.50592,-0.544465,-0.564879,-0.638948,-0.570455,-0.622886,-0.662673,-0.759863,-0.710575,-0.58724,-0.599724,-0.592207	0.615885,0.687083,0.659835,0.58593,0.575373,0.52638,0.390743,0.482309,0.47454,0.494638,0.497282,0.63442,0.538769,0.588609,0.586892,0.73802,0.629101,0.658027,0.529428,0.504847
-0.0124657,-0.0156819,-0.0605984,-0.0920826,-0.0674286,-0.0932722,-0.125523,-0.0485081,-0.0287609,-0.0524193,-0.0934708,0.00345728,-0.00385135,-0.0167739,-0.0941995,-0.00860179,-0.121443,0.10437,-0.0250483,-0.0651428	-0.604443,-0.687311,-0.691517,-0.625903,-0.612777,-0.578854,-0.496135,-0.5272,-0.495172,-0.537325,-0.560593,-0.640295,-0.542753,-0.606469,-0.63917,-0.730246,-0.692844,-0.579649,-0.54689,-0.571992	0.596472,0.678947,0.658513,0.566469,0.568852,0.513295,0.395225,0.491255,0.47315,0.49896,0.492953,0.642331,0.54003,0.595756,0.579885,0.726206,0.623897,0.644998,0.529089,0.526466
-0.0148022,-0.0246955,-0.0627346,-0.100233,-0.0755973,-0.114833,-0.134917,-0.0677488,-0.0372464,-0.0465242,-0.126698,-0.00384451,-0.0315459,-0.0290536,-0.119979,-0.0310303,-0.136569,0.0812528,-0.0607532,-0.0771086	-0.607483,-0.69345,-0.693543,-0.631458,-0.620478,-0.577301,-0.510497,-0.528829,-0.510722,-0.514623,-0.586802,-0.651016,-0.553942,-0.603738,-0.658153,-0.748116,-0.707195,-0.606549,-0.565399,-0.583792	0.598058,0.680406,0.659503,0.56712,0.571697,0.495304,0.403361,0.478213,0.482657,0.479581,0.497059,0.648795,0.531688,0.584945,0.584314,0.734128,0.631629,0.655497,0.522597,0.530568
0.0698995,0.0422494,-0.0704619,0.0413497,-0.0186642,0.00713695,0.0471589,0.0812819,0.0423913,0.115789,0.173159,0.108758,0.0309361,0.136546,0.0693086,0.267959,0.252763,0.0180388,0.262487,-0.204553	-0.415765,-0.4913,-0.562337,-0.319339,-0.450562,-0.342612,-0.0647412,-0.128835,-0.310147,-0.18267,-0.0863909,-0.336479,-0.391964,-0.348038,-0.296205,-0.229964,-0.214027,-0.544897,-0.169615,-0.592827	0.471949,0.5227,0.512169,0.355988,0.435561,0.348896,0.111559,0.207939,0.347963,0.292277,0.255724,0.429518,0.417833,0.4626,0.35816,0.469022,0.442833,0.557457,0.413684,0.441856
0.0701566,0.0557903,-0.0680785,0.0424616,-0.0213914,0.013401,0.0389435,0.0887994,0.0396978,0.138503,0.177995,0.118328,0.0304219,0.189166,0.0507346,0.277237,0.273956,0.0414605,0.294093,-0.204317	-0.418013,-0.479159,-0.565672,-0.334665,-0.468494,-0.342863,-0.0932545,-0.138154,-0.325793,-0.173299,-0.0646797,-0.29738,-0.397351,-0.295841,-0.330303,-0.220738,-0.220758,-0.533576,-0.172398,-0.592492	0.474261,0.521021,0.517524,0.371842,0.451629,0.354634,0.13172,0.224203,0.360824,0.304493,0.239913,0.401577,0.422663,0.459303,0.374757,0.469258,0.466502,0.562591,0.443981,0.441637
0.694378,0.763366,0.75989,0.748973,0.710057,0.720006,0.751617,0.672475,0.611922,0.45576,0.392579,0.595825,0.626619,0.573672,0.722967,0.710159,0.613048,0.539872,0.676347,0.519026	0.702548,0.747598,0.780369,0.733523,0.686563,0.753789,0.69164,0.604389,0.606377,0.46957,0.462172,0.673294,0.588799,0.593953,0.6829,0.696094,0.642372,0.525962,0.687663,0.680429	-0.0159509,0.0367293,-0.0503152,0.034286,0.045843,-0.073879,0.124911,0.114707,0.00881654,-0.0175703,-0.0850184,-0.129366,0.0599326,-0.0307629,0.0791387,0.0278156,-0.0483741,0.0194261,-0.021154,-0.249526
-0.0525318,-0.00650483,-0.0567771,-0.019163,-0.0105516,-0.00674403,0.0138823,-0.0312782,-0.0955933,-0.0240119,0.058584,-0.0366653,-0.043813,-0.0535115,-0.0108038,-0.0425793,-0.0118046,-0.178974,-0.147006,-0.0950133	-0.305457,-0.361306,-0.363219,-0.362437,-0.429076,-0.294161,-0.275937,-0.331103,-0.330827,-0.356798,-0.290763,-0.457625,-0.247404,-0.43388,-0.360837,-0.584673,-0.437691,-0.395116,-0.325734,-0.471494	0.25705,0.355637,0.312894,0.345675,0.420428,0.287988,0.288714,0.302962,0.242916,0.335662,0.343496,0.428144,0.205822,0.389409,0.351403,0.555933,0.428098,0.232589,0.187717,0.394137
-0.0490648,-0.00915311,-0.0572792,0.0216721,-0.00721323,-0.00609121,-0.00218612,-0.0325805,-0.0877625,-0.0352321,0.0735422,-0.0340931,-0.0609613,-0.0778501,-0.0216794,-0.0564768,-0.00635708,-0.189505,-0.205643,-0.0980206	-0.310359,-0.366174,-0.366328,-0.291493,-0.415835,-0.305961,-0.285821,-0.335865,-0.320045,-0.381576,-0.281377,-0.461415,-0.268679,-0.442821,-0.376604,-0.594362,-0.436148,-0.387499,-0.390874,-0.474314	0.265335,0.358222,0.315673,0.311199,0.409851,0.30043,0.283812,0.30664,0.238996,0.351063,0.347723,0.434152,0.211176,0.378002,0.357846,0.556567,0.430985,0.213685,0.201422,0.394641
-0.0140063,0.00366214,-0.0152997,0.0367901,-0.00867256,0.0150131,-0.0437225,-0.0160947,-0.0452649,-0.00908144,0.0417635,-0.0203523,-0.00778886,-0.0161611,0.00835973,-0.0406442,-0.0361356,-0.176578,-0.143113,-0.0313838	-0.255834,-0.330349,-0.328836,-0.243477,-0.399926,-0.270714,-0.327177,-0.327255,-0.278943,-0.367608,-0.297526,-0.460696,-0.208986,-0.398463,-0.336819,-0.553728,-0.442188,-0.355608,-0.309233,-0.433729	0.242697,0.333608,0.315122,0.277779,0.392615,0.28457,0.287568,0.312808,0.236666,0.359727,0.335125,0.444511,0.201525,0.38478,0.34421,0.524897,0.412646,0.191025,0.173812,0.407898
-0.0410496,0.00435696,-0.0264837,0.0367434,-0.0182612,-0.0255292,-0.0310142,-0.0343956,-0.0551602,-0.0281925,0.0611715,-0.018049,-0.0306199,-0.053452,-0.0244242,-0.0599162,-0.0641653,-0.164885,-0.154727,-0.0319374	-0.278744,-0.336504,-0.34402,-0.251235,-0.413749,-0.283345,-0.329807,-0.329639,-0.302859,-0.353499,-0.299358,-0.468801,-0.223418,-0.413605,-0.375391,-0.58292,-0.474301,-0.373623,-0.324219,-0.445456	0.240445,0.340362,0.320456,0.285344,0.398498,0.259694,0.301881,0.298629,0.251907,0.328581,0.354046,0.454599,0.194126,0.368295,0.354214,0.541932,0.423009,0.222442,0.178443,0.419487
0.161381,0.0365461,0.0648199,0.0480706,0.127642,0.0893365,0.0645746,0.0611067,0.104867,0.125763,0.00305378,0.109054,0.198085,0.199887,0.158281,0.147406,0.202303,0.0933961,0.00489167,-0.0829898	0.16629,0.0349535,0.00610962,0.156367,-0.0747347,0.0731463,0.138304,0.13859,0.0533421,0.0634745,0.0526648,0.00809218,0.197759,0.0426589,0.234311,0.153372,0.244646,0.0092424,0.140854,-0.405075	-0.00504418,0.0015947,0.0587335,-0.109116,0.200464,0.0162967,-0.0743935,-0.0781451,0.051815,0.0627896,-0.049619,0.101051,0.000338499,0.15858,-0.0789586,-0.00610458,-0.044548,0.0842264,-0.136056,0.333289
0.147334,0.0460358,0.0576876,0.0617113,0.145427,0.125644,0.0538146,0.0745637,0.117487,0.139057,0.0213824,0.0945726,0.230898,0.168672,0.192886,0.155593,0.198504,0.0323708,0.0291009,-0.0837953	0.147019,0.05264,-0.0126851,0.14631,-0.0890305,0.102549,0.102739,0.132415,0.0465904,0.0650969,0.0897782,0.0403941,0.214606,0.0442487,0.223911,0.166487,0.205112,-0.0442771,0.142273,-0.405771	0.000322309,-0.00662021,0.0703212,-0.0853694,0.231461,0.023396,-0.0491963,-0.0584283,0.0712867,0.0746355,-0.0685274,0.0543863,0.017142,0.125359,-0.032426,-0.0111837,-0.00688824,0.0765383,-0.113643,0.333308
-0.0840999,-0.00714766,-0.0463378,-0.0187234,-0.0165463,0.0388509,-0.0230557,-0.0410966,-0.105382,-0.144192,0.0134273,-0.043477,-0.0432309,-0.0816165,-0.0332164,-0.0512162,-0.0282088,-0.190116,-0.144872,-0.159557	-0.335713,-0.356515,-0.366693,-0.349506,-0.422618,-0.278425,-0.267993,-0.298647,-0.336288,-0.445245,-0.357156,-0.499263,-0.224972,-0.460624,-0.356873,-0.586256,-0.45554,-0.398457,-0.330615,-0.568387	0.258923,0.350259,0.325892,0.332962,0.408931,0.313881,0.24646,0.260751,0.23939,0.321707,0.368815,0.465899,0.183526,0.393812,0.327539,0.551602,0.432894,0.225417,0.195087,0.449605
-0.0815139,-0.00360478,-0.0622481,0.0934267,0.00206461,0.0403697,-0.0317564,-0.042041,-0.0942854,-0.142569,0.011676,-0.035183,-0.0748582,-0.10024,-0.0518517,-0.0664988,-0.0362624,-0.20304,-0.208864,-0.170825	-0.340693,-0.357023,-0.381275,-0.218897,-0.398591,-0.288769,-0.272367,-0.303132,-0.322545,-0.461081,-0.361164,-0.498885,-0.259401,-0.467448,-0.378575,-0.596428,-0.465799,-0.393255,-0.398654,-0.575327	0.266582,0.353874,0.326783,0.306064,0.400326,0.325346,0.24271,0.264462,0.235419,0.340923,0.371274,0.471986,0.188197,0.38526,0.333265,0.551815,0.436916,0.206721,0.207028,0.44859
-0.0284347,-0.00552864,-0.005122,0.101378,-0.00298049,0.0540296,-0.0885602,-0.0346307,-0.0431813,-0.0903693,0.0307865,-0.019591,-0.00758911,-0.0163248,-0.01531,-0.0339535,-0.0311301,-0.167182,-0.132995,-0.0275426	-0.274285,-0.331582,-0.333362,-0.174006,-0.385346,-0.261049,-0.327237,-0.302412,-0.274737,-0.428624,-0.34061,-0.497248,-0.185192,-0.407269,-0.331127,-0.547478,-0.448787,-0.34235,-0.306848,-0.495064	0.247783,0.326652,0.328801,0.27061,0.382805,0.310696,0.2458,0.270615,0.234336,0.351885,0.367543,0.482356,0.177853,0.393561,0.317426,0.523251,0.423575,0.185802,0.18125,0.473985
-0.0618945,-0.00131131,-0.0267368,0.112793,-0.0118866,0.0103322,-0.0708687,-0.0540766,-0.0449139,-0.130723,0.0261917,-0.0222473,-0.0281649,-0.0621977,-0.0410119,-0.0495531,-0.0952238,-0.154359,-0.153443,-0.0488644	-0.300976,-0.335379,-0.355712,-0.172777,-0.39857,-0.274062,-0.325487,-0.305444,-0.29245,-0.431205,-0.357498,-0.508275,-0.19818,-0.43054,-0.366421,-0.57579,-0.502346,-0.359982,-0.328587,-0.517021	0.24362,0.334214,0.332134,0.280112,0.388524,0.283592,0.26063,0.255589,0.250831,0.318432,0.38013,0.491587,0.170969,0.378477,0.330373,0.541692,0.427576,0.217721,0.184443,0.480291
0.180048,0.0445019,0.100351,0.0236804,0.184548,0.146276,0.0302111,0.0602798,0.13299,0.152763,0.114134,0.195349,0.218493,0.266148,0.189692,0.122476,0.298365,0.16554,-0.0177065,-0.230117	0.178618,0.053894,0.0252337,0.141324,-0.0100705,0.101584,0.149539,0.199788,0.0846143,0.0775638,0.106322,0.027187,0.252548,0.0885323,0.302216,0.139049,0.315299,0.0866666,0.106287,-0.563418	0.0014772,-0.0094147,0.0753079,-0.118039,0.194257,0.0453661,-0.119869,-0.141209,0.0489261,0.0761009,0.00790722,0.16906,-0.0360441,0.181902,-0.119367,-0.0168604,-0.0186921,0.0800211,-0.12376,0.382952
0.16372,0.0506153,0.0788689,0.0354982,0.203,0.208653,0.034453,0.0740472,0.153823,0.165544,0.147503,0.171598,0.241733,0.228717,0.224036,0.132215,0.290599,0.130904,0.0283988,-0.231106	0.157026,0.0683729,-0.00720855,0.129988,-0.0227275,0.155465,0.130726,0.1934,0.085653,0.0783588,0.1588,0.0531487,0.259337,0.0858426,0.290004,0.153685,0.270908,0.0578153,0.131608,-0.563985	0.00687076,-0.0178192,0.0860285,-0.0949282,0.224691,0.0549716,-0.0967082,-0.121087,0.0690799,0.0883307,-0.0115679,0.119539,-0.0187816,0.145736,-0.0705522,-0.0219155,0.0213731,0.073646,-0.103596,0.382769
0.795997,0.790321,0.795716,0.658343,0.671195,0.764374,0.663881,0.623966,0.803702,0.675532,0.729601,0.721105,0.644312,0.654913,0.782964,0.748961,0.652898,0.772592,0.649111,0.802825	0.784675,0.788488,0.790277,0.720023,0.685278,0.741193,0.671024,0.618906,0.807765,0.646378,0.72707,0.708739,0.629892,0.668716,0.762372,0.739207,0.650391,0.8031,0.608301,0.799497	0.0301599,0.00486432,0.0146562,-0.117266,-0.0260776,0.0534794,-0.012881,0.00824219,-0.0115829,0.0517524,0.00539139,0.0252923,0.0242702,-0.0245571,0.0510866,0.021851,0.00435615,-0.080384,0.0674389,0.00929291
0.282431,0.282804,0.39891,0.260251,0.281278,0.365433,0.369175,0.340011,0.484979,0.399446,0.408147,0.362441,0.329376,0.286981,0.42074,0.334469,0.419573,0.468106,0.466052,0.322948	0.305672,0.328145,0.404378,0.371265,0.326799,0.375709,0.363876,0.327013,0.504186,0.343474,0.41056,0.33759,0.339597,0.311925,0.4343,0.399813,0.449467,0.541057,0.483582,0.319277	-0.0254373,-0.0499795,-0.00651983,-0.122887,-0.0501283,-0.0119107,0.00612177,0.0146241,-0.0254244,0.0648731,-0.00289946,0.0283165,-0.0115078,-0.0273964,-0.0165914,-0.0754304,-0.0368417,-0.097694,-0.0226291,0.00409368
0.472518,0.458059,0.561546,0.354927,0.398952,0.372382,0.452373,0.385331,0.590857,0.42975,0.528573,0.478728,0.424758,0.418665,0.477808,0.510541,0.518728,0.624893,0.472596,0.480422	0.493674,0.49458,0.554506,0.463382,0.428478,0.407428,0.422912,0.38955,0.582663,0.43577,0.501966,0.438185,0.443356,0.459407,0.458874,0.537769,0.513206,0.649815,0.480937,0.448737	-0.0275932,-0.0472185,0.0102238,-0.129803,-0.0356133,-0.0413138,0.0364307,-0.0049642,0.0124959,-0.00740778,0.0362153,0.051306,-0.0229127,-0.0504443,0.0242514,-0.0375339,0.00752403,-0.0419619,-0.0107942,0.0403934
-0.309489,-0.395622,-0.350014,-0.396818,-0.370034,-0.315919,-0.462593,-0.383713,-0.458646,-0.363945,-0.464579,-0.391171,-0.286416,-0.374919,-0.432941,-0.624363,-0.476275,-0.354862,-0.463064,0.263209	-0.0577589,-0.0690408,-0.100367,0.0275105,-0.108628,-0.0524321,-0.182964,-0.0395572,-0.30181,-0.0926296,-0.155912,-0.0302588,-0.0890091,-0.100887,-0.0449588,-0.117073,-0.0310438,-0.194288,-0.226038,0.367012	-0.256312,-0.335752,-0.258737,-0.419747,-0.272354,-0.267925,-0.305484,-0.34946,-0.182033,-0.280781,-0.33277,-0.365235,-0.202571,-0.284805,-0.395684,-0.547295,-0.451913,-0.172465,-0.264736,-0.114903
-0.31232,-0.390106,-0.337556,-0.390384,-0.360641,-0.328732,-0.444657,-0.37408,-0.466065,-0.385978,-0.466296,-0.404568,-0.279704,-0.404047,-0.398195,-0.635116,-0.446699,-0.361177,-0.473965,0.268778	-0.0654243,-0.0554318,-0.0988156,0.0187639,-0.12284,-0.0747346,-0.176606,-0.0439654,-0.32246,-0.131736,-0.144732,-0.00327965,-0.0945373,-0.114209,-0.0326984,-0.132847,-0.0123217,-0.198816,-0.25473,0.371071	-0.252046,-0.342071,-0.246979,-0.406172,-0.248824,-0.260394,-0.290895,-0.335635,-0.169003,-0.267862,-0.344836,-0.401822,-0.190196,-0.30386,-0.370318,-0.548552,-0.436782,-0.174922,-0.249338,-0.113625
0.284181,0.281679,0.394029,0.360678,0.285288,0.333429,0.373742,0.393764,0.518989,0.383792,0.427944,0.346301,0.288516,0.272236,0.40303,0.336426,0.418021,0.499658,0.344482,0.305952	0.317716,0.328732,0.404877,0.414443,0.31771,0.366387,0.361434,0.38571,0.534011,0.354675,0.432842,0.333563,0.312276,0.28396,0.436861,0.411282,0.450641,0.543063,0.400012,0.305848	-0.0368633,-0.0518546,-0.0129071,-0.0632149,-0.0356544,-0.0375442,0.01423,0.0094967,-0.0207802,0.0337056,-0.00601105,0.0144016,-0.0261125,-0.0127064,-0.0410607,-0.0868766,-0.0401916,-0.0595688,-0.064405,0.000114448
0.479494,0.470727,0.54304,0.445794,0.416953,0.363495,0.436347,0.392927,0.615143,0.406036,0.521458,0.468347,0.408194,0.425033,0.465796,0.507879,0.545288,0.657316,0.394245,0.471142	0.51165,0.509185,0.5415,0.494849,0.43295,0.421157,0.399836,0.402167,0.60292,0.440275,0.497434,0.440109,0.440826,0.45261,0.467804,0.545254,0.542326,0.651534,0.441555,0.443172	-0.0426089,-0.0505822,0.00218122,-0.0629393,-0.0195204,-0.068085,0.044227,-0.0109743,0.0194284,-0.0416925,0.032439,0.0355695,-0.0397922,-0.0341463,-0.00256726,-0.0516883,0.00420588,0.0101124,-0.0572812,0.0353513
-0.309893,-0.390192,-0.350157,-0.382762,-0.381422,-0.307145,-0.473204,-0.424054,-0.458025,-0.37477,-0.46947,-0.405771,-0.297041,-0.387192,-0.449354,-0.629773,-0.492249,-0.37078,-0.508256,0.279651	-0.0497091,-0.0593516,-0.0985398,-0.00298412,-0.131894,-0.0226853,-0.199616,-0.0935071,-0.305486,-0.0859764,-0.161704,-0.0421974,-0.0920372,-0.128939,-0.0592175,-0.122022,-0.0552041,-0.234874,-0.268566,0.387398	-0.264254,-0.338684,-0.26061,-0.380213,-0.262746,-0.286455,-0.302126,-0.344195,-0.177355,-0.298409,-0.33305,-0.369907,-0.210766,-0.271824,-0.400802,-0.550018,-0.449253,-0.148871,-0.277579,-0.120839
-0.311627,-0.389676,-0.34197,-0.375892,-0.373353,-0.311699,-0.453948,-0.419067,-0.458602,-0.397944,-0.455717,-0.412309,-0.291234,-0.408252,-0.410017,-0.643619,-0.466477,-0.382961,-0.525897,0.286506	-0.0556811,-0.0514279,-0.101066,-0.011276,-0.148149,-0.0341977,-0.190465,-0.102606,-0.31729,-0.127128,-0.129619,-0.00567255,-0.0986747,-0.131499,-0.0389164,-0.144022,-0.04303,-0.246413,-0.308656,0.3928	-0.260465,-0.345165,-0.249528,-0.366168,-0.23839,-0.280491,-0.28842,-0.33068,-0.165376,-0.285247,-0.34657,-0.407589,-0.198257,-0.292453,-0.377118,-0.550638,-0.432121,-0.150776,-0.259337,-0.119774
0.274738,0.315244,0.348947,0.394564,0.322182,0.287778,0.378633,0.329154,0.541908,0.303517,0.402669,0.337541,0.270953,0.280707,0.382455,0.367432,0.446363,0.48095,0.453027,0.432417	0.271348,0.305093,0.336811,0.38836,0.305354,0.312067,0.35495,0.34622,0.515064,0.364207,0.374789,0.32293,0.278618,0.295271,0.350786,0.328758,0.410586,0.432162,0.443977,0.403419	0.00366287,0.0112319,0.0137526,0.00732703,0.0186646,-0.0266859,0.0273604,-0.0192618,0.0372382,-0.0682319,0.0328356,0.0163991,-0.00829141,-0.0158807,0.0365768,0.0439882,0.0438054,0.0615892,0.011329,0.0351261
-0.262044,-0.340674,-0.32725,-0.316788,-0.342842,-0.31138,-0.426827,-0.365637,-0.403928,-0.34236,-0.441641,-0.405804,-0.229664,-0.33912,-0.386222,-0.556,-0.476855,-0.339524,-0.421266,0.1646	-0.0229668,-0.0244298,-0.0771983,0.0500391,-0.110025,-0.0526625,-0.122431,-0.00364661,-0.245752,-0.0316912,-0.126608,-0.0275407,-0.0286719,-0.0714358,0.00751529,-0.0329935,-0.0569212,-0.223928,-0.185356,0.265062	-0.240525,-0.318898,-0.256532,-0.361103,-0.241943,-0.26303,-0.32118,-0.362474,-0.175608,-0.314076,-0.333691,-0.382539,-0.202324,-0.27433,-0.392597,-0.53278,-0.43165,-0.125108,-0.255891,-0.105045
-0.266134,-0.337292,-0.315567,-0.31503,-0.32863,-0.322856,-0.403053,-0.350323,-0.399472,-0.357451,-0.432932,-0.425396,-0.226374,-0.363756,-0.343138,-0.563268,-0.45697,-0.349198,-0.42963,0.159603	-0.0316123,-0.0135717,-0.0744372,0.0327809,-0.118978,-0.0726584,-0.10967,-0.000632582,-0.253102,-0.0628274,-0.102505,-0.0129558,-0.0399823,-0.0760372,0.0280272,-0.040068,-0.0532175,-0.232244,-0.212175,0.25802	-0.236511,-0.325209,-0.24693,-0.344256,-0.218183,-0.256208,-0.306951,-0.349768,-0.162834,-0.301392,-0.345771,-0.414726,-0.188094,-0.295903,-0.36763,-0.535281,-0.413816,-0.127277,-0.239266,-0.102643
-0.282428,-0.360658,-0.354244,-0.329458,-0.362299,-0.326582,-0.454335,-0.363481,-0.423621,-0.34128,-0.473519,-0.425249,-0.272115,-0.380242,-0.429513,-0.604699,-0.506147,-0.364961,-0.467025,0.105952	-0.045057,-0.0443361,-0.101469,0.0366485,-0.123737,-0.0929814,-0.146818,-0.014161,-0.253058,-0.0734748,-0.154365,-0.0431241,-0.087091,-0.142639,-0.0338189,-0.0945032,-0.0784185,-0.220982,-0.242276,0.231684	-0.240431,-0.321462,-0.2622,-0.361739,-0.249758,-0.240917,-0.329496,-0.351127,-0.191043,-0.274693,-0.344323,-0.389264,-0.189515,-0.251229,-0.401526,-0.541118,-0.445407,-0.15661,-0.253424,-0.128896
-0.282157,-0.357652,-0.349121,-0.330716,-0.330833,-0.344179,-0.433357,-0.357735,-0.423001,-0.36383,-0.466614,-0.435679,-0.266328,-0.40467,-0.382636,-0.612572,-0.481269,-0.368156,-0.479345,0.105376	-0.0484581,-0.0331271,-0.108141,0.0148007,-0.108731,-0.121166,-0.137603,-0.0240773,-0.264597,-0.113315,-0.133048,-0.0140895,-0.0942458,-0.149055,-0.00450499,-0.103044,-0.066473,-0.221821,-0.273727,0.22918	-0.236939,-0.328416,-0.250435,-0.343834,-0.23039,-0.232717,-0.314508,-0.336557,-0.178367,-0.261287,-0.355646,-0.424193,-0.176513,-0.272023,-0.378784,-0.543857,-0.428505,-0.159348,-0.236672,-0.126868
0.818222,0.814831,0.827509,0.885473,0.794058,0.827949,0.791738,0.876167,0.899998,0.856626,0.806755,0.691328,0.860043,0.805019,0.831228,0.842364,0.829379,0.884073,0.776768,0.845627	0.811909,0.825963,0.811229,0.854623,0.753268,0.819746,0.761673,0.852021,0.875737,0.842404,0.830586,0.752613,0.84134,0.84582,0.779445,0.848994,0.788687,0.889017,0.740617,0.844492	0.0188089,-0.0340444,0.0495274,0.126821,0.101504,0.02553,0.075737,0.0952536,0.114528,0.0510876,-0.072232,-0.127758,0.0676658,-0.127865,0.147067,-0.0232738,0.117649,-0.0230958,0.0851204,0.00397019
0.676117,0.754155,0.768815,0.772161,0.700069,0.70409,0.673794,0.582014,0.570889,0.36182,0.330747,0.581454,0.638221,0.511136,0.752394,0.658054,0.533057,0.49276,0.680894,0.304544	0.695396,0.741733,0.781756,0.71397,0.695469,0.736685,0.644112,0.53481,0.533478,0.446863,0.419656,0.638137,0.588624,0.546725,0.66891,0.632641,0.574806,0.512112,0.646216,0.58829	-0.0363875,0.0281918,-0.0324361,0.129687,0.00896583,-0.067723,0.0524416,0.0685375,0.0537945,-0.101445,-0.103239,-0.0901234,0.0794395,-0.0493918,0.168072,0.0435383,-0.060192,-0.0258837,0.0619257,-0.345677
-0.0372981,0.0103719,-0.0144543,0.0504763,0.0595059,0.0671442,0.113669,0.0231927,-0.0685766,0.0290919,0.140817,-0.0400109,-0.00957881,-0.00153149,0.0828155,-0.0119138,0.0716165,-0.248675,-0.102663,0.0127511	-0.328203,-0.371465,-0.33392,-0.355496,-0.41324,-0.319622,-0.386922,-0.433178,-0.416531,-0.392155,-0.323046,-0.494972,-0.224667,-0.492232,-0.335677,-0.649632,-0.505717,-0.436241,-0.357206,-0.589057	0.29451,0.380371,0.321015,0.398816,0.4614,0.37864,0.479502,0.451832,0.358186,0.416495,0.443679,0.464154,0.215552,0.491071,0.407173,0.642692,0.557155,0.210389,0.264233,0.597321
-0.0349379,0.0102819,-0.0191681,0.0923396,0.0588978,0.0630633,0.101092,0.0270737,-0.0611427,0.0233124,0.153001,-0.0299574,-0.0287796,-0.041041,0.0671309,-0.0275086,0.108559,-0.258839,-0.134338,0.0156204	-0.333085,-0.376321,-0.338053,-0.288523,-0.401405,-0.330907,-0.394784,-0.437039,-0.40537,-0.414343,-0.314885,-0.495898,-0.244954,-0.503382,-0.351528,-0.658196,-0.498451,-0.428217,-0.408216,-0.590182	0.301658,0.385113,0.320965,0.370979,0.449672,0.385917,0.476846,0.458685,0.352976,0.433468,0.446381,0.472967,0.217709,0.472094,0.409007,0.642317,0.57585,0.190492,0.289769,0.600268
-0.00638232,0.01275,0.0202802,0.0976902,0.0428605,0.0865734,0.0761854,0.0256106,-0.0252969,0.0361686,0.120014,-0.0237355,-0.0050293,-0.00397881,0.075698,-0.0400999,0.0556605,-0.240275,-0.129487,0.0294518	-0.280542,-0.342139,-0.301075,-0.243487,-0.385749,-0.297586,-0.429933,-0.432827,-0.369854,-0.401319,-0.330823,-0.493095,-0.188227,-0.463921,-0.314139,-0.62666,-0.508844,-0.396536,-0.348077,-0.56402	0.274652,0.353348,0.319405,0.33325,0.421638,0.374511,0.490067,0.453412,0.347811,0.431228,0.433621,0.474918,0.183371,0.460793,0.380782,0.60168,0.548956,0.172717,0.228908,0.583775
-0.0326377,0.018728,0.0110456,0.1045,0.0397697,0.0615737,0.100208,0.02244,-0.028874,0.0114896,0.167399,-0.0159009,-0.00870757,-0.0348667,0.0614942,-0.0459835,0.0352518,-0.215018,-0.114968,0.041801	-0.302662,-0.347823,-0.31688,-0.250664,-0.398783,-0.308034,-0.428571,-0.432293,-0.39005,-0.391607,-0.327739,-0.501324,-0.200273,-0.48025,-0.350276,-0.652507,-0.53478,-0.409836,-0.356792,-0.568938	0.272719,0.364179,0.326782,0.346098,0.431706,0.362728,0.507005,0.450364,0.36529,0.401291,0.469386,0.489323,0.1919,0.452969,0.403088,0.625285,0.559485,0.213645,0.252168,0.596551
0.12105,0.0129842,0.104067,0.0203199,0.14096,0.0876121,0.0280643,-0.0048383,0.0798756,0.031934,-0.13858,0.0321296,0.170902,0.10969,0.108748,-0.024955,0.0278297,0.0847027,-0.174451,0.117339	0.137534,0.0134158,0.0306871,0.148759,-0.0678389,0.0205719,-0.0466027,-0.0338948,-0.0682407,-0.000611568,-0.0215979,-0.0487313,0.219272,-0.053853,0.269886,-0.000684568,0.104585,-0.0247829,0.0919206,-0.519604	-0.0167634,-0.000431678,0.0736149,-0.128829,0.206821,0.0671612,0.0745694,0.0290612,0.147313,0.032545,-0.117333,0.0807345,-0.0502526,0.162582,-0.166011,-0.0242709,-0.0769797,0.109256,-0.262167,0.60034
0.106142,0.0151149,0.0958043,0.0333287,0.160556,0.121487,0.0240994,0.00347126,0.0965203,0.0262303,-0.122378,0.00962725,0.202091,0.0361327,0.155919,-0.0228344,0.00703382,0.00877301,-0.172185,0.116558	0.11746,0.0316447,0.012283,0.138724,-0.0819024,0.050706,-0.0788615,-0.0375708,-0.0743866,0.00196338,0.02004,-0.0163597,0.23462,-0.0558418,0.254003,0.0134446,0.0649597,-0.079254,0.0954412,-0.52053	-0.0114606,-0.0165377,0.0836197,-0.105885,0.239311,0.0712195,0.102766,0.0410367,0.169689,0.0242682,-0.142069,0.0259828,-0.0341475,0.0917893,-0.102129,-0.0362678,-0.0579524,0.0879659,-0.263299,0.600645
-0.0698938,0.00975619,-0.00368951,0.0481089,0.0531346,0.115026,0.0678046,0.00994296,-0.0781216,-0.100649,0.0948738,-0.0468047,-0.00917399,-0.0326127,0.0576131,-0.0216004,0.0525829,-0.263841,-0.0985137,-0.0596852	-0.36368,-0.368488,-0.332994,-0.322535,-0.415006,-0.303208,-0.398375,-0.418524,-0.407045,-0.509599,-0.388204,-0.526662,-0.19452,-0.525534,-0.308763,-0.647058,-0.522427,-0.456768,-0.338991,-0.694896	0.301448,0.376889,0.32971,0.364981,0.45804,0.404139,0.453919,0.426691,0.339726,0.431059,0.465918,0.491984,0.185677,0.501516,0.359973,0.634323,0.559637,0.219364,0.248786,0.662697
-0.0684507,0.0159217,-0.023151,0.156505,0.0678381,0.111457,0.0633627,0.0139732,-0.0673319,-0.0927814,0.0899557,-0.0304893,-0.042566,-0.0664999,0.0346307,-0.03857,0.0758851,-0.277183,-0.135064,-0.0671035	-0.368536,-0.368834,-0.347944,-0.195122,-0.392828,-0.313105,-0.400559,-0.421612,-0.392997,-0.524273,-0.391633,-0.524182,-0.227939,-0.536189,-0.330864,-0.655952,-0.526009,-0.452187,-0.394428,-0.699633	0.307851,0.382509,0.327431,0.341207,0.448709,0.410245,0.452439,0.433034,0.334517,0.453554,0.465199,0.501711,0.18719,0.487055,0.361354,0.633407,0.578791,0.200082,0.273959,0.663689
-0.0211842,0.0035172,0.0305323,0.155991,0.0482719,0.128165,0.0189501,0.00325171,-0.0226045,-0.0505426,0.109773,-0.0227933,-0.0048373,-0.00413175,0.0490224,-0.0321328,0.0614268,-0.233976,-0.117158,0.0422176	-0.305129,-0.344683,-0.301157,-0.15253,-0.379685,-0.287368,-0.447798,-0.424557,-0.350084,-0.493251,-0.375915,-0.518952,-0.155318,-0.47936,-0.284147,-0.617202,-0.514741,-0.401074,-0.32212,-0.638289	0.285792,0.347779,0.328668,0.301351,0.420255,0.400773,0.462821,0.427219,0.330091,0.454027,0.46644,0.502098,0.150594,0.476171,0.328592,0.596907,0.558509,0.184403,0.213,0.66265
-0.0542707,0.0130663,0.0113065,0.173157,0.0456379,0.0998109,0.0487887,-0.00207911,-0.0173282,-0.0998812,0.13219,-0.019961,-0.00645967,-0.0449877,0.0418749,-0.0336804,0.000916832,-0.207448,-0.11174,0.0298227	-0.330718,-0.348416,-0.323815,-0.150708,-0.391961,-0.29785,-0.442382,-0.424396,-0.36554,-0.500448,-0.385531,-0.5321,-0.166492,-0.505551,-0.318345,-0.643011,-0.560911,-0.413701,-0.337827,-0.651153	0.2815,0.359844,0.333899,0.315628,0.429909,0.38618,0.480794,0.42269,0.350432,0.421643,0.492615,0.517637,0.160205,0.471282,0.355481,0.622819,0.561539,0.225616,0.234956,0.668004
0.140241,0.0210105,0.138499,-0.00364277,0.199185,0.147485,-0.0100509,-0.00429557,0.110136,0.0625318,-0.0278151,0.116928,0.18915,0.182211,0.136885,-0.0510388,0.137128,0.163555,-0.191938,-0.0474701	0.142332,0.0299062,0.053745,0.169657,-0.0151081,0.0510308,-0.0615413,0.00206362,-0.0157028,-0.039461,0.0247675,-0.0127915,0.284106,-0.0125542,0.375049,-0.0105751,0.18371,0.0290555,0.092668,-0.682311	-0.00213445,-0.00890136,0.0853896,-0.173192,0.21365,0.0971856,0.0515222,-0.00635913,0.125621,0.101742,-0.0525464,0.129525,-0.100349,0.194321,-0.251053,-0.0404855,-0.0477857,0.135142,-0.279633,0.656091
0.123065,0.0196055,0.116447,0.00728472,0.219104,0.209676,0.00276511,0.00433777,0.136084,0.0554785,0.00692325,0.0839152,0.21049,0.102216,0.181506,-0.0462334,0.111222,0.113243,-0.168371,-0.0491184	0.120088,0.0448456,0.0221821,0.158139,-0.0274187,0.106853,-0.0783494,-0.00162529,-0.0134209,-0.0378967,0.0845908,0.0134579,0.288639,-0.0174523,0.353108,0.00596251,0.138457,-0.000327145,0.124348,-0.683314	0.00302142,-0.0252623,0.0945089,-0.151028,0.245051,0.105179,0.081097,0.00596301,0.149233,0.0931793,-0.0777131,0.070537,-0.0832042,0.119455,-0.183353,-0.0521815,-0.027661,0.113566,-0.286716,0.656221
0.798263,0.792363,0.800852,0.679745,0.68686,0.775382,0.694897,0.644953,0.809314,0.689029,0.750358,0.7246,0.65568,0.661195,0.794001,0.754966,0.683781,0.756445,0.671929,0.818878	0.788333,0.788519,0.799328,0.736396,0.702779,0.757037,0.697324,0.635838,0.814104,0.656314,0.75085,0.706869,0.643635,0.684416,0.777345,0.74506,0.661077,0.788949,0.605458,0.811378	0.026789,0.0102462,0.00423549,-0.113431,-0.0307745,0.0444199,-0.00470926,0.0154511,-0.0140425,0.0597241,-0.00112746,0.0363492,0.0208395,-0.0424152,0.0435115,0.0226409,0.0414317,-0.0806137,0.112061,0.0223501
0.286165,0.285942,0.414308,0.293976,0.306203,0.40162,0.429946,0.359692,0.49175,0.417065,0.444299,0.361517,0.325932,0.288208,0.442068,0.334644,0.454997,0.439026,0.461238,0.34922	0.316858,0.337653,0.424577,0.408701,0.364665,0.41395,0.404101,0.359428,0.521762,0.36743,0.449236,0.337604,0.367571,0.346026,0.476005,0.418217,0.477051,0.507117,0.507898,0.390108	-0.033753,-0.0572378,-0.0124606,-0.130391,-0.0658109,-0.0147881,0.0312789,0.000303466,-0.0403709,0.0586176,-0.00616886,0.0272371,-0.0473064,-0.0642229,-0.0429818,-0.097173,-0.0281678,-0.087592,-0.0609354,-0.0473369
0.476105,0.462073,0.573705,0.388511,0.421117,0.420109,0.513787,0.414433,0.599554,0.441329,0.572221,0.4811,0.433478,0.421662,0.507661,0.516349,0.556316,0.612416,0.485551,0.499779	0.503774,0.500664,0.570271,0.495265,0.458092,0.440321,0.456521,0.415979,0.595892,0.457848,0.524846,0.437354,0.464407,0.487613,0.494087,0.551817,0.535616,0.617178,0.496502,0.502384	-0.0363994,-0.0502059,0.00510385,-0.13219,-0.0458123,-0.0248005,0.0748138,-0.0018683,0.00569815,-0.0207022,0.0677111,0.0554034,-0.0387243,-0.0830207,0.018118,-0.0496012,0.0294854,-0.00765618,-0.0144293,-0.00347933
-0.342965,-0.407091,-0.307866,-0.398623,-0.352099,-0.309254,-0.473227,-0.420889,-0.482011,-0.421655,-0.531422,-0.440363,-0.294768,-0.434822,-0.455459,-0.692729,-0.552706,-0.374096,-0.576126,0.403608	-0.0438395,-0.0536422,-0.0584571,0.102886,-0.0481491,0.0182751,-0.0996993,0.0152628,-0.284028,-0.0465555,-0.086501,-0.0333143,-0.0544678,-0.0583841,0.0602241,-0.0985399,0.0557108,-0.254164,-0.205998,0.428456	-0.303691,-0.361339,-0.25398,-0.481751,-0.309192,-0.325689,-0.392023,-0.433368,-0.229387,-0.38261,-0.466359,-0.413109,-0.244222,-0.386244,-0.501916,-0.637721,-0.590242,-0.132533,-0.419971,-0.0300433
-0.34579,-0.407405,-0.297308,-0.393123,-0.340392,-0.324939,-0.450874,-0.415794,-0.485498,-0.456213,-0.536204,-0.456211,-0.28924,-0.486657,-0.413267,-0.705396,-0.533905,-0.390255,-0.604665,0.408777	-0.0518585,-0.0401807,-0.0580442,0.0937404,-0.0632836,-0.0045752,-0.0941063,0.00972211,-0.303258,-0.0904406,-0.0738332,-0.00475245,-0.060648,-0.0743307,0.0683017,-0.117409,0.0752732,-0.26088,-0.246698,0.431956	-0.299299,-0.373336,-0.243465,-0.469559,-0.283209,-0.320841,-0.372576,-0.423803,-0.213703,-0.381513,-0.48143,-0.452439,-0.232673,-0.427802,-0.468349,-0.641081,-0.585642,-0.14404,-0.420726,-0.0281487
0.288095,0.284535,0.410576,0.389019,0.311333,0.371381,0.433506,0.411508,0.525227,0.400215,0.46361,0.343691,0.286187,0.274147,0.424928,0.336156,0.447048,0.472497,0.337323,0.332114	0.327914,0.339916,0.422343,0.449626,0.354799,0.402065,0.405259,0.420487,0.550225,0.381147,0.46807,0.337162,0.338763,0.30903,0.475042,0.42931,0.492504,0.509662,0.445621,0.381176	-0.0439734,-0.0613116,-0.0142358,-0.0734556,-0.0488638,-0.03607,0.0342669,-0.0108584,-0.0351589,0.0225007,-0.00569589,0.00738413,-0.0582207,-0.0381117,-0.0627883,-0.108865,-0.058289,-0.0489539,-0.127457,-0.0561735
0.483409,0.474144,0.557233,0.473602,0.439815,0.411192,0.498177,0.421387,0.623096,0.416957,0.567284,0.468807,0.417789,0.431262,0.495106,0.513751,0.574916,0.648195,0.40165,0.489998	0.520828,0.51669,0.555352,0.524568,0.461428,0.449656,0.438477,0.432043,0.614616,0.46527,0.519414,0.442852,0.460361,0.47498,0.498625,0.559653,0.577832,0.62022,0.476493,0.500805	-0.0500111,-0.0563519,0.00272432,-0.0678132,-0.0271158,-0.0471886,0.0763861,-0.0130283,0.0137426,-0.059941,0.0678672,0.0327561,-0.0527101,-0.0549804,-0.00467257,-0.0644257,-0.00436787,0.0467814,-0.0925574,-0.0143213
-0.343382,-0.400169,-0.309691,-0.390351,-0.364153,-0.302051,-0.480968,-0.46051,-0.48119,-0.429681,-0.535787,-0.452206,-0.304592,-0.445597,-0.47318,-0.698197,-0.561832,-0.390029,-0.604597,0.416328	-0.036688,-0.0412887,-0.0609916,0.0762334,-0.0737182,0.0445068,-0.110344,-0.0371629,-0.288759,-0.0338754,-0.0962394,-0.0391759,-0.059562,-0.0993592,0.039754,-0.104219,0.0613723,-0.293293,-0.221508,0.450297	-0.310607,-0.364909,-0.253487,-0.453101,-0.298447,-0.341961,-0.391396,-0.430718,-0.223483,-0.401652,-0.463445,-0.420479,-0.249558,-0.362278,-0.503464,-0.640591,-0.602432,-0.109231,-0.442327,-0.0418065
-0.345243,-0.405463,-0.302949,-0.384266,-0.354037,-0.310156,-0.456829,-0.458966,-0.478667,-0.465322,-0.526357,-0.461438,-0.29977,-0.489373,-0.426223,-0.714059,-0.547042,-0.412293,-0.633937,0.42276	-0.0429356,-0.0334867,-0.0641463,0.0671951,-0.0910456,0.0328072,-0.101408,-0.0476756,-0.299263,-0.079859,-0.0609668,-0.000301016,-0.0668119,-0.104515,0.0568666,-0.130689,0.0721264,-0.307317,-0.274104,0.455055	-0.306855,-0.377097,-0.243535,-0.440097,-0.27175,-0.339509,-0.372687,-0.420491,-0.2094,-0.40034,-0.480819,-0.461201,-0.237719,-0.405604,-0.471658,-0.643413,-0.595666,-0.120207,-0.43551,-0.0399877
0.281755,0.322701,0.368703,0.427202,0.353148,0.341259,0.43941,0.364362,0.556216,0.320104,0.45531,0.339527,0.288527,0.292076,0.423721,0.378966,0.485157,0.459916,0.475516,0.470536	0.277031,0.308258,0.355283,0.416274,0.331136,0.349102,0.408583,0.366175,0.523068,0.38441,0.404601,0.320852,0.277266,0.298665,0.377119,0.330262,0.442209,0.395909,0.440462,0.431598	0.00512419,0.0160384,0.0154437,0.0132926,0.0249275,-0.00890363,0.0375728,-0.00209252,0.0467497,-0.0733293,0.0621608,0.020958,0.0122402,-0.00721896,0.0554656,0.0556723,0.0546798,0.0782554,0.0443413,0.0488606
-0.294635,-0.355282,-0.287833,-0.328465,-0.326153,-0.304165,-0.435639,-0.406717,-0.428388,-0.399089,-0.510073,-0.45147,-0.244627,-0.403918,-0.413087,-0.636192,-0.553984,-0.35817,-0.543777,0.307778	-0.0158745,-0.0160476,-0.0418552,0.12082,-0.064518,0.015976,-0.00926885,0.0390183,-0.234009,0.0109074,-0.0576669,-0.031369,-0.0259855,-0.0643486,0.0854505,-0.0317225,0.0365956,-0.277769,-0.192391,0.28968	-0.280071,-0.34118,-0.248977,-0.432135,-0.267259,-0.318593,-0.428099,-0.438773,-0.216036,-0.40822,-0.466117,-0.426136,-0.22004,-0.348631,-0.48154,-0.61692,-0.578845,-0.0892839,-0.392443,0.0198693
-0.298521,-0.357843,-0.277903,-0.327115,-0.310684,-0.319034,-0.408312,-0.395516,-0.421034,-0.426545,-0.504443,-0.47336,-0.241596,-0.45284,-0.362049,-0.646823,-0.544415,-0.378211,-0.569311,0.302503	-0.0247609,-0.00504838,-0.0397655,0.102505,-0.0743252,-0.00429509,0.00157016,0.0415659,-0.240285,-0.0232825,-0.0311275,-0.0161967,-0.0373992,-0.0712916,0.102543,-0.0403012,0.0384206,-0.28834,-0.229313,0.283085	-0.275799,-0.353433,-0.240799,-0.415682,-0.241945,-0.315171,-0.409619,-0.430013,-0.201094,-0.407307,-0.480866,-0.460696,-0.206059,-0.394278,-0.447961,-0.622756,-0.570895,-0.100871,-0.39105,0.0212366
-0.314719,-0.373714,-0.31372,-0.340178,-0.344196,-0.318573,-0.459711,-0.402889,-0.447391,-0.403031,-0.533026,-0.469987,-0.281746,-0.441295,-0.4536,-0.679142,-0.575527,-0.382111,-0.576615,0.248762	-0.0372779,-0.0312217,-0.0632813,0.113329,-0.0725809,-0.00810625,-0.0255377,0.0454655,-0.236208,-0.0395897,-0.0584501,-0.0426673,-0.0647764,-0.131765,0.0637917,-0.0866997,0.0249525,-0.26447,-0.226983,0.268975	-0.280734,-0.346535,-0.255511,-0.436672,-0.278574,-0.311271,-0.439331,-0.44029,-0.236137,-0.369335,-0.489837,-0.436065,-0.221003,-0.328639,-0.502842,-0.629509,-0.591978,-0.130867,-0.402284,-0.0216626
-0.314331,-0.37686,-0.310213,-0.341703,-0.311574,-0.340196,-0.434946,-0.400564,-0.443399,-0.438945,-0.53003,-0.482906,-0.276353,-0.488497,-0.399151,-0.689635,-0.561014,-0.395144,-0.604376,0.247863	-0.0407394,-0.0199765,-0.0705285,0.0900433,-0.0582788,-0.037679,-0.0188279,0.0339656,-0.246525,-0.0844483,-0.0350272,-0.0120179,-0.0722797,-0.142259,0.0898337,-0.0972998,0.0353461,-0.267524,-0.26995,0.266496	-0.277141,-0.35959,-0.245046,-0.418858,-0.25798,-0.306445,-0.419554,-0.428697,-0.221035,-0.368143,-0.504367,-0.473637,-0.208233,-0.372096,-0.472058,-0.634941,-0.584765,-0.142706,-0.399625,-0.0199508
0.811546,0.803195,0.834406,0.88448,0.800074,0.822432,0.78541,0.861686,0.894105,0.826148,0.773818,0.657884,0.856031,0.755482,0.830154,0.79753,0.7775,0.874304,0.695847,0.862782	0.805265,0.825688,0.820219,0.853531,0.75723,0.820471,0.743809,0.845029,0.866126,0.837051,0.808893,0.733428,0.836892,0.855337,0.758699,0.816189,0.755369,0.896085,0.687792,0.861508	0.018129,-0.0667841,0.0449526,0.126288,0.108699,0.00602834,0.100049,0.0612741,0.124026,-0.0353473,-0.0937673,-0.145982,0.0674897,-0.282229,0.193037,-0.0534551,0.0536235,-0.10058,0.0154493,0.00496234
-0.0818285,-0.00226145,0.0375583,-0.000337891,-0.0164574,0.139154,-0.106778,-0.0237503,-0.0201832,-0.185708,-0.0646127,-0.00899109,0.00077695,-0.0559706,-0.0610662,-0.0230275,-0.037854,-0.0208757,0.00994777,-0.101144	-0.811024,-0.855181,-0.853657,-0.844329,-0.830948,-0.805216,-0.823576,-0.758011,-0.742416,-0.725415,-0.628401,-0.808433,-0.705874,-0.788013,-0.82918,-0.87544,-0.804618,-0.71175,-0.794142,-0.802782	0.781029,0.854573,0.863529,0.844232,0.825784,0.849217,0.78591,0.747722,0.73322,0.623734,0.587649,0.805295,0.706263,0.76582,0.809082,0.86995,0.790852,0.701294,0.797787,0.763643
-0.0851637,0.0196279,-0.0130475,0.207078,0.0242514,0.144129,-0.0861319,-0.0231606,-0.0137809,-0.16612,-0.0893576,0.00239945,-0.0280516,-0.0421849,-0.082111,-0.0270537,-0.0661265,-0.0239843,-0.00567232,-0.11523	-0.814453,-0.853068,-0.860618,-0.76692,-0.815722,-0.80907,-0.820274,-0.760126,-0.733994,-0.731365,-0.637358,-0.808182,-0.720991,-0.785074,-0.835243,-0.878646,-0.807193,-0.707537,-0.81127,-0.806355	0.783644,0.858324,0.857196,0.840514,0.823679,0.853654,0.789954,0.750172,0.727573,0.643417,0.581095,0.809012,0.707243,0.768336,0.808587,0.872328,0.782853,0.695353,0.809322,0.76192
-0.0372627,-0.0319283,0.0341913,0.196884,0.0150741,0.11471,-0.137857,-0.0413075,0.00427631,-0.126305,-0.0171976,0.00442716,0.000245693,-0.000131969,-0.06366,0.0178514,0.0115438,0.0186082,0.0300473,0.0115983	-0.785011,-0.851449,-0.845434,-0.760423,-0.81611,-0.799842,-0.842896,-0.765157,-0.711964,-0.708283,-0.617984,-0.810043,-0.692339,-0.760935,-0.822083,-0.859618,-0.790115,-0.683536,-0.785171,-0.767134	0.77028,0.842423,0.854913,0.832647,0.821083,0.837694,0.797735,0.747475,0.714067,0.639157,0.60724,0.81156,0.692467,0.760879,0.800306,0.864208,0.794413,0.693326,0.796429,0.771865
-0.0546494,-0.0196978,0.000575609,0.224572,0.0165548,0.108754,-0.122148,-0.0456206,0.0212059,-0.158911,-0.0519672,-0.00635537,0.00451734,-0.0155066,-0.046157,0.0283082,-0.0680022,0.0201821,0.00472271,-0.0259353	-0.797107,-0.851065,-0.851645,-0.753715,-0.819643,-0.802645,-0.840557,-0.765508,-0.71864,-0.714277,-0.632202,-0.816565,-0.699967,-0.769387,-0.826206,-0.8683,-0.816938,-0.689986,-0.797003,-0.779214	0.776273,0.845542,0.851803,0.83667,0.825004,0.838229,0.800609,0.745937,0.72874,0.626476,0.599946,0.814436,0.702264,0.762983,0.810976,0.875098,0.792989,0.700415,0.798719,0.768816
0.0438169,0.0279198,0.110165,-0.0708998,0.15574,0.158211,-0.0943974,0.000907209,0.0627541,0.0415598,0.162106,0.173704,0.046102,0.139875,0.101355,-0.0627034,0.206669,0.130887,-0.0618954,-0.242514	-0.606069,-0.739453,-0.726479,-0.721679,-0.667957,-0.672917,-0.707591,-0.572521,-0.568669,-0.403286,-0.304065,-0.570316,-0.47903,-0.505574,-0.57317,-0.648183,-0.417156,-0.455485,-0.664572,-0.809893	0.633074,0.75185,0.774647,0.685873,0.746084,0.751158,0.657083,0.573131,0.609666,0.437513,0.444272,0.676957,0.513786,0.602819,0.637491,0.610283,0.574312,0.553381,0.628531,0.706056
0.0379279,0.0154961,0.0630163,-0.0751669,0.165782,0.232907,-0.0528484,0.00177891,0.0841884,0.0404959,0.184137,0.15461,0.0248776,0.128173,0.105048,-0.0572956,0.201028,0.179326,-0.00190996,-0.24282	-0.616596,-0.735751,-0.738807,-0.725818,-0.674172,-0.63876,-0.706444,-0.572606,-0.567833,-0.404313,-0.257339,-0.558207,-0.476528,-0.508914,-0.564397,-0.643461,-0.441718,-0.462769,-0.652242,-0.809986	0.639566,0.742779,0.766154,0.688197,0.755513,0.758782,0.678944,0.5738,0.622274,0.437643,0.421503,0.656185,0.495531,0.598075,0.631976,0.608603,0.590326,0.592893,0.651143,0.706028
0.797119,0.788482,0.807886,0.632194,0.679888,0.764007,0.671557,0.634005,0.81422,0.687411,0.703769,0.729545,0.667844,0.677783,0.790261,0.763429,0.652935,0.805773,0.754933,0.816868	0.789934,0.784453,0.802119,0.731734,0.696831,0.741572,0.662899,0.627958,0.824226,0.648836,0.716207,0.719268,0.636271,0.670427,0.760186,0.744565,0.654766,0.822627,0.654183,0.811163	0.0193998,0.0105621,0.0163842,-0.185223,-0.0321963,0.0517613,0.0156055,0.0100481,-0.0304223,0.0696309,-0.0250787,0.0216239,0.0549025,0.0134823,0.0753276,0.0437105,-0.00319801,-0.0499898,0.199056,0.0169078
0.284196,0.280572,0.400821,0.230823,0.29197,0.351587,0.403656,0.344868,0.488765,0.401561,0.389449,0.370539,0.325475,0.288972,0.410395,0.347231,0.440279,0.542337,0.543254,0.326251	0.341602,0.33473,0.443508,0.392894,0.340081,0.382711,0.344459,0.346583,0.556162,0.358178,0.376429,0.358194,0.370943,0.344509,0.441047,0.411596,0.450842,0.612154,0.560442,0.378366	-0.0635788,-0.0597708,-0.0519152,-0.178235,-0.0534139,-0.0359625,0.0687568,-0.00194821,-0.092556,0.0506708,0.0152566,0.0142338,-0.0517112,-0.0616773,-0.0374262,-0.075097,-0.0131797,-0.104516,-0.024713,-0.0594542
0.484603,0.454644,0.565836,0.326117,0.418035,0.39233,0.479011,0.400808,0.594184,0.44444,0.49932,0.482032,0.437796,0.440243,0.489785,0.530578,0.553851,0.668755,0.561092,0.474989	0.514787,0.500664,0.586045,0.487185,0.441599,0.408891,0.406629,0.401762,0.625748,0.44631,0.475756,0.456489,0.469296,0.479946,0.458549,0.545264,0.506707,0.706414,0.5577,0.498634	-0.0402165,-0.0595821,-0.030235,-0.191492,-0.0288992,-0.0197252,0.0898914,-0.0011368,-0.0502461,-0.00233288,0.0309054,0.0327495,-0.0396456,-0.05034,0.0402832,-0.0206642,0.0655368,-0.0713819,0.00493573,-0.0309825
-0.42059,-0.422646,-0.391152,-0.431974,-0.453999,-0.382565,-0.515777,-0.422815,-0.52745,-0.435502,-0.483156,-0.451145,-0.438772,-0.490226,-0.525004,-0.680584,-0.592085,-0.382192,-0.454607,0.32202	-0.00686029,-0.0655618,-0.0508416,0.0514371,-0.111057,-0.0493857,-0.211054,-0.0075289,-0.244854,-0.073269,-0.216003,0.00377748,-0.0526721,-0.0597452,-0.0369117,-0.0843816,-0.0228318,-0.0276507,-0.0797864,0.432872	-0.414927,-0.367261,-0.347215,-0.472903,-0.361151,-0.339595,-0.341947,-0.416613,-0.324505,-0.374172,-0.298283,-0.454148,-0.395234,-0.443469,-0.497738,-0.632527,-0.577054,-0.358328,-0.388928,-0.128807
-0.411938,-0.422278,-0.377243,-0.437383,-0.457208,-0.41836,-0.488402,-0.420434,-0.537285,-0.463535,-0.495385,-0.454768,-0.459079,-0.500136,-0.513694,-0.6953,-0.563539,-0.343087,-0.481168,0.327813	-0.015457,-0.0514801,-0.0508365,0.0428403,-0.12913,-0.0747642,-0.200512,-0.0127349,-0.266918,-0.114919,-0.206866,0.0342693,-0.0614347,-0.0729392,-0.024192,-0.103271,-0.000239322,-0.0299349,-0.112221,0.43601	-0.399021,-0.379038,-0.332789,-0.47139,-0.348662,-0.35469,-0.319144,-0.409894,-0.315632,-0.368231,-0.321462,-0.481533,-0.409184,-0.443371,-0.495661,-0.637828,-0.563375,-0.316401,-0.390006,-0.126241
0.287161,0.277477,0.394354,0.341295,0.296232,0.321198,0.405466,0.397696,0.522752,0.384599,0.413835,0.354725,0.282929,0.271333,0.391389,0.346595,0.439278,0.56584,0.418231,0.309652	0.351593,0.335077,0.442488,0.410851,0.328252,0.374342,0.354646,0.405527,0.579559,0.377214,0.388734,0.352532,0.358105,0.333424,0.451488,0.429157,0.448004,0.618515,0.53375,0.367577	-0.0716683,-0.063505,-0.058309,-0.0808997,-0.0354687,-0.0604066,0.0593543,-0.00933745,-0.0814977,0.00863768,0.0299125,0.00250614,-0.0836523,-0.0682667,-0.0729985,-0.0969881,-0.0108642,-0.0810358,-0.148718,-0.065364
0.493302,0.465943,0.548646,0.433165,0.438004,0.385741,0.459231,0.410984,0.620687,0.418724,0.497165,0.473689,0.417394,0.440325,0.476476,0.523744,0.583247,0.692001,0.470513,0.465717	0.530713,0.516036,0.574694,0.498616,0.444956,0.424841,0.39553,0.417974,0.641792,0.458287,0.461353,0.458395,0.48018,0.487649,0.475856,0.557673,0.533693,0.712388,0.566517,0.495387	-0.0506786,-0.0659508,-0.0380431,-0.0834812,-0.00863534,-0.0467636,0.0778395,-0.00844004,-0.035079,-0.0489586,0.0464713,0.0195363,-0.0785237,-0.0602641,0.000802396,-0.0479274,0.0719493,-0.0402093,-0.130895,-0.038568
-0.421691,-0.418418,-0.39265,-0.420837,-0.464794,-0.373512,-0.521363,-0.465499,-0.528022,-0.445518,-0.492776,-0.463891,-0.441847,-0.497001,-0.534806,-0.681846,-0.607978,-0.396766,-0.491986,0.336804	-0.0018142,-0.0532061,-0.0491142,-0.0277321,-0.13906,-0.0179832,-0.210584,-0.0642432,-0.256885,-0.0559751,-0.237227,-0.011606,-0.0350898,-0.0670357,-0.0394888,-0.073756,-0.0595253,-0.0637933,-0.0575507,0.45446	-0.420198,-0.373528,-0.350291,-0.397747,-0.348243,-0.357933,-0.349108,-0.413625,-0.313686,-0.399506,-0.289377,-0.454733,-0.413163,-0.444784,-0.506004,-0.64029,-0.569046,-0.34162,-0.447095,-0.138919
-0.412387,-0.422878,-0.384801,-0.426062,-0.468898,-0.401937,-0.49088,-0.465377,-0.531527,-0.4751,-0.489426,-0.458042,-0.461676,-0.49965,-0.517323,-0.699813,-0.583807,-0.362604,-0.525602,0.343993	-0.00854184,-0.0449103,-0.0535709,-0.0369021,-0.159462,-0.0310581,-0.196173,-0.0739303,-0.268543,-0.100543,-0.206983,0.0285888,-0.0448832,-0.0674765,-0.0182814,-0.0995924,-0.0447589,-0.071097,-0.107672,0.459109	-0.405273,-0.385284,-0.338202,-0.395376,-0.334443,-0.375568,-0.326111,-0.405394,-0.306772,-0.393346,-0.31428,-0.480341,-0.425612,-0.447252,-0.503806,-0.645187,-0.553512,-0.299221,-0.443001,-0.136706
0.302672,0.313546,0.368089,0.381919,0.338457,0.313129,0.391875,0.352835,0.561997,0.320543,0.368331,0.346106,0.295584,0.314049,0.400599,0.38949,0.478765,0.548556,0.537536,0.443547	0.274463,0.30394,0.345911,0.374817,0.31334,0.298634,0.379904,0.352089,0.52661,0.364818,0.35845,0.333425,0.280627,0.297322,0.339987,0.339585,0.420901,0.516317,0.517426,0.414592	0.0307643,0.0106189,0.0254145,0.00828812,0.0280973,0.0159908,0.0140647,0.000851212,0.0502622,-0.0501383,0.0113846,0.0143351,0.0163089,0.0184492,0.0701695,0.057512,0.0724671,0.0449782,0.0278587,0.03548
-0.384733,-0.373318,-0.377862,-0.359186,-0.427927,-0.38582,-0.468584,-0.409363,-0.478575,-0.420696,-0.45406,-0.46742,-0.391907,-0.468298,-0.489876,-0.615445,-0.589728,-0.375346,-0.415759,0.223925	-0.010599,-0.0294999,-0.0677339,0.00940267,-0.113411,-0.0734757,-0.0833594,0.013896,-0.22603,-0.0247858,-0.169158,-0.00935449,-0.0240887,-0.0652728,-0.00158799,0.00950948,-0.024055,-0.0648127,-0.0395385,0.272442	-0.375666,-0.347646,-0.318274,-0.367348,-0.330558,-0.321457,-0.400883,-0.420865,-0.283177,-0.400082,-0.308605,-0.460078,-0.371324,-0.415733,-0.488668,-0.621319,-0.573813,-0.318277,-0.382508,-0.0516691
-0.37846,-0.376067,-0.362777,-0.367597,-0.426988,-0.423264,-0.43711,-0.400887,-0.479443,-0.442672,-0.45733,-0.476318,-0.415942,-0.473567,-0.469703,-0.626689,-0.571146,-0.337604,-0.441091,0.21923	-0.0202473,-0.0181307,-0.0649696,-0.00826327,-0.125582,-0.0976415,-0.069605,0.0167704,-0.233764,-0.0586258,-0.146859,0.00710638,-0.0384133,-0.0692787,0.0221351,0.00206482,-0.0207084,-0.0692745,-0.0703999,0.265261	-0.360979,-0.360394,-0.304996,-0.360429,-0.318484,-0.33966,-0.379037,-0.414869,-0.276689,-0.394278,-0.332824,-0.481793,-0.383659,-0.418002,-0.486777,-0.627941,-0.557026,-0.274756,-0.382571,-0.0488739
-0.397936,-0.391195,-0.399845,-0.370714,-0.443873,-0.39728,-0.497378,-0.405416,-0.496675,-0.422007,-0.493927,-0.48703,-0.429903,-0.496824,-0.516775,-0.656533,-0.603814,-0.396317,-0.457785,0.168989	-0.00517778,-0.0507574,-0.0817922,-0.00358426,-0.119417,-0.0747375,-0.123649,0.0232749,-0.225785,-0.0511081,-0.218464,-0.0287267,-0.0661833,-0.108774,-0.00831859,-0.0379676,-0.0135216,-0.0715775,-0.0899581,0.245047	-0.393569,-0.347334,-0.328806,-0.367618,-0.342617,-0.332412,-0.39822,-0.424683,-0.305106,-0.379075,-0.308782,-0.464807,-0.374371,-0.410219,-0.510651,-0.634378,-0.595152,-0.334221,-0.383625,-0.0793441
-0.387245,-0.394051,-0.392973,-0.38267,-0.425949,-0.440728,-0.46704,-0.40587,-0.500216,-0.45229,-0.497364,-0.489457,-0.451746,-0.50281,-0.491585,-0.668719,-0.580122,-0.353652,-0.487749,0.168659	-0.00896849,-0.0392097,-0.0899267,-0.0260867,-0.104729,-0.109081,-0.112281,0.0120341,-0.237711,-0.0954349,-0.19876,0.003542,-0.0773143,-0.113633,0.0230927,-0.047447,-0.00158368,-0.0677314,-0.128068,0.242125	-0.379595,-0.36041,-0.314148,-0.360179,-0.336218,-0.348396,-0.374392,-0.415873,-0.297931,-0.372953,-0.331362,-0.492145,-0.387982,-0.41276,-0.508901,-0.64163,-0.579071,-0.292938,-0.383646,-0.076593
0.790653,0.805086,0.813969,0.870508,0.7595,0.775693,0.777093,0.855053,0.872685,0.827032,0.786168,0.66509,0.786365,0.783713,0.758829,0.795703,0.795495,0.90161,0.742948,0.852346	0.760895,0.83152,0.787772,0.858558,0.735105,0.820863,0.729955,0.849479,0.862874,0.830646,0.836441,0.712061,0.821976,0.784968,0.762889,0.817295,0.741513,0.828929,0.745066,0.850422	0.0746937,-0.0799695,0.0730181,0.0473065,0.0552314,-0.124345,0.108925,0.0203697,0.0397225,-0.0115425,-0.146818,-0.0892277,-0.100703,-0.00326255,-0.00964007,-0.0617478,0.131622,0.287698,-0.00474288,0.00699229
0.801785,0.783785,0.816988,0.56859,0.675092,0.751908,0.670777,0.638528,0.810692,0.704038,0.717299,0.73069,0.677831,0.677631,0.799902,0.767658,0.664626,0.806819,0.758039,0.828716	0.793913,0.78506,0.797948,0.73986,0.705371,0.730128,0.669357,0.632845,0.823287,0.68105,0.71309,0.724311,0.631865,0.675858,0.763027,0.747833,0.65634,0.821994,0.651581,0.817511	0.0216581,-0.0033162,0.0547008,-0.295638,-0.057807,0.0482925,0.00257634,0.00953784,-0.0378716,0.0441628,0.00861618,0.0135525,0.0804013,0.00327222,0.0946374,0.0465444,0.0146972,-0.0450568,0.21036,0.0347439
0.290314,0.288359,0.3982,0.174599,0.288284,0.331401,0.42564,0.357216,0.484106,0.428569,0.383439,0.371515,0.326449,0.283924,0.421502,0.343397,0.434361,0.527313,0.537391,0.316047	0.361844,0.335649,0.440708,0.395626,0.346318,0.356347,0.359442,0.351103,0.562702,0.415977,0.402148,0.363644,0.371836,0.361164,0.450505,0.418313,0.462324,0.615282,0.562218,0.418262	-0.0799252,-0.0523571,-0.051555,-0.237427,-0.0644708,-0.0282857,0.0781558,0.00698941,-0.108022,0.0153242,-0.0221195,0.00910087,-0.0516577,-0.0860654,-0.0358002,-0.0874825,-0.0349895,-0.130218,-0.0355754,-0.117785
0.491339,0.459992,0.571122,0.259461,0.413545,0.373305,0.494316,0.414873,0.583492,0.485165,0.508734,0.487073,0.437716,0.437002,0.494222,0.525205,0.566788,0.654416,0.562109,0.474545	0.530256,0.501876,0.581583,0.491876,0.447556,0.38164,0.420074,0.406049,0.634529,0.501296,0.494641,0.462258,0.471274,0.492472,0.467786,0.553077,0.509395,0.711569,0.556753,0.530513	-0.0526276,-0.0544563,-0.0156625,-0.266415,-0.0417354,-0.00971983,0.0936988,0.0106114,-0.0810419,-0.0213161,0.0188314,0.0320263,-0.0422795,-0.0706822,0.0343859,-0.0392836,0.0806908,-0.106962,0.00779673,-0.0747988
-0.431086,-0.432176,-0.415623,-0.411659,-0.486398,-0.428231,-0.479814,-0.422669,-0.543236,-0.428275,-0.536212,-0.500655,-0.458342,-0.521517,-0.543219,-0.669417,-0.634406,-0.429435,-0.436471,0.412116	0.0285044,-0.0664394,-0.0631314,0.0496172,-0.108952,-0.099931,-0.162728,0.00524254,-0.239664,0.0485538,-0.182068,0.00848487,-0.0547647,-0.0325551,-0.00975786,-0.0730516,-0.00149916,-0.0176976,-0.0816416,0.443571	-0.454011,-0.376549,-0.36199,-0.452043,-0.398568,-0.342977,-0.343941,-0.426966,-0.349012,-0.467115,-0.392459,-0.506986,-0.413969,-0.497407,-0.536304,-0.627028,-0.63351,-0.414891,-0.367941,-0.0384922
-0.421266,-0.429197,-0.391704,-0.4153,-0.486952,-0.476159,-0.46325,-0.41966,-0.559743,-0.457102,-0.551274,-0.504507,-0.470533,-0.530629,-0.53173,-0.684046,-0.604712,-0.406801,-0.480343,0.417123	0.018851,-0.0518419,-0.0621934,0.041178,-0.125956,-0.127207,-0.156138,-0.000212087,-0.26498,0.00590762,-0.170464,0.0424439,-0.0631567,-0.0463664,0.0028003,-0.0910781,0.0221719,-0.0211131,-0.115932,0.445805	-0.43665,-0.385943,-0.337739,-0.448803,-0.384584,-0.371452,-0.331058,-0.419486,-0.346095,-0.461763,-0.420307,-0.535484,-0.419853,-0.496477,-0.533736,-0.632365,-0.61859,-0.389029,-0.3859,-0.0352344
0.29319,0.285621,0.3892,0.300567,0.29496,0.300272,0.429578,0.409807,0.519645,0.41788,0.403568,0.356711,0.281922,0.266675,0.400376,0.342312,0.432069,0.549623,0.410008,0.298609	0.372608,0.331187,0.45064,0.365888,0.324129,0.346317,0.364574,0.409351,0.585035,0.427342,0.4265,0.355169,0.371292,0.344633,0.465602,0.436208,0.468786,0.622448,0.538377,0.41248	-0.0891579,-0.0503276,-0.0745074,-0.0733923,-0.0322525,-0.0513898,0.0770752,0.000547826,-0.0939533,-0.0115197,-0.0277004,0.00176609,-0.0998177,-0.0858475,-0.080171,-0.110378,-0.0460429,-0.110695,-0.164731,-0.129867
0.499796,0.473002,0.550518,0.391415,0.436633,0.36688,0.477534,0.426468,0.612358,0.466278,0.500508,0.478332,0.414353,0.438121,0.479117,0.517397,0.592038,0.678607,0.467999,0.463717	0.546753,0.51368,0.580416,0.464674,0.440953,0.396744,0.404684,0.423189,0.650214,0.505839,0.490668,0.459898,0.4939,0.495703,0.490006,0.565416,0.542755,0.720571,0.567404,0.531628	-0.0646133,-0.053734,-0.0439375,-0.0895464,-0.00534982,-0.0349509,0.0903008,0.00400062,-0.0629004,-0.0517725,0.0130425,0.0236332,-0.100014,-0.0735573,-0.0142307,-0.0678755,0.0726177,-0.0821189,-0.135344,-0.09013
-0.430865,-0.429348,-0.413342,-0.406242,-0.501386,-0.418847,-0.485448,-0.467106,-0.542739,-0.442125,-0.539126,-0.51422,-0.461702,-0.529086,-0.550836,-0.671427,-0.648474,-0.443778,-0.47444,0.423519	0.0347851,-0.0601876,-0.0459966,-0.106235,-0.153887,-0.0691751,-0.168624,-0.0524822,-0.253786,0.0526123,-0.185639,-0.0137916,-0.0189865,-0.0474003,-0.00255402,-0.0612042,-0.0234807,-0.0546828,-0.0536315,0.46846	-0.458774,-0.378953,-0.374465,-0.313538,-0.376552,-0.360106,-0.345071,-0.425044,-0.335111,-0.48349,-0.392799,-0.504002,-0.446631,-0.494077,-0.549055,-0.636374,-0.634657,-0.398772,-0.431796,-0.0560643
-0.420295,-0.431721,-0.396861,-0.410728,-0.501813,-0.459537,-0.465241,-0.466662,-0.552914,-0.472795,-0.541129,-0.507881,-0.473445,-0.530237,-0.532251,-0.689807,-0.623018,-0.426024,-0.524597,0.429738	0.027149,-0.0516519,-0.050178,-0.115684,-0.172081,-0.0837955,-0.157975,-0.0624333,-0.268258,0.00707608,-0.152429,0.0302999,-0.0287178,-0.0477497,0.0181993,-0.0862585,-0.00854849,-0.0641111,-0.105059,0.471864	-0.442396,-0.388738,-0.353727,-0.309762,-0.360896,-0.390789,-0.331639,-0.41636,-0.334231,-0.478271,-0.423644,-0.530025,-0.450857,-0.495021,-0.54517,-0.641732,-0.61776,-0.372075,-0.444009,-0.0528409
0.316016,0.317168,0.372333,0.33356,0.335688,0.290566,0.409755,0.365872,0.557513,0.372075,0.388936,0.351454,0.295641,0.316424,0.406319,0.38578,0.499099,0.539429,0.538924,0.460146	0.282259,0.310558,0.340834,0.337192,0.310954,0.274215,0.402723,0.363065,0.529884,0.399722,0.356782,0.334982,0.282664,0.293705,0.35204,0.338059,0.413121,0.508256,0.509553,0.413162	0.0370627,0.00733248,0.0360784,-0.00409182,0.0276169,0.0177658,0.00842146,0.00323718,0.0392138,-0.0324775,0.0373342,0.0186699,0.0141603,0.0250466,0.063339,0.054878,0.108311,0.0429478,0.0404899,0.0580131
-0.397291,-0.381494,-0.402543,-0.3442,-0.464043,-0.431361,-0.434587,-0.408295,-0.497366,-0.420489,-0.514644,-0.519397,-0.4128,-0.507097,-0.508512,-0.607147,-0.638891,-0.429549,-0.398154,0.324952	0.00516248,-0.020706,-0.0793752,-0.0665942,-0.123081,-0.117998,-0.0276132,0.0361986,-0.232144,0.059491,-0.166795,-0.0124013,-0.025053,-0.0678902,0.0283733,0.00180269,-0.0336141,-0.0800787,-0.0505088,0.253193	-0.40163,-0.363661,-0.333834,-0.284118,-0.361616,-0.330169,-0.411917,-0.43802,-0.299842,-0.468266,-0.380513,-0.510283,-0.391799,-0.454867,-0.529249,-0.608284,-0.61856,-0.361919,-0.35478,0.0781918
-0.388985,-0.38091,-0.378276,-0.351406,-0.462938,-0.483333,-0.414434,-0.399848,-0.503302,-0.441948,-0.523183,-0.52704,-0.428646,-0.510791,-0.487739,-0.619044,-0.620018,-0.40928,-0.442215,0.319843	-0.0049344,-0.00894133,-0.0758519,-0.0831228,-0.134839,-0.145468,-0.0164031,0.0386377,-0.240833,0.024829,-0.142903,0.00562541,-0.0394964,-0.0722206,0.051596,-0.00568873,-0.0295996,-0.0854589,-0.0828594,0.246469	-0.384789,-0.373239,-0.311358,-0.276355,-0.349943,-0.363417,-0.400755,-0.431814,-0.298671,-0.46171,-0.411009,-0.531091,-0.395851,-0.455369,-0.526096,-0.615523,-0.601457,-0.335558,-0.373024,0.0796533
-0.4087,-0.399561,-0.421833,-0.355848,-0.478498,-0.440427,-0.465071,-0.402172,-0.517999,-0.418302,-0.54464,-0.538567,-0.454268,-0.53184,-0.534599,-0.650937,-0.643113,-0.450809,-0.438136,0.269149	0.0180087,-0.0461048,-0.0834594,-0.0889627,-0.129523,-0.117119,-0.0730568,0.0479311,-0.241246,0.0547905,-0.192641,-0.0285075,-0.0719909,-0.104972,0.0130839,-0.0494407,0.0280402,-0.0887225,-0.0889296,0.241527	-0.423591,-0.36009,-0.350721,-0.27561,-0.372031,-0.340892,-0.405801,-0.441591,-0.316276,-0.462493,-0.39326,-0.518013,-0.395201,-0.452108,-0.543879,-0.621498,-0.659264,-0.377172,-0.363364,0.0295431
-0.396065,-0.399513,-0.405945,-0.367035,-0.461319,-0.49759,-0.444146,-0.4027,-0.526167,-0.448767,-0.551654,-0.540841,-0.468453,-0.536395,-0.508064,-0.6637,-0.618029,-0.424909,-0.486917,0.268481	0.0137182,-0.0340955,-0.0909934,-0.110006,-0.113888,-0.154723,-0.064639,0.0361419,-0.253977,0.00975335,-0.170584,0.00719677,-0.0829947,-0.110174,0.0441966,-0.0591025,0.0391286,-0.0850397,-0.129615,0.238709	-0.407568,-0.370464,-0.327031,-0.267843,-0.366696,-0.371466,-0.390724,-0.432546,-0.314175,-0.456522,-0.420655,-0.545913,-0.401051,-0.452991,-0.540132,-0.629282,-0.641641,-0.352611,-0.381372,0.0318111
0.789778,0.807688,0.814635,0.869151,0.73966,0.738008,0.779265,0.850717,0.858387,0.813112,0.728647,0.639111,0.786148,0.765425,0.750444,0.800825,0.776601,0.879778,0.726172,0.862737	0.756125,0.829185,0.768767,0.85553,0.718156,0.826947,0.75441,0.845775,0.861599,0.815531,0.809863,0.677921,0.804852,0.758087,0.758815,0.825997,0.711782,0.837218,0.763017,0.860637	0.0835401,-0.0650873,0.122727,0.0531186,0.0458697,-0.228219,0.0603116,0.0176183,-0.0123332,-0.0071783,-0.198139,-0.06848,-0.050929,0.0174822,-0.0194417,-0.0743582,0.144934,0.161558,-0.0826276,0.00815351
0.0108134,-0.00224847,-0.00981151,0.225324,0.000108725,-0.0768746,0.00795736,0.11243,0.136077,-0.0252575,0.0569619,-0.0356486,-0.074761,-0.036172,-0.0259831,0.0128788,-0.0061092,0.0661625,-0.227204,-0.0527251	-0.670361,-0.679001,-0.640275,-0.360652,-0.51436,-0.616101,-0.445906,-0.348594,-0.522568,-0.433359,-0.480944,-0.557407,-0.463389,-0.518469,-0.594386,-0.551288,-0.358012,-0.513881,-0.433338,-0.732614	0.676272,0.677787,0.634449,0.541936,0.51444,0.566035,0.452259,0.443637,0.614919,0.412618,0.523562,0.532336,0.402575,0.491515,0.577319,0.56019,0.352674,0.56097,0.228646,0.707207
0.0338323,0.0479483,-0.0587646,0.197569,0.033229,-0.00912328,-0.0419177,0.0172555,0.10926,-0.0431218,-0.0161814,-0.0277511,-0.0236016,-0.00115723,-0.00131378,-0.00585148,0.0568626,0.0676063,-0.132478,-0.0262947	-0.546103,-0.559016,-0.543867,-0.278344,-0.408788,-0.565177,-0.420207,-0.35126,-0.448105,-0.388179,-0.425974,-0.487019,-0.346748,-0.370785,-0.558434,-0.436097,-0.22654,-0.362692,-0.366253,-0.66363	0.569414,0.59112,0.501118,0.451105,0.436093,0.558936,0.385072,0.366295,0.53135,0.350932,0.412637,0.46556,0.325812,0.369786,0.557529,0.431346,0.279798,0.42,0.245697,0.648654
-0.00794722,0.0189973,-0.0125472,0.0667279,-0.0130373,0.0143536,-0.0112731,-0.0913706,-0.0137378,-0.0393182,-0.0172804,-0.0451149,-0.0305544,-0.0260858,-0.081517,-0.0287761,-0.0369354,-0.0477889,-0.158284,0.0636416	-0.799092,-0.799251,-0.81689,-0.670462,-0.717103,-0.765598,-0.727007,-0.670787,-0.850442,-0.691294,-0.763045,-0.729329,-0.675909,-0.708132,-0.797175,-0.764033,-0.679612,-0.834938,-0.753916,-0.70815	0.796201,0.806011,0.812673,0.705622,0.71071,0.771474,0.721649,0.617247,0.846595,0.670192,0.75573,0.707493,0.658963,0.694882,0.765396,0.751785,0.659225,0.819862,0.676342,0.738509
-0.00319621,0.00567568,-0.0219309,0.0685792,-0.0182493,0.0396565,-0.00582631,-0.100043,0.0144389,-0.0421653,0.022663,-0.0285482,-0.0327281,-0.00618114,-0.0637886,-0.0373099,-0.0470382,-0.0675526,-0.18989,0.0679643	-0.802021,-0.800576,-0.817951,-0.677157,-0.723468,-0.761252,-0.72199,-0.67677,-0.850049,-0.700044,-0.748777,-0.71761,-0.67808,-0.706007,-0.7874,-0.768145,-0.677974,-0.837001,-0.771365,-0.703266	0.800878,0.802605,0.81056,0.712642,0.714654,0.777438,0.719189,0.61861,0.854006,0.677888,0.758567,0.703473,0.659999,0.702893,0.761878,0.752398,0.651719,0.815562,0.681263,0.736049
-0.262376,-0.21335,-0.327272,0.0340465,-0.118432,-0.124026,-0.102441,-0.0772016,-0.0798027,-0.150327,-0.186938,-0.193549,-0.208377,-0.192951,-0.152019,-0.226204,-0.131537,-0.330031,-0.0309034,-0.0868113	-0.0197781,0.0218207,-0.107982,0.165274,0.0276829,-0.0839902,-0.0109874,0.0128092,0.0827278,-0.0535555,-0.0395053,-0.0578245,-0.0808491,0.00354646,-0.104486,-0.0168961,-0.0206157,-0.113332,-0.0336625,0.131751	-0.243864,-0.234081,-0.227324,-0.131971,-0.145637,-0.0404571,-0.0915567,-0.0899219,-0.161464,-0.0975566,-0.148529,-0.137261,-0.129714,-0.196363,-0.0483003,-0.210111,-0.111222,-0.225119,0.00276199,-0.216091
0.0604963,0.0941352,0.0323683,0.146426,0.0498251,0.0121961,0.0611916,0.0232004,0.101579,-0.00317922,0.0332237,-0.0250324,0.0792062,0.0591766,0.07126,0.135967,0.0125657,0.0537672,0.0716788,-0.125113	-0.291825,-0.290811,-0.432138,-0.233901,-0.349297,-0.395015,-0.416051,-0.335314,-0.560639,-0.400539,-0.450809,-0.370716,-0.335993,-0.328147,-0.410547,-0.330591,-0.452553,-0.571532,-0.5408,-0.102686	0.346209,0.374689,0.458098,0.367733,0.392295,0.405259,0.465394,0.355747,0.626537,0.397867,0.47689,0.348922,0.404436,0.379945,0.468113,0.446489,0.462489,0.606657,0.589622,-0.0227186
0.0598031,0.0906651,0.0354464,0.140534,0.0553959,0.0150027,0.0686465,0.0319036,0.119227,0.00353905,0.0455253,-0.0362263,0.0732535,0.0676957,0.0812427,0.140579,-0.00315637,0.0469547,0.0715044,-0.13827	-0.298496,-0.284093,-0.43062,-0.246573,-0.355705,-0.401536,-0.408378,-0.33325,-0.560061,-0.415446,-0.435257,-0.364763,-0.344006,-0.328336,-0.394267,-0.330937,-0.454179,-0.571894,-0.551823,-0.109369	0.352015,0.365348,0.459059,0.374142,0.403157,0.414045,0.464016,0.361312,0.636768,0.41837,0.47144,0.332936,0.407003,0.38742,0.460752,0.450555,0.45167,0.602665,0.599666,-0.0293446
0.0421703,0.0777145,-0.0124106,0.141383,0.0178014,-0.00544162,0.0073833,0.032681,0.0673681,0.0272143,-0.0357495,-0.0630357,0.0250649,-0.00222319,-0.0135986,0.0578808,-0.0588293,-0.00290623,-0.0196485,-0.235744	-0.487527,-0.47346,-0.601216,-0.339006,-0.471621,-0.434827,-0.506654,-0.386249,-0.649973,-0.457582,-0.582346,-0.492566,-0.471798,-0.507495,-0.493717,-0.528482,-0.560831,-0.703043,-0.584695,-0.385398	0.519026,0.531614,0.593232,0.458418,0.485347,0.430403,0.512121,0.413707,0.687249,0.478834,0.558218,0.443294,0.491056,0.505842,0.483363,0.568959,0.51913,0.701571,0.571613,0.16461
0.047893,0.0746178,-0.0236741,0.130234,0.0542071,-0.0124934,0.0107685,0.0269222,0.0822923,0.0249308,-0.0240952,-0.0611612,0.0225592,0.00767513,0.00682325,0.0638985,-0.0680226,0.00385646,-0.0273664,-0.244525	-0.489205,-0.468721,-0.605649,-0.355555,-0.462884,-0.444643,-0.501719,-0.391557,-0.651409,-0.475842,-0.571543,-0.481525,-0.476036,-0.507322,-0.474542,-0.52755,-0.559543,-0.697718,-0.598782,-0.387064	0.524802,0.524978,0.590441,0.46429,0.504434,0.434564,0.509733,0.414114,0.696371,0.494902,0.555093,0.433119,0.493298,0.512999,0.479812,0.572161,0.510969,0.699692,0.580935,0.15744
0.875419,0.880947,0.87817,0.91757,0.868144,0.89074,0.878303,0.917469,0.94353,0.917659,0.896849,0.814968,0.900983,0.899045,0.887916,0.94599,0.888772,0.922313,0.873583,0.793829	0.868175,0.892784,0.877471,0.91069,0.853122,0.86981,0.880488,0.913325,0.925519,0.885549,0.90656,0.837821,0.894903,0.889608,0.896484,0.937486,0.902816,0.91881,0.850486,0.802963	0.0301852,-0.0554422,0.00304491,0.0418599,0.0579186,0.0929275,-0.0096374,0.0255701,0.142111,0.171371,-0.0519422,-0.0720457,0.0313863,0.0471391,-0.0420009,0.0751592,-0.0710696,0.0229662,0.0898634,-0.0251919
-0.276917,-0.23114,-0.301453,-0.0942903,-0.136829,-0.116145,-0.0762241,-0.09398,-0.138515,-0.123197,-0.182183,-0.178943,-0.184609,-0.190019,-0.147637,-0.225547,-0.171095,-0.377372,0.0625934,-0.0759152	-0.0254746,0.0233414,-0.0998938,0.0251659,0.028096,-0.0442213,-0.0160391,-0.0690614,0.00768336,-0.0351412,-0.0752002,-0.0359002,-0.0238849,0.028446,-0.089554,-0.0250902,-0.0162376,-0.164656,0.132556,0.153029	-0.253228,-0.253116,-0.207817,-0.119173,-0.164294,-0.0722951,-0.0602587,-0.0250814,-0.146043,-0.0884384,-0.108469,-0.143968,-0.161436,-0.21729,-0.0588617,-0.201598,-0.155289,-0.22681,-0.0705479,-0.226315
0.0640838,0.0867064,0.0372686,0.117135,0.0568948,0.00511865,0.0680948,0.0898987,0.111899,0.0206799,0.0443297,-0.000413748,0.0953395,0.0736646,0.109737,0.15095,0.0391217,0.0798877,0.162765,-0.145957	-0.295512,-0.291701,-0.426315,-0.331984,-0.346629,-0.371427,-0.417503,-0.376759,-0.584533,-0.388494,-0.471549,-0.352543,-0.297773,-0.312034,-0.391204,-0.332059,-0.445196,-0.581468,-0.42756,-0.0817295	0.352912,0.369073,0.456333,0.432307,0.39572,0.375831,0.472174,0.451369,0.653676,0.405913,0.505316,0.352181,0.382261,0.377032,0.480321,0.459954,0.476027,0.631998,0.551916,-0.0650033
0.0616956,0.088535,0.0441614,0.110094,0.0652736,-0.00414456,0.0722916,0.104933,0.117019,0.0294467,0.0349605,-0.0203467,0.0911945,0.0707938,0.11096,0.159513,0.0306707,0.0830525,0.182258,-0.160364	-0.302935,-0.284115,-0.42316,-0.344441,-0.352111,-0.381584,-0.410422,-0.373215,-0.58649,-0.402883,-0.461151,-0.347783,-0.306065,-0.314604,-0.377044,-0.331377,-0.444423,-0.579709,-0.437914,-0.0886884	0.357941,0.363506,0.458749,0.437928,0.408008,0.378037,0.468804,0.460129,0.658328,0.42726,0.48824,0.32977,0.386473,0.377002,0.468407,0.466245,0.468705,0.632318,0.574333,-0.0727099
0.0470276,0.0702607,-0.00551581,0.107535,0.0262886,-0.0127463,0.0144693,0.0984011,0.076712,0.0535803,-0.0249281,-0.0350976,0.0467266,0.0159196,0.0294479,0.0765639,-0.0308939,0.0287982,0.0901685,-0.258119	-0.497741,-0.489055,-0.583295,-0.424546,-0.478445,-0.436389,-0.490061,-0.383573,-0.665184,-0.438284,-0.578446,-0.480554,-0.455635,-0.504036,-0.47854,-0.52503,-0.581479,-0.710607,-0.507561,-0.379215	0.532308,0.540735,0.579645,0.50885,0.498464,0.426012,0.500978,0.464444,0.705877,0.480579,0.561616,0.453098,0.49189,0.515817,0.500929,0.578345,0.560656,0.724577,0.571571,0.134234
0.0506448,0.0736478,-0.0114889,0.0946467,0.0662872,-0.0326138,0.0143281,0.0979468,0.0763156,0.053341,-0.0388406,-0.0431261,0.0458673,0.0119898,0.0403929,0.0879072,-0.0317573,0.048587,0.10379,-0.268518	-0.500284,-0.482938,-0.586037,-0.440905,-0.469248,-0.449682,-0.485835,-0.387484,-0.668515,-0.455706,-0.573955,-0.46993,-0.45951,-0.507126,-0.461374,-0.523135,-0.577301,-0.702289,-0.519016,-0.381353	0.537315,0.537469,0.578443,0.514098,0.51938,0.423276,0.496706,0.467681,0.708675,0.496967,0.547316,0.435632,0.494945,0.515978,0.492587,0.584178,0.555732,0.7261,0.590971,0.125708
0.874751,0.884073,0.882204,0.91596,0.866907,0.884313,0.879074,0.923175,0.940159,0.921326,0.886048,0.812508,0.904973,0.897042,0.885333,0.948014,0.895364,0.92706,0.888971,0.789321	0.869181,0.891221,0.878465,0.909028,0.849576,0.873453,0.883728,0.915189,0.929825,0.888188,0.911127,0.842947,0.897783,0.897167,0.899716,0.936177,0.903372,0.917299,0.8546,0.80094	0.0232402,-0.0337029,0.0166148,0.0414194,0.0657736,0.0477175,-0.0208592,0.0514804,0.0821358,0.182385,-0.130144,-0.0966031,0.0383384,-0.000641082,-0.0706978,0.105229,-0.0418911,0.0652443,0.143045,-0.0315919
-0.0263018,-0.0310965,-0.0391925,-0.0209176,-0.0341023,-0.0164713,-0.0535437,0.00828216,-0.0452217,0.0261788,-0.0615561,-0.0300462,-0.0545071,-0.0613131,-0.0779022,-0.0886299,-0.0652713,-0.0528697,-0.0849484,-0.0831441	-0.307529,-0.344795,-0.40661,-0.38258,-0.394184,-0.354144,-0.452684,-0.340283,-0.625891,-0.348257,-0.473237,-0.357148,-0.338002,-0.383996,-0.411702,-0.406181,-0.48428,-0.570179,-0.571018,-0.269121	0.28352,0.317098,0.373367,0.36458,0.364988,0.339654,0.409055,0.347586,0.597583,0.371052,0.424033,0.33065,0.288816,0.330463,0.344861,0.32941,0.432686,0.533389,0.510849,0.190234
-0.0211308,-0.0303679,-0.0504027,-0.026062,-0.00810478,-0.0256115,-0.0576492,-0.00572426,-0.0506588,0.017794,-0.0642735,-0.0170205,-0.0507628,-0.0618791,-0.0698204,-0.088592,-0.0578025,-0.0413641,-0.0917263,-0.0767573	-0.310682,-0.336813,-0.412812,-0.397334,-0.383941,-0.368183,-0.448597,-0.348951,-0.631008,-0.370076,-0.463934,-0.340452,-0.342039,-0.386962,-0.393786,-0.4077,-0.478392,-0.563369,-0.584428,-0.267617	0.291464,0.309612,0.370111,0.375157,0.377009,0.345832,0.401327,0.343914,0.599514,0.385332,0.411944,0.325316,0.296423,0.333058,0.333124,0.331066,0.43255,0.53446,0.52061,0.194863
0.870943,0.873431,0.872882,0.918877,0.860751,0.895194,0.868743,0.914958,0.933797,0.913581,0.885023,0.828122,0.894735,0.892793,0.874145,0.93314,0.893721,0.922141,0.871487,0.818286	0.862252,0.883477,0.874526,0.903457,0.849812,0.876306,0.877417,0.91746,0.925934,0.886799,0.90435,0.840446,0.883045,0.89024,0.892381,0.928636,0.895385,0.914718,0.846937,0.811016	0.0348981,-0.0439958,-0.00694708,0.0907925,0.0407374,0.0876282,-0.0364838,-0.0155839,0.0580881,0.141081,-0.0968116,-0.0405383,0.0556902,0.0124405,-0.0829142,0.033749,-0.00832833,0.0474343,0.0937348,0.0216147
0.870988,0.874519,0.883935,0.919148,0.854742,0.899005,0.876902,0.920443,0.939819,0.913463,0.89085,0.825154,0.89942,0.900346,0.876675,0.938467,0.895554,0.919334,0.880042,0.82336	0.867618,0.884727,0.876493,0.899915,0.867072,0.872303,0.881575,0.911883,0.928882,0.879367,0.907179,0.848768,0.891432,0.897704,0.899788,0.933983,0.902697,0.919107,0.852391,0.822017	0.0137964,-0.0451112,0.033042,0.111276,-0.04763,0.123738,-0.0205922,0.0532807,0.0861078,0.173315,-0.0851178,-0.0788112,0.040299,0.0137774,-0.109448,0.0363151,-0.0372823,0.00146329,0.110665,0.00415473
