-0.164857,0.208656,-0.128493,-0.398828,-0.132685,-0.011869,0.281197,0.275209,-0.026979,-0.0727659,0.00503662,-0.586418,-0.222248,-0.158188,0.35971,0.187739,0.360442,0.193954,0.13206,0.411712	-0.148302,-0.615421,-0.678356,-0.705759,-0.575851,-0.636967,-0.383556,-0.271315,-0.278933,-0.707397,-0.395038,-0.898743,-0.673438,-0.7349,-0.427628,0.230875,-0.107364,-0.369033,-0.419687,-0.600455	-0.0169699,0.730299,0.602368,0.427169,0.479828,0.62986,0.600036,0.508551,0.253864,0.669071,0.399281,0.660362,0.530606,0.652575,0.682374,-0.0450902,0.450377,0.525383,0.522773,0.811542
-0.41683,0.310836,-0.110962,-0.327143,-0.118266,-0.506418,0.302268,0.386321,0.362899,-0.116225,-0.0410232,-0.10773,-0.013073,-0.349284,0.392342,0.266549,0.322085,0.187757,0.019054,0.378808	-0.344022,-0.597902,-0.605173,-0.622845,-0.568012,-0.904465,-0.127647,0.05574,0.346584,-0.663802,-0.301188,-0.610421,-0.564221,-0.792197,-0.330255,0.122391,-0.495476,-0.564169,-0.592721,-0.664498	-0.0849956,0.766318,0.529787,0.371373,0.482134,0.734453,0.413944,0.337857,0.0186618,0.593354,0.263419,0.538076,0.555244,0.612352,0.639708,0.14902,0.705046,0.679906,0.604943,0.8335
-0.157427,0.0630432,-0.0992847,-0.392674,-0.0843834,-0.270472,0.164378,-0.128396,-0.290198,0.0910343,0.0391869,-0.691564,0.159426,0.0399753,-0.000192822,-0.221608,-0.167006,-0.0991406,0.192541,0.289032	-0.328908,-0.862914,-0.758628,-0.75793,-0.563104,-0.879876,-0.715687,-0.654088,-0.503101,-0.763108,-0.610899,-0.935551,-0.668791,-0.846867,-0.856003,-0.678069,-0.682791,-0.456942,-0.306859,-0.718749	0.180846,0.878184,0.71305,0.520025,0.502603,0.799724,0.787429,0.573888,0.249301,0.79866,0.634887,0.691169,0.748418,0.857802,0.855951,0.53718,0.58217,0.374779,0.47154,0.834434
-0.129914,0.0528471,-0.195044,-0.503284,-0.0814815,-0.259771,0.172195,-0.120604,-0.314871,0.111151,0.0776548,-0.716814,0.116101,-0.0323121,-0.0325633,-0.19868,-0.162207,-0.0754064,0.195054,0.254991	-0.342432,-0.864686,-0.73434,-0.824822,-0.567203,-0.874406,-0.70801,-0.660394,-0.535089,-0.763098,-0.656407,-0.941418,-0.664019,-0.852518,-0.868436,-0.666352,-0.666739,-0.35535,-0.374794,-0.786184	0.222413,0.877437,0.629452,0.549749,0.509258,0.79528,0.784555,0.586502,0.264839,0.805893,0.698459,0.69071,0.724283,0.84344,0.860198,0.539035,0.565714,0.287651,0.531027,0.867306
-0.151344,0.076446,-0.0819401,-0.332733,-0.102155,-0.157862,0.0599671,0.0436603,-0.263974,0.142012,0.0474212,-0.62332,0.12874,-0.313445,0.187202,-0.117486,-0.0362676,0.0169424,0.14733,0.27837	-0.341641,-0.857713,-0.726108,-0.676601,-0.596011,-0.829507,-0.75648,-0.609658,-0.505602,-0.722839,-0.61316,-0.921136,-0.596305,-0.866089,-0.748911,-0.625562,-0.591427,-0.323288,-0.500099,-0.778451	0.200672,0.876677,0.684919,0.443773,0.525874,0.772847,0.781017,0.636379,0.278844,0.784337,0.641916,0.699366,0.673353,0.758575,0.821009,0.548379,0.567329,0.338377,0.603001,0.868598
-0.142379,0.113927,-0.0354211,-0.327417,-0.116832,-0.0108917,0.230164,0.0240399,-0.280324,0.197588,0.0210541,-0.603466,0.141458,-0.151355,0.100297,-0.159388,-0.133906,-0.0324143,0.205148,0.27957	-0.264409,-0.844245,-0.697264,-0.69285,-0.573141,-0.764662,-0.677168,-0.579496,-0.529191,-0.713212,-0.631643,-0.916795,-0.624265,-0.850149,-0.803289,-0.653654,-0.632398,-0.357057,-0.477221,-0.797112	0.126804,0.874099,0.678603,0.472655,0.489056,0.760101,0.784985,0.595243,0.292215,0.798302,0.644131,0.70136,0.703591,0.801989,0.836215,0.55175,0.544611,0.328444,0.621522,0.88047
-0.0709604,0.0522838,-0.111855,-0.136046,-0.0905829,0.275377,0.257269,-0.0387302,0.0789351,0.237968,0.180592,-0.750595,-0.0983713,0.216529,0.296398,0.150529,0.424906,0.170061,0.426007,-0.0828788	-0.144025,-0.78669,-0.681004,-0.489293,-0.515291,-0.467081,-0.243581,-0.658356,-0.268252,-0.662185,-0.468482,-0.944328,-0.560075,-0.543281,-0.511142,-0.103117,0.121286,-0.344091,-0.0977506,-0.872787	0.0738192,0.805829,0.616078,0.378439,0.445503,0.657844,0.471315,0.635838,0.339988,0.777617,0.598443,0.665312,0.488625,0.679836,0.701293,0.249769,0.320117,0.485729,0.502819,0.851502
-0.058028,0.0616878,-0.186864,-0.130199,-0.0989172,0.260051,0.366173,-0.0385635,-0.102854,0.271433,0.211558,-0.743712,0.283266,0.215661,0.300297,0.146218,0.52351,0.056505,0.424598,-0.0789433	-0.0928317,-0.764422,-0.737574,-0.481993,-0.483859,-0.594108,0.0514119,-0.658356,-0.468412,-0.639471,-0.411269,-0.938572,-0.315554,-0.543149,-0.512967,-0.126828,0.126187,-0.437549,-0.100101,-0.845294	0.0349923,0.788909,0.638745,0.375349,0.404292,0.739853,0.320801,0.635938,0.384061,0.776179,0.572973,0.64529,0.549685,0.679246,0.704709,0.268075,0.425427,0.482134,0.503307,0.821146
0.467723,0.249481,0.454723,0.795987,0.636093,0.456928,0.137335,0.45324,-0.0183709,0.599843,0.52111,0.0533177,0.294526,0.657559,0.379203,0.352403,0.398954,0.711509,0.547604,0.64356	0.597816,0.218265,0.633951,0.93079,0.602669,-0.135026,0.50369,0.793695,0.283735,0.850872,0.80541,0.619773,0.409821,0.619454,0.515149,0.159197,-0.107856,0.268269,0.290016,0.459206	-0.180587,0.0330144,-0.251822,-0.520269,0.0542022,0.557555,-0.39358,-0.531741,-0.300539,-0.512712,-0.489926,-0.585814,-0.131121,0.0642936,-0.168949,0.20469,0.485902,0.547801,0.30622,0.26169
-0.10475,-0.248337,0.139387,0.229409,-0.0124408,0.213077,0.232306,-0.443806,0.312286,-0.210378,0.00798802,0.430961,-0.265927,0.0302509,-0.421829,-0.0667995,-0.218064,-0.483704,0.137246,0.126008	-0.295166,-0.695277,-0.178765,0.000575278,-0.0299089,-0.358089,-0.320725,-0.596714,0.244264,-0.381358,-0.427247,0.260742,-0.420514,-0.431594,-0.795113,-0.60657,-0.53254,-0.310894,0.298953,-0.166785	0.196491,0.540215,0.310418,0.228864,0.0174747,0.530676,0.514684,0.207988,0.0736393,0.185894,0.433755,0.191768,0.17405,0.455893,0.56167,0.562564,0.355794,-0.203397,-0.168625,0.286766
-0.106489,-0.188152,0.0296694,0.298604,-0.000664115,0.216707,0.23783,-0.395373,0.221594,-0.18208,0.0552086,0.485049,-0.19391,0.038554,-0.472568,-0.0513787,-0.214361,-0.485935,0.115712,0.0567265	-0.330692,-0.675408,-0.0646587,-0.0605459,-0.0258108,-0.342461,-0.309711,-0.580945,0.143376,-0.403961,-0.450782,0.309904,-0.356227,-0.426004,-0.819131,-0.597419,-0.511359,-0.23856,0.148832,-0.429287	0.232387,0.558191,0.0941475,0.352772,0.0251471,0.520537,0.509977,0.240907,0.0807854,0.239497,0.493704,0.206131,0.174361,0.457051,0.565444,0.563331,0.333562,-0.279812,-0.0336999,0.474459
-0.0945869,-0.173316,0.0657959,0.252607,-0.0189954,0.0180989,0.110571,-0.178342,0.226425,-0.28753,0.0464828,0.450873,-0.171906,0.268717,-0.175906,-0.00105606,-0.0728209,-0.383462,0.113521,-0.0623082	-0.306913,-0.664568,-0.144594,0.224855,-0.0874395,-0.393936,-0.453656,-0.439104,0.14209,-0.393103,-0.399478,0.299995,-0.256756,-0.179362,-0.58485,-0.565187,-0.385344,-0.163907,-0.0366116,-0.495692	0.218674,0.5552,0.208407,0.0294235,0.0685579,0.409118,0.537276,0.282917,0.0871389,0.119027,0.43783,0.174478,0.0887684,0.427476,0.45584,0.564468,0.321547,-0.23428,0.149511,0.447196
-0.107423,-0.145254,0.00853842,0.193644,-0.0506017,-0.0725608,0.114268,-0.114391,0.261224,-0.252378,0.0167057,0.394008,-0.212937,0.21255,-0.310705,-0.0100408,-0.18759,-0.471012,0.0765546,-0.00195763	-0.247586,-0.650646,-0.131829,0.106018,-0.0761052,-0.3685,-0.371449,-0.339325,0.147295,-0.377478,-0.441427,0.242932,-0.33007,-0.244177,-0.705692,-0.582456,-0.468637,-0.260176,-0.0790305,-0.505517	0.143993,0.558141,0.14021,0.0894623,0.0256021,0.30407,0.46594,0.234017,0.118488,0.138273,0.454779,0.167066,0.125988,0.434192,0.505916,0.575783,0.308136,-0.240282,0.154649,0.504058
-0.18948,0.0550472,0.175919,0.261927,0.440403,0.131852,0.259983,0.455971,0.0962572,-0.019166,0.107678,0.849067,0.397041,0.148454,0.551942,0.449181,0.0772817,0.347298,-0.231931,-0.118441	-0.26903,-0.347052,0.163363,0.400575,0.487944,0.295002,0.540362,0.0673302,0.0303049,-0.196065,-0.156586,0.670976,0.601994,0.438153,0.4079,0.109735,0.279055,0.387068,-0.0147514,-0.653214	0.0838231,0.394561,0.012928,-0.1549,-0.0605538,-0.169753,-0.326206,0.40095,0.0661453,0.177566,0.259882,0.41388,-0.269327,-0.309853,0.185893,0.357045,-0.206221,-0.0459467,-0.217925,0.579617
-0.327177,0.000195433,0.249277,0.285285,0.403323,0.21305,0.00850814,0.456157,0.213046,-0.0659769,0.113845,0.852537,-0.220243,0.150131,0.544336,0.460301,0.0756384,0.292051,-0.235065,-0.340924	-0.365781,-0.33723,0.152414,0.432341,0.503515,0.199579,0.603299,0.067405,0.0233183,-0.205087,-0.0698271,0.769866,0.0859444,0.440121,0.394468,0.0991495,0.182949,0.279423,-0.0169387,-0.698578	0.043852,0.337403,0.100688,-0.167745,-0.125724,0.0140686,-0.597859,0.401084,0.190675,0.141018,0.182224,0.240561,-0.300499,-0.310508,0.190848,0.378422,-0.108817,0.01375,-0.218998,0.469463
0.0947469,-0.0157912,0.118563,0.314371,-0.227021,0.515048,0.010323,-0.26873,-0.370316,-0.0464993,-0.0183014,0.649364,-0.352553,0.0120057,-0.328798,-0.252551,-0.652265,-0.676488,0.00678214,-0.00625834	-0.207311,-0.62738,-0.310123,-0.0313645,-0.221504,0.585364,-0.59663,-0.584668,-0.561306,-0.414756,-0.522045,0.116408,-0.549413,-0.406194,-0.774502,-0.597997,-0.633754,-0.336566,0.467316,-0.150699	0.296239,0.617708,0.413482,0.34236,-0.00580943,-0.100665,0.603237,0.37483,0.241107,0.375498,0.508603,0.576537,0.244152,0.416171,0.597983,0.406898,-0.0315554,-0.440132,-0.461998,0.144577
0.103036,0.106528,0.153259,0.304639,-0.21178,0.494571,0.0302857,-0.353215,-0.464533,-0.034243,0.192285,0.686557,-0.330804,0.0360595,-0.363613,-0.256559,-0.608245,-0.678511,0.037606,-0.0842548	-0.237741,-0.571686,-0.0939221,-0.148472,-0.212637,0.585236,-0.58293,-0.652008,-0.638784,-0.430574,-0.478198,0.128609,-0.527519,-0.391831,-0.792531,-0.598819,-0.569909,-0.293616,0.349682,-0.454744	0.332629,0.639282,0.243673,0.433504,0.000897597,-0.127597,0.602578,0.388193,0.247775,0.402262,0.614023,0.611985,0.2383,0.421929,0.602562,0.404387,-0.0586764,-0.480651,-0.316234,0.38525
0.0974338,0.0169609,0.0573425,0.29697,-0.214261,0.19774,0.0287917,-0.140729,-0.27197,-0.245984,0.137233,0.635783,-0.204662,0.377111,-0.0644047,-0.221127,-0.284496,-0.569624,0.132166,-0.128928	-0.233283,-0.599209,-0.26822,0.138964,-0.251139,0.42214,-0.622627,-0.558336,-0.509351,-0.480502,-0.434684,0.0832675,-0.35033,-0.0415492,-0.569929,-0.591202,-0.187181,-0.158964,0.208556,-0.462829	0.323367,0.609971,0.320631,0.164808,0.0389753,-0.244837,0.639947,0.453218,0.275553,0.265953,0.539721,0.5834,0.156919,0.412202,0.524788,0.425731,-0.102789,-0.451548,-0.0785558,0.35509
0.0577789,-0.0175006,0.037287,0.236574,-0.255417,0.0460435,0.134496,-0.0321704,-0.286585,-0.195198,0.0141652,0.640088,-0.214201,0.303844,-0.229471,-0.226851,-0.492418,-0.666545,0.0868822,-0.17172	-0.188991,-0.604855,-0.235996,0.0286587,-0.255279,0.347233,-0.53147,-0.435728,-0.531802,-0.45403,-0.521537,0.109376,-0.39544,-0.1294,-0.694151,-0.599985,-0.417883,-0.311109,0.147191,-0.534043	0.244105,0.593639,0.270899,0.209335,-0.00014793,-0.306083,0.621538,0.409295,0.289309,0.284001,0.531774,0.570665,0.19801,0.416855,0.552722,0.431921,-0.0938459,-0.448426,-0.0610905,0.398906
-0.0577887,0.131887,-0.158444,0.426417,0.226393,-0.185337,0.619316,0.31837,0.458796,0.0158121,0.19785,0.638042,0.135842,0.123121,0.68558,-0.115691,-0.144923,0.273109,-0.327229,-0.314708	-0.227648,-0.263432,-0.287497,0.433224,0.301375,0.525373,0.472619,-0.270178,0.0446604,-0.336416,-0.245814,-0.0523712,0.240167,0.427641,0.386997,-0.20696,0.615392,0.742366,0.135506,-0.713107	0.172124,0.382046,0.135212,-0.00834988,-0.0804721,-0.647648,0.207404,0.541932,0.422799,0.350365,0.423088,0.668089,-0.107843,-0.321445,0.406411,0.093508,-0.698059,-0.588591,-0.443088,0.513679
-0.244066,-0.0136423,-0.0787876,0.467068,0.271737,-0.051858,0.677742,0.318517,0.262197,-0.0481559,0.223373,0.659303,-0.248825,0.122769,0.678506,-0.0904918,-0.122624,0.136375,-0.326983,-0.512849	-0.350665,-0.315032,-0.287135,0.481573,0.399534,0.545035,0.944062,-0.270178,-0.182997,-0.349833,-0.163424,0.00971492,0.0194112,0.427641,0.372073,-0.205234,0.547514,0.54177,0.138327,-0.759038	0.116576,0.302691,0.21317,-0.0187151,-0.143362,-0.580486,-0.739429,0.542048,0.424811,0.306846,0.373174,0.653775,-0.266947,-0.321765,0.409919,0.116913,-0.627976,-0.437737,-0.445175,0.403106
0.669416,0.65752,0.286448,0.646117,0.920869,0.928086,0.958972,0.900157,0.728918,0.619338,0.407169,0.85304,0.843191,0.869884,0.857844,0.837737,0.894276,0.745845,0.71671,0.50495	0.600464,0.690259,0.524839,0.505155,0.911554,0.948987,0.969764,0.865444,0.720837,0.505193,0.39052,0.858774,0.839953,0.866229,0.82957,0.838985,0.931364,0.867597,0.60809,0.167396	0.115297,-0.0599448,-0.280573,0.209263,0.0580064,-0.175264,-0.154108,0.157097,0.0170297,0.166123,0.0197966,-0.0214412,0.011099,0.014831,0.0980535,-0.00420093,-0.221949,-0.344999,0.192529,0.368721
0.49103,0.640951,0.379655,0.281668,0.411266,0.126254,0.26536,0.239714,0.687111,0.305095,0.465791,0.757435,0.531772,0.369276,-0.00883449,0.284484,0.213986,0.145567,0.476184,0.246032	0.46358,0.672082,0.476708,0.505748,0.346952,0.28143,0.248186,0.207162,0.672398,0.361374,0.484438,0.777136,0.713467,0.468821,0.377562,0.29684,0.294474,0.178937,0.17419,-0.0574754	0.035541,-0.0546908,-0.118499,-0.261303,0.0750176,-0.160893,0.0183856,0.0342533,0.0273467,-0.0632529,-0.024081,-0.0478933,-0.292774,-0.120387,-0.385112,-0.0134956,-0.0859013,-0.0342619,0.329308,0.299275
0.324599,0.581107,0.255235,0.22039,0.245976,0.0647155,0.335443,0.318772,0.713137,0.287913,0.561154,0.834566,0.682265,0.647881,0.487993,0.694916,0.579192,0.241719,0.457174,0.349541	0.416589,0.615312,0.441742,0.378434,0.237298,0.332197,0.431927,0.350397,0.665467,0.317711,0.521425,0.847622,0.7892,0.720505,0.693998,0.674933,0.659648,0.299214,0.14496,-0.00736106	-0.106374,-0.0532428,-0.210207,-0.172425,0.00921574,-0.273358,-0.112832,-0.0356017,0.0907257,-0.0327978,0.0561615,-0.0446196,-0.231685,-0.136205,-0.311499,0.0376356,-0.130201,-0.0619775,0.334374,0.355987
0.0942895,-0.286903,-0.104958,-0.103358,-0.0821111,-0.611831,-0.535308,-0.348519,-0.0227839,-0.456911,-0.269939,0.475427,-0.368953,-0.612297,-0.770422,-0.475047,-0.59777,-0.281146,-0.153471,-0.181088	0.256997,0.0114955,0.207028,0.207788,-0.0294436,-0.0988412,0.0821489,-0.380416,-0.0149626,-0.450169,-0.0350239,0.469446,-0.0425615,0.00942283,-0.340334,0.0172777,-0.208873,-0.438278,-0.0559529,-0.582046	-0.166748,-0.297418,-0.30535,-0.304604,-0.0527951,-0.546009,-0.591448,0.0367723,-0.00782397,-0.00848837,-0.237157,0.00769969,-0.331598,-0.618153,-0.582934,-0.488317,-0.444382,0.179214,-0.0983623,0.4482
0.145901,-0.322079,0.00928688,-0.107115,-0.196017,-0.508525,-0.695124,-0.348449,0.26462,-0.476909,-0.424886,0.348776,-0.295203,-0.612422,-0.775423,-0.448915,-0.806251,-0.299178,-0.160609,-0.20785	0.366598,0.0125327,0.258548,0.20679,-0.109838,-0.0163322,-0.0335073,-0.380416,0.154986,-0.448868,-0.145648,0.442927,0.425548,0.00942283,-0.353463,0.0208941,-0.633646,-0.47878,-0.0633573,-0.518215	-0.233169,-0.333266,-0.249861,-0.307103,-0.0880751,-0.496315,-0.677394,0.036851,0.114322,-0.0356785,-0.297658,-0.111353,-0.640313,-0.618277,-0.581279,-0.465443,-0.352889,0.20963,-0.0982519,0.34783
0.426784,0.5418,0.31674,0.112875,0.419686,0.147667,0.270134,0.218095,0.615318,0.221716,0.406507,0.76202,0.541307,0.381896,0.0338011,0.297611,0.246463,0.236459,0.433153,0.107016	0.466819,0.542325,0.186727,0.473953,0.365437,0.279497,0.24073,0.226442,0.608482,0.380085,0.446058,0.775503,0.718781,0.483387,0.457899,0.308689,0.292533,0.148246,0.239581,0.10609	-0.0499956,-0.000743773,0.138186,-0.381487,0.0640754,-0.137505,0.0314492,-0.008781,0.0109264,-0.172943,-0.0483111,-0.0329627,-0.290504,-0.124468,-0.430765,-0.012199,-0.0496501,0.0914172,0.215985,0.0009367
0.238241,0.411375,0.354837,0.116087,0.272586,0.0936917,0.350991,0.29689,0.657157,0.227353,0.358979,0.779718,0.652733,0.617689,0.494733,0.654409,0.591268,0.327915,0.454132,0.153036	0.390798,0.417038,0.297943,0.406595,0.274186,0.340769,0.434892,0.370512,0.615815,0.35809,0.331317,0.787432,0.759211,0.693233,0.738991,0.632446,0.635226,0.24959,0.247707,0.128134	-0.16822,-0.00683563,0.0636197,-0.304899,-0.00172827,-0.255226,-0.0990143,-0.0827215,0.0694451,-0.142324,0.0313966,-0.0199844,-0.211083,-0.132116,-0.385024,0.0374721,-0.0704,0.085307,0.232589,0.0254
0.145518,-0.152881,-0.128197,-0.139926,-0.0927519,-0.610306,-0.523557,-0.33778,-0.109052,-0.53495,-0.192342,0.548206,-0.333446,-0.616654,-0.801592,-0.461368,-0.579429,-0.216646,-0.186358,-0.232259	0.376276,0.148422,-0.0626859,0.256116,-0.0331663,-0.122084,0.0959793,-0.33233,-0.0944672,-0.482924,0.135733,0.533935,-0.00779253,-0.0069768,-0.417321,0.0384084,-0.207297,-0.444709,0.00558454,-0.494029	-0.244125,-0.294617,-0.0660414,-0.382339,-0.0597696,-0.527527,-0.589894,-0.0061387,-0.0147365,-0.0701489,-0.319727,0.0201769,-0.326502,-0.612311,-0.577435,-0.491074,-0.422932,0.252378,-0.191743,0.295699
0.168769,-0.189998,-0.0606877,-0.152298,-0.219925,-0.508198,-0.682787,-0.337712,0.17361,-0.553495,-0.339789,0.420411,-0.258906,-0.616777,-0.806648,-0.434853,-0.787207,-0.260154,-0.18929,-0.345919	0.465384,0.151704,-0.0572306,0.241265,-0.128554,-0.0386618,-0.00976113,-0.33233,0.0697579,-0.485673,0.0667125,0.51348,0.411568,-0.0069768,-0.431017,0.0426269,-0.616548,-0.501047,0.00273873,-0.490076	-0.321897,-0.332129,-0.0034692,-0.379614,-0.0940287,-0.478946,-0.677542,-0.00606277,0.105125,-0.0927561,-0.397491,-0.118692,-0.60591,-0.612436,-0.575837,-0.46879,-0.331603,0.277,-0.191929,0.173584
0.281035,0.501993,0.266419,0.482066,0.135636,0.0764283,0.0594115,0.266487,0.631454,0.273714,0.523204,0.733496,0.626719,0.436889,0.311081,0.360164,0.286975,0.194376,0.331384,0.124978	0.399309,0.506911,0.350914,0.417064,0.189918,0.202188,0.167259,0.336971,0.596714,0.247584,0.46344,0.727934,0.550814,0.411544,0.130295,0.325905,0.283376,0.213464,0.318956,0.102632	-0.133224,-0.00659584,-0.0932095,0.0813601,-0.0557171,-0.127734,-0.10893,-0.0774381,0.0557446,0.0280299,0.0788945,0.0119332,0.115921,0.0309013,0.188423,0.0388149,0.00391786,-0.0199142,0.0138966,0.0226358
0.152815,-0.246734,0.075753,0.126464,-0.055566,-0.533594,-0.597245,-0.178048,-0.0839722,-0.344393,-0.113172,0.504087,-0.24711,-0.541911,-0.582595,-0.491193,-0.531456,-0.150749,-0.294538,-0.0784592	0.346724,0.050767,0.302586,0.284066,0.0564406,-0.0983244,0.0459509,-0.18056,-0.0634527,-0.368082,0.153323,0.475183,-0.00944008,-0.0241544,-0.222087,-0.0836229,-0.159655,-0.335491,0.042341,-0.361072	-0.204758,-0.29382,-0.232154,-0.163475,-0.111656,-0.459371,-0.626015,0.00259615,-0.0206294,0.0271278,-0.26195,0.0380084,-0.238225,-0.524624,-0.414085,-0.425028,-0.406273,0.194583,-0.332729,0.290852
0.182326,-0.284642,0.171218,0.112099,-0.114652,-0.489382,-0.690286,-0.177473,0.161967,-0.367505,-0.250244,0.394641,-0.242822,-0.541713,-0.590522,-0.494503,-0.622441,-0.1826,-0.293296,-0.197582	0.435639,0.0532442,0.322628,0.27473,0.0335282,-0.132553,0.0299171,-0.18006,0.0638316,-0.36964,0.0868316,0.466234,0.237883,-0.0236203,-0.235945,-0.125371,-0.370986,-0.394663,0.0459541,-0.359715	-0.27517,-0.332842,-0.160263,-0.167799,-0.147613,-0.381582,-0.705631,0.00267267,0.0991606,0.0024711,-0.329907,-0.0877368,-0.454454,-0.524808,-0.411979,-0.39353,-0.326953,0.228532,-0.334739,0.174538
0.200303,-0.215988,-0.0183749,0.16216,0.065821,-0.56597,-0.50105,-0.0976344,-0.102264,-0.394468,-0.0125217,0.447083,-0.287996,-0.521127,-0.693756,-0.499735,-0.546348,-0.285546,-0.314331,-0.137385	0.278737,0.10228,0.113868,0.366013,0.135414,-0.261657,0.128901,-0.168419,-0.0541938,-0.403283,0.313105,0.425074,-0.00916398,0.0670345,-0.307702,-0.0359829,-0.19298,-0.459432,0.0224751,-0.391325	-0.0830721,-0.31139,-0.131967,-0.216716,-0.0702186,-0.357213,-0.591733,0.0719684,-0.0483376,0.010483,-0.324355,0.0271736,-0.27957,-0.568309,-0.490833,-0.472244,-0.395016,0.200142,-0.334443,0.268368
0.217375,-0.254682,0.0744599,0.151669,0.0343639,-0.520037,-0.592195,-0.0962209,0.144125,-0.412716,-0.146655,0.321799,-0.270468,-0.521334,-0.699617,-0.487676,-0.719251,-0.317627,-0.312656,-0.250831	0.351064,0.107204,0.135194,0.36061,0.147657,-0.287637,0.192679,-0.167114,0.0813339,-0.401033,0.256332,0.397489,0.297634,0.0669533,-0.320148,-0.0531112,-0.525795,-0.508876,0.0268815,-0.389333	-0.144734,-0.352269,-0.061352,-0.22103,-0.11387,-0.273277,-0.704489,0.0720517,0.0635362,-0.0140011,-0.388387,-0.0867916,-0.525777,-0.568446,-0.488994,-0.44612,-0.311113,0.228121,-0.336707,0.153491
0.739452,0.91781,0.991765,0.970612,0.917999,0.890811,0.493306,1,0.843858,0.898401,0.84948,0.897709,0.181702,0.999265,1,0.729413,0.68706,0.850733,0.963279,0.714225	0.793495,0.999831,0.918341,0.977313,0.964255,0.653297,0.915521,0.99992,0.713921,0.951996,0.964068,0.983979,0.377132,0.999874,0.995061,0.682592,0.57785,0.780742,0.963792,0.848552	-0.130777,-0.996056,0.822944,-0.130354,-0.40288,0.568166,-0.769947,1,0.326842,-0.370317,-0.632929,-0.739415,-0.209808,-0.706667,1,0.0932476,0.181117,0.208434,-0.00715997,-0.340982
0.756639,0.131943,0.470351,0.795467,0.66729,0.642538,-0.0242891,0.220305,-0.259792,0.613442,0.570059,0.0743843,0.280391,0.739558,0.162657,0.0844324,0.206241,0.645604,0.548025,0.596483	0.552172,0.149107,0.640709,0.943157,0.640193,-0.119185,0.377389,0.819068,0.420185,0.821954,0.804876,0.802651,0.572556,0.603112,0.364737,-0.00113089,-0.312983,0.177614,0.204898,0.349038	0.351195,-0.0175089,-0.243842,-0.591355,0.0473057,0.707539,-0.39803,-0.730595,-0.613056,-0.420574,-0.433904,-0.774509,-0.348039,0.246307,-0.214824,0.0855551,0.487741,0.528604,0.386531,0.312508
0.0431781,-0.282278,0.176429,0.378467,0.029716,0.333867,0.165885,-0.42719,0.513088,-0.23856,-0.0235661,0.593407,-0.311334,0.0132797,-0.465716,0.17856,-0.104482,-0.491537,-0.0105397,-0.048575	-0.14374,-0.726507,-0.117829,0.167478,0.0374831,-0.341343,-0.422547,-0.687788,0.231406,-0.356367,-0.443776,0.395249,-0.335055,-0.384911,-0.846229,-0.65419,-0.644183,-0.453586,0.224533,-0.399665	0.185766,0.558832,0.288265,0.225268,-0.00777573,0.606133,0.549888,0.369022,0.319633,0.128754,0.424651,0.258876,0.0264834,0.396165,0.628016,0.745649,0.578647,-0.0488394,-0.234518,0.358041
0.0173335,-0.215418,0.122154,0.506491,0.0393484,0.333981,0.167254,-0.365558,0.444769,-0.213459,-0.00213785,0.647773,-0.22739,0.049998,-0.484009,0.168125,-0.10395,-0.499867,-0.031585,-0.0988163	-0.18467,-0.704908,0.00027688,0.110383,0.0412432,-0.3267,-0.414066,-0.664668,0.140957,-0.377146,-0.479011,0.440695,-0.26378,-0.376332,-0.853348,-0.647871,-0.628929,-0.393329,0.054495,-0.594578	0.201359,0.577126,0.121881,0.419564,-0.00189783,0.595685,0.543669,0.395112,0.324133,0.178018,0.477362,0.28981,0.0387124,0.418457,0.629229,0.735845,0.561701,-0.132611,-0.085932,0.526708
0.0484152,-0.216245,0.0999819,0.373344,0.035295,0.0886225,0.0873762,-0.241866,0.411821,-0.31773,0.0105038,0.576261,-0.218012,0.402817,-0.324826,0.140803,-0.0532867,-0.427457,0.0136367,-0.256766	-0.155071,-0.703067,-0.0858799,0.384149,-0.0175367,-0.373931,-0.550636,-0.578932,0.143721,-0.364657,-0.416768,0.431226,-0.153121,-0.119528,-0.713016,-0.646919,-0.550082,-0.319592,-0.130503,-0.658767	0.20197,0.574106,0.184279,-0.0126143,0.052799,0.447717,0.608725,0.391948,0.284966,0.0530772,0.42541,0.192994,-0.067132,0.49835,0.505197,0.721959,0.511797,-0.124932,0.143883,0.483842
0.0311835,-0.205519,0.0244389,0.333462,0.0183698,-0.0647356,-0.0176593,-0.148514,0.455455,-0.307282,0.000401168,0.525914,-0.260338,0.264683,-0.40588,0.176956,-0.0962366,-0.488357,-0.0675167,-0.204633	-0.092503,-0.691369,-0.0678501,0.291102,-0.000742137,-0.353313,-0.50349,-0.480073,0.147017,-0.357123,-0.455781,0.383326,-0.235342,-0.18626,-0.788601,-0.646775,-0.600896,-0.401999,-0.17751,-0.681057	0.123331,0.566318,0.0921362,0.0469136,0.0191117,0.295332,0.490189,0.357013,0.330573,0.0559843,0.456099,0.178592,-0.0266268,0.429756,0.56289,0.739137,0.535634,-0.107453,0.111328,0.553573
-0.104056,0.0338052,0.232504,0.292011,0.462344,0.0115871,0.133152,0.540693,0.0373356,-0.124546,-0.0190798,0.927496,0.406798,0.0602619,0.450311,0.352912,-0.287231,0.266419,-0.521235,-0.0869865	-0.11454,-0.423824,0.230193,0.573775,0.530115,0.344675,0.412719,-0.0732798,0.0545996,-0.173122,-0.18771,0.700609,0.687867,0.547782,0.212252,-0.0460118,-0.0335679,0.297542,-0.168384,-0.714243	0.0106108,0.451165,0.00244153,-0.338474,-0.0897745,-0.334424,-0.295824,0.590573,-0.0172992,0.0496463,0.169236,0.647901,-0.390278,-0.504162,0.263218,0.39255,-0.256133,-0.0338021,-0.3868,0.66881
-0.235869,-0.0339046,0.34947,0.309657,0.433362,0.113137,-0.218907,0.54075,0.29192,-0.179704,-0.0345635,0.926836,-0.315097,0.0621663,0.437734,0.376853,-0.394294,0.281443,-0.523784,-0.337808	-0.208,-0.422313,0.216895,0.604359,0.539602,0.238445,0.500523,-0.0731995,0.0414778,-0.183777,-0.0900484,0.783024,0.291104,0.549283,0.194229,-0.049299,-0.152205,0.163667,-0.172251,-0.754844	-0.0293073,0.39405,0.143448,-0.362551,-0.138666,-0.128782,-0.648387,0.590573,0.253512,0.00421193,0.0556582,0.524353,-0.555268,-0.504339,0.266131,0.418379,-0.257545,0.123463,-0.386395,0.559774
0.181715,-0.0566981,0.156382,0.455667,-0.17848,0.530819,-0.117764,-0.219786,-0.106551,-0.0875252,-0.0543133,0.763148,-0.426675,-0.00272419,-0.353084,-0.130726,-0.61387,-0.711642,-0.132758,-0.276122	0.127626,-0.702613,-0.244148,0.10509,-0.153982,0.741307,-0.714892,-0.706804,-0.679634,-0.375457,-0.532978,0.123076,-0.566099,-0.28871,-0.823303,-0.701101,-0.720849,-0.497634,0.560943,-0.463427	0.0553738,0.672714,0.385801,0.368209,-0.0251903,-0.347052,0.65202,0.576588,0.617823,0.297716,0.492934,0.706423,0.183824,0.286211,0.662929,0.627926,0.191894,-0.331352,-0.645621,0.21479
0.168302,0.0921263,0.236321,0.516145,-0.166022,0.509628,-0.100426,-0.328713,-0.229279,-0.080207,0.139627,0.810661,-0.390635,0.0443365,-0.357462,-0.155838,-0.569401,-0.710519,-0.0993225,-0.289699	0.0929496,-0.647751,-0.0338346,0.00114264,-0.146449,0.739178,-0.704544,-0.76108,-0.750479,-0.389988,-0.497174,0.134329,-0.54217,-0.271655,-0.825632,-0.702897,-0.674326,-0.451307,0.405984,-0.643485	0.0765497,0.698212,0.268013,0.515306,-0.0200609,-0.368284,0.650117,0.576626,0.629522,0.319783,0.595465,0.758981,0.192253,0.31223,0.664196,0.614354,0.170322,-0.381566,-0.485721,0.434849
0.185566,-0.0256191,0.0923498,0.414551,-0.154823,0.225599,-0.0144309,-0.238447,-0.00527189,-0.281747,0.102268,0.749585,-0.273091,0.461968,-0.213403,-0.177861,-0.292076,-0.610952,0.0398346,-0.325115	0.116638,-0.677715,-0.205263,0.267599,-0.182494,0.643151,-0.714427,-0.741219,-0.652873,-0.439441,-0.43906,0.0958919,-0.361052,0.0812725,-0.712405,-0.716136,-0.368739,-0.306233,0.217345,-0.630701	0.070453,0.663618,0.292076,0.165288,0.0284761,-0.488419,0.707288,0.61071,0.649838,0.179978,0.518066,0.704319,0.0975832,0.395547,0.588466,0.616844,0.0859162,-0.374851,-0.17906,0.384409
0.153583,-0.088233,0.0511639,0.374632,-0.179544,0.0438534,-0.0290615,-0.060345,-0.00267343,-0.258507,-0.00378888,0.73782,-0.286421,0.327464,-0.319564,-0.143473,-0.461941,-0.699457,-0.043888,-0.422613	0.182965,-0.684915,-0.171472,0.177182,-0.17707,0.55241,-0.667912,-0.60568,-0.665292,-0.420898,-0.528946,0.118617,-0.406833,-0.00123589,-0.781273,-0.709726,-0.562257,-0.456393,0.152265,-0.729533	-0.0302314,0.63506,0.2207,0.211488,-0.0025552,-0.521182,0.651496,0.566023,0.6638,0.182217,0.526211,0.678593,0.136293,0.328567,0.615339,0.63045,0.135513,-0.357042,-0.194851,0.443725
0.0157267,0.131329,-0.097577,0.452069,0.26172,-0.227695,0.533409,0.449652,0.517708,-0.111292,0.0613456,0.90605,0.205508,0.0410196,0.65891,-0.278698,-0.411399,0.187862,-0.553776,-0.328747	0.166719,-0.376758,-0.231186,0.579557,0.350107,0.762509,0.311337,-0.458464,-0.204872,-0.300679,-0.269904,-0.0207951,0.245986,0.649035,0.160886,-0.438631,0.50173,0.650744,0.160045,-0.780988	-0.151389,0.484132,0.136692,-0.172748,-0.0973029,-0.843718,0.266297,0.752905,0.65329,0.195944,0.325854,0.909705,-0.0426331,-0.624646,0.557079,0.182207,-0.756897,-0.527351,-0.655706,0.608462
-0.133107,-0.0497212,0.0279067,0.486561,0.308985,-0.0986281,0.528492,0.449652,0.429714,-0.181266,0.0619075,0.931923,-0.413765,0.0409388,0.64828,-0.24841,-0.446827,0.10743,-0.552188,-0.554896	0.0382991,-0.434443,-0.231538,0.627894,0.435862,0.760078,0.991516,-0.458464,-0.360161,-0.317173,-0.17547,0.0344571,0.0396671,0.649035,0.140437,-0.430436,0.431538,0.411649,0.163436,-0.82452	-0.170536,0.393216,0.257779,-0.203506,-0.146623,-0.798822,-0.972757,0.752905,0.684013,0.144196,0.234827,0.927241,-0.44611,-0.624695,0.558709,0.203819,-0.736375,-0.318295,-0.656387,0.497022
0.680304,0.654309,0.334355,0.730842,0.920374,0.933864,0.954613,0.91206,0.78185,0.585533,0.375108,0.892616,0.860764,0.893726,0.850661,0.851014,0.902239,0.751098,0.695769,0.443548	0.651291,0.682821,0.513783,0.559391,0.913532,0.955381,0.969539,0.880245,0.773749,0.483818,0.371044,0.894087,0.833579,0.863699,0.812354,0.861339,0.936762,0.879691,0.566617,0.0882797	0.0520948,-0.0515389,-0.216644,0.290018,0.0429721,-0.199594,-0.200448,0.161366,0.0205066,0.14192,0.0047213,-0.00728356,0.0962384,0.131643,0.123985,-0.0386727,-0.222991,-0.379032,0.213205,0.369746
0.550647,0.620457,0.39913,0.373614,0.445274,0.180421,0.258972,0.220097,0.732633,0.259314,0.448769,0.80311,0.501948,0.502981,-0.0679475,0.327044,0.213675,0.124936,0.438722,0.15029	0.53687,0.656697,0.501316,0.602662,0.371858,0.379278,0.198412,0.269905,0.760369,0.338351,0.470366,0.84698,0.692573,0.439438,0.384987,0.395458,0.367552,0.238062,0.0657325,-0.148778	0.0195596,-0.0611598,-0.127747,-0.295607,0.0879841,-0.213465,0.0638405,-0.052954,-0.0626192,-0.0866385,-0.0273746,-0.13719,-0.292206,0.0815728,-0.441388,-0.0785767,-0.166991,-0.116594,0.384065,0.292527
0.399105,0.543749,0.257786,0.325934,0.309305,0.0647682,0.278147,0.303329,0.759776,0.222091,0.556943,0.856522,0.662973,0.709497,0.448513,0.718185,0.597564,0.25146,0.371373,0.269554	0.501857,0.597982,0.468834,0.508065,0.275091,0.424998,0.405741,0.40884,0.742122,0.298655,0.508469,0.896117,0.778614,0.70454,0.68986,0.726513,0.685792,0.355901,0.0351131,-0.0986102	-0.128487,-0.0803644,-0.240061,-0.218277,0.0373963,-0.370426,-0.143825,-0.120448,0.0404768,-0.0820028,0.0676244,-0.170333,-0.239027,0.00991116,-0.34948,-0.0174149,-0.149489,-0.114707,0.340703,0.358632
0.144354,-0.28944,-0.0605768,-0.0317748,-0.0289657,-0.640236,-0.642689,-0.33548,-0.0654118,-0.552159,-0.334352,0.658884,-0.351141,-0.66178,-0.829665,-0.517759,-0.709138,-0.397809,-0.461174,-0.153638	0.389029,-0.00582364,0.259036,0.401764,0.0161263,0.0383015,-0.0244231,-0.325456,0.2317,-0.50634,-0.0602742,0.599207,-0.126169,-0.01346,-0.391371,0.27349,-0.0898153,-0.419664,-0.260237,-0.616071	-0.259233,-0.284096,-0.314675,-0.428074,-0.0450709,-0.662297,-0.628125,-0.0112529,-0.292676,-0.063601,-0.279714,0.0986072,-0.235401,-0.654147,-0.649043,-0.693104,-0.661451,0.0262353,-0.228342,0.510779
0.179179,-0.325448,0.0844088,-0.0379554,-0.133711,-0.533625,-0.837893,-0.33548,0.302517,-0.590854,-0.502196,0.541521,-0.448412,-0.66181,-0.835264,-0.489312,-0.915075,-0.350985,-0.465044,-0.178359	0.48396,-0.00487928,0.308031,0.400194,-0.060094,0.11822,-0.246537,-0.325456,0.372855,-0.519696,-0.185512,0.582782,0.396871,-0.01346,-0.407965,0.259424,-0.696351,-0.466795,-0.268017,-0.547518	-0.33372,-0.321079,-0.229591,-0.431594,-0.0742137,-0.613164,-0.745318,-0.0112529,-0.0792798,-0.102691,-0.349218,-0.0602858,-0.717581,-0.654177,-0.648167,-0.664398,-0.602901,0.138501,-0.225081,0.40911
0.502355,0.519524,0.319086,0.229322,0.453408,0.20157,0.265013,0.19773,0.676988,0.179056,0.389198,0.801021,0.508813,0.50307,-0.0253282,0.339913,0.243339,0.209538,0.388756,0.0235116	0.518043,0.529598,0.242973,0.649265,0.387647,0.373473,0.18794,0.2867,0.715731,0.347411,0.418489,0.8428,0.717101,0.471237,0.481181,0.395579,0.364854,0.19532,0.138142,0.0316391	-0.0212067,-0.0138974,0.0825099,-0.493407,0.0797838,-0.185898,0.0811128,-0.0943176,-0.0751633,-0.179522,-0.0349894,-0.12859,-0.327946,0.0417236,-0.500411,-0.064314,-0.133354,0.0148244,0.264837,-0.00813358
0.330222,0.368322,0.338539,0.231352,0.335358,0.0922789,0.295687,0.281969,0.714809,0.167332,0.350224,0.810238,0.629593,0.671165,0.454288,0.683345,0.60931,0.334017,0.371962,0.0752366	0.462359,0.398979,0.359523,0.598698,0.308705,0.429888,0.406379,0.42859,0.704934,0.33079,0.30159,0.850295,0.769081,0.696204,0.747506,0.680088,0.663478,0.292995,0.151929,0.0533788	-0.155947,-0.0359387,-0.0238911,-0.426409,0.0297303,-0.351555,-0.12581,-0.166775,0.019906,-0.173035,0.0543775,-0.128776,-0.270434,-0.047001,-0.443989,0.00608626,-0.090925,0.0454722,0.233212,0.021946
0.194855,-0.156167,-0.0755361,-0.0695697,-0.0399328,-0.639271,-0.634283,-0.320435,-0.145545,-0.599502,-0.280037,0.721213,-0.307337,-0.65964,-0.838794,-0.507435,-0.697731,-0.348288,-0.479026,-0.215141	0.480002,0.125405,0.0234116,0.508077,0.0105261,0.00540961,-0.0151006,-0.270961,0.169139,-0.525711,0.102743,0.656529,-0.0695651,0.0123494,-0.431655,0.268873,-0.0936779,-0.44083,-0.189866,-0.539274	-0.314569,-0.276164,-0.0987731,-0.557925,-0.0504378,-0.642459,-0.62517,-0.0541785,-0.307124,-0.10775,-0.372075,0.122856,-0.242966,-0.66656,-0.638219,-0.683108,-0.646297,0.109327,-0.318091,0.366674
0.205588,-0.193466,0.0184588,-0.0832573,-0.158261,-0.534294,-0.829796,-0.320435,0.224351,-0.628759,-0.450728,0.603179,-0.39262,-0.65967,-0.844226,-0.478572,-0.904058,-0.314314,-0.479244,-0.32956	0.559873,0.128439,0.0287626,0.492392,-0.0803674,0.0893175,-0.222867,-0.270961,0.308353,-0.536606,0.0172794,0.644036,0.404182,0.0123494,-0.447809,0.257258,-0.676315,-0.497531,-0.192805,-0.526117	-0.400369,-0.3141,-0.0103093,-0.552979,-0.0788968,-0.595207,-0.744637,-0.0541785,-0.0902452,-0.139078,-0.46439,-0.0668106,-0.687675,-0.666589,-0.637379,-0.655168,-0.586103,0.217179,-0.315601,0.237786
0.362072,0.465142,0.269729,0.571048,0.198848,0.0773387,-0.0184214,0.261442,0.711486,0.211354,0.52021,0.788646,0.601169,0.461061,0.277438,0.425105,0.347607,0.214268,0.23261,0.0507786	0.478781,0.485487,0.37478,0.517833,0.241548,0.263189,0.155202,0.323471,0.664378,0.208028,0.448124,0.788514,0.523643,0.514746,0.0657574,0.366836,0.278419,0.190974,0.260924,0.0222986	-0.141183,-0.0262795,-0.116865,0.0755583,-0.0448545,-0.189712,-0.173128,-0.0677597,0.0893369,0.00347823,0.0939986,0.000349282,0.113144,-0.0703907,0.215614,0.0690336,0.0766019,0.024287,-0.030144,0.0285122
0.193686,-0.253237,0.121564,0.178439,-0.00258964,-0.5652,-0.682063,-0.164233,-0.123824,-0.429891,-0.185519,0.679603,-0.215969,-0.563334,-0.709066,-0.555837,-0.703488,-0.284281,-0.533956,-0.0528107	0.451244,0.0278706,0.339712,0.44073,0.111604,-0.0227095,0.00542949,-0.203766,0.151572,-0.421858,0.134386,0.56888,-0.0820208,0.179887,-0.380073,0.0196837,-0.17038,-0.372078,-0.0931158,-0.406548	-0.282225,-0.279137,-0.227544,-0.284679,-0.114161,-0.549545,-0.684956,0.0409013,-0.270323,-0.00981232,-0.312124,0.180509,-0.136364,-0.674835,-0.450365,-0.569292,-0.605709,0.0981815,-0.463905,0.361499
0.211395,-0.292392,0.247242,0.162708,-0.0534088,-0.514681,-0.793524,-0.16372,0.214041,-0.466531,-0.336571,0.577015,-0.388791,-0.563026,-0.71843,-0.550165,-0.821438,-0.235165,-0.531294,-0.176852	0.534378,0.0301078,0.354081,0.432664,0.0906521,-0.0591953,-0.0253399,-0.20326,0.254462,-0.431147,0.0613076,0.565143,0.175575,0.180394,-0.397626,-0.0325221,-0.480437,-0.420474,-0.0890468,-0.402965	-0.364115,-0.319686,-0.117089,-0.290399,-0.143367,-0.469799,-0.783947,0.0409013,-0.0427496,-0.0442928,-0.389834,0.0176161,-0.528303,-0.674875,-0.449095,-0.527073,-0.563312,0.205644,-0.464209,0.243464
0.239192,-0.225983,0.0302688,0.203787,0.116694,-0.60931,-0.633344,-0.0792098,-0.139063,-0.484295,-0.0751704,0.639286,-0.262339,-0.557435,-0.777308,-0.553406,-0.681961,-0.401227,-0.562655,-0.114525	0.383782,0.0638094,0.125531,0.492034,0.200362,-0.260359,-0.0332177,-0.180543,0.177947,-0.475269,0.313202,0.528437,-0.0872995,0.164411,-0.409662,0.132974,-0.105944,-0.466855,-0.172784,-0.432244	-0.159204,-0.285673,-0.0956252,-0.320371,-0.0856709,-0.414746,-0.613023,0.102804,-0.309354,-0.0117243,-0.379439,0.1674,-0.179142,-0.661244,-0.539414,-0.639333,-0.620875,0.0807547,-0.431855,0.334267
0.24317,-0.26621,0.155592,0.191779,0.0931339,-0.553279,-0.753701,-0.0778657,0.195749,-0.516068,-0.218886,0.521815,-0.421503,-0.557528,-0.783982,-0.536697,-0.866887,-0.354402,-0.559891,-0.231062	0.448406,0.0683642,0.144959,0.487816,0.210719,-0.280295,0.00669895,-0.179235,0.286748,-0.481588,0.258451,0.510065,0.241343,0.164331,-0.424982,0.103158,-0.586448,-0.502469,-0.168075,-0.425644	-0.230354,-0.328594,0.0108789,-0.32659,-0.119939,-0.32309,-0.75658,0.102804,-0.0964098,-0.045884,-0.451779,0.0160123,-0.601642,-0.661274,-0.538376,-0.606288,-0.570444,0.180147,-0.432517,0.215807
0.740722,0.911678,0.990238,0.970385,0.93727,0.878912,0.287405,1,0.89304,0.854582,0.82381,0.915233,0.0496585,0.999814,1,0.671534,0.360857,0.894359,0.954993,0.71963	0.801653,1,0.893525,0.980311,0.972257,0.57614,0.975898,1,0.633857,0.939878,0.968611,0.988053,0.530496,1,0.996025,0.620488,0.389471,0.689996,0.951542,0.849588	-0.150004,-1,0.839534,-0.203725,-0.394307,0.613365,-0.956876,0.597278,-0.433419,-0.716664,-0.7609,-0.493848,-1,1,0.0875099,-0.0332932,0.533728,0.0377999,-0.334416
0.373327,0.264425,-0.0610569,0.443579,-0.376084,0.481609,-0.321476,0.416197,-0.643648,0.46486,-0.076185,0.443521,-0.0556836,-0.0359271,0.280624,-0.256358,-0.544145,-0.681975,-0.186439,-0.185558	-0.543628,-0.626044,-0.71003,-0.846299,-0.740573,0.179257,-0.74158,-0.70745,-0.612572,-0.761426,-0.847925,0.125488,-0.675728,-0.828454,-0.889979,-0.726398,-0.743583,-0.858935,-0.288701,-0.672603	0.762255,0.763996,0.678383,0.93782,0.505194,0.330922,0.551608,0.868058,-0.0513042,0.905706,0.825037,0.336777,0.644287,0.81684,0.93667,0.5776,0.334974,0.427204,0.108079,0.5565
0.402756,0.304741,0.276659,-0.00996191,-0.362556,0.455237,-0.308524,0.179244,-0.625609,0.435735,0.308536,0.392671,-0.151152,0.000425094,0.319403,-0.278509,-0.506552,-0.669697,-0.111757,-0.194736	-0.564463,-0.598023,-0.591212,-0.932355,-0.730342,0.182882,-0.732984,-0.762616,-0.652163,-0.773245,-0.78093,0.138551,-0.679884,-0.820561,-0.889681,-0.733226,-0.712032,-0.834747,-0.340383,-0.762758	0.788061,0.763603,0.745873,0.931041,0.500247,0.297089,0.5485,0.828596,0.0448536,0.904296,0.877932,0.268741,0.589292,0.8207,0.941532,0.571404,0.321404,0.374287,0.237667,0.667113
0.359464,0.211022,-0.0244861,0.246434,-0.373055,0.243556,-0.144258,0.111178,-0.487265,0.2351,0.224716,0.308658,-0.0198826,0.299412,0.269095,-0.287913,-0.288176,-0.562263,0.0478424,-0.115588	-0.567063,-0.631297,-0.65147,-0.851186,-0.770913,-0.0710464,-0.768087,-0.743696,-0.524293,-0.794281,-0.771452,0.0642563,-0.571793,-0.632338,-0.780306,-0.745202,-0.501185,-0.759847,-0.379751,-0.774608	0.769644,0.743298,0.637148,0.907303,0.55847,0.309251,0.701565,0.789589,0.0497329,0.867406,0.848989,0.249347,0.558257,0.783425,0.86729,0.582202,0.248967,0.344965,0.419963,0.723828
0.319003,0.148544,0.0515387,0.219098,-0.399101,0.130798,-0.00660666,0.157908,-0.532196,0.253595,-0.0115316,0.432425,0.0446672,0.250772,0.214744,-0.279274,-0.419749,-0.620869,0.0278762,-0.275609	-0.550242,-0.652291,-0.651964,-0.856028,-0.788421,-0.107253,-0.674407,-0.695952,-0.558744,-0.793097,-0.843188,0.105966,-0.588033,-0.693739,-0.843553,-0.741247,-0.639818,-0.806488,-0.425937,-0.831358	0.73945,0.730094,0.680633,0.905328,0.568068,0.234757,0.670789,0.769315,0.0377822,0.871426,0.839822,0.342136,0.616507,0.804544,0.89599,0.582572,0.300872,0.371775,0.448488,0.720937
0.271745,0.096924,-0.525871,0.691689,-0.339936,-0.313575,0.322494,-0.388231,0.377236,0.086638,0.172474,-0.66429,-0.426599,-0.0328149,0.245808,-0.635283,-0.268234,-0.0376915,-0.217894,-0.329927	-0.564828,-0.441816,-0.750697,-0.634908,-0.477438,0.0407995,0.391481,-0.751758,0.0742253,-0.774351,-0.693958,-0.34673,-0.14425,-0.499312,-0.0117394,-0.656234,0.172905,0.0997759,-0.552293,-0.879575	0.725255,0.516617,0.371471,0.921786,0.164142,-0.349898,-0.0789552,0.513351,0.311739,0.806858,0.773814,-0.412593,-0.300863,0.474268,0.256807,0.0359299,-0.421586,-0.136952,0.380146,0.774366
0.211646,-0.0164955,-0.516609,0.751862,-0.214776,-0.198961,0.722218,-0.388355,0.0155949,0.0721335,0.210675,-0.655947,0.0358919,-0.0375899,0.239899,-0.646622,-0.222313,-0.232002,-0.214828,-0.311927	-0.625024,-0.481998,-0.750833,-0.598053,-0.373558,0.114444,0.656005,-0.751758,-0.232072,-0.778458,-0.65897,-0.162064,-0.286897,-0.499312,-0.0469601,-0.669619,0.0978164,-0.297447,-0.554288,-0.876803	0.738923,0.469233,0.382649,0.931199,0.172632,-0.306428,0.125828,0.513244,0.246773,0.805368,0.763631,-0.55263,0.319499,0.470554,0.283663,0.0405593,-0.313316,0.0702963,0.385346,0.777529
0.685824,0.714373,0.309306,0.533116,0.899294,0.903041,0.951367,0.902396,0.659382,0.694769,0.402037,0.722961,0.805882,0.842746,0.90692,0.844931,0.916614,0.865704,0.728158,0.520661	0.622792,0.810984,0.472332,0.425378,0.903944,0.932855,0.96855,0.900419,0.491674,0.5946,0.413276,0.781346,0.868368,0.846492,0.859342,0.85335,0.948679,0.927039,0.573782,0.109533	0.110027,-0.229667,-0.190918,0.139336,-0.0248526,-0.189181,-0.218747,0.0105435,0.248161,0.170679,-0.013478,-0.134182,-0.208149,-0.0130713,0.215633,-0.0301762,-0.24585,-0.310626,0.26516,0.435992
0.512789,0.687385,0.36182,0.0987003,0.416252,0.120256,0.243542,0.299056,0.606967,0.508191,0.464289,0.5682,0.550677,0.153406,0.0780503,0.283037,0.236697,0.431916,0.445931,0.340778	0.5029,0.78638,0.403093,0.413366,0.347425,0.0923578,0.107514,0.481212,0.433754,0.445628,0.510403,0.62844,0.778613,0.496172,0.632011,0.333123,0.420847,0.561349,0.0775204,-0.127255	0.0133257,-0.215462,-0.0483195,-0.32805,0.0804635,0.0282119,0.139685,-0.212777,0.235113,0.0808801,-0.0604357,-0.0936966,-0.399022,-0.371005,-0.582704,-0.0552996,-0.204523,-0.170858,0.381602,0.44858
0.367059,0.639613,0.278235,0.0806107,0.285866,0.139191,0.31352,0.331993,0.603987,0.471116,0.578994,0.757296,0.693445,0.490009,0.561972,0.692373,0.641741,0.565317,0.476042,0.403007	0.449669,0.765951,0.353773,0.215147,0.235672,0.147971,0.303134,0.609575,0.449563,0.418364,0.542681,0.731327,0.820132,0.746538,0.807683,0.701847,0.73302,0.619366,0.0440775,-0.077106	-0.0989412,-0.247679,-0.0837847,-0.136911,0.053819,-0.00896407,0.011476,-0.348011,0.211985,0.065702,0.0529505,0.058204,-0.293743,-0.4045,-0.449933,-0.0184306,-0.172357,-0.0831696,0.441223,0.465644
0.24316,-0.296719,-0.258742,-0.393476,-0.53845,-0.709632,-0.758756,-0.560993,-0.116078,-0.429352,-0.370277,-0.607334,-0.582551,-0.716143,-0.82308,-0.630617,-0.599697,-0.479203,0.129469,-0.100208	0.30828,0.182464,0.080051,-0.0189791,-0.0298943,-0.342425,-0.279989,0.0969311,-0.318113,-0.315358,-0.0518929,0.216453,0.404516,-0.0389985,0.245974,0.100315,0.0194256,0.0813661,-0.204163,-0.622699	-0.0703965,-0.454571,-0.331918,-0.377314,-0.516876,-0.485079,-0.607915,-0.623993,0.209781,-0.131845,-0.324621,-0.728074,-0.798824,-0.696599,-0.889058,-0.687444,-0.611993,-0.539532,0.32504,0.557264
0.418216,-0.310411,-0.192606,-0.418132,-0.6141,-0.66996,-0.752618,-0.561029,0.0836431,-0.400583,-0.553176,-0.718574,-0.0530089,-0.71674,-0.821877,-0.614384,-0.752443,-0.483631,0.121597,0.072088	0.369989,0.184041,0.142685,-0.019177,-0.170301,-0.279424,-0.363278,0.0969311,-0.150788,-0.290987,-0.204333,0.0874696,0.614317,-0.0389985,0.22277,0.0992958,-0.420931,-0.00970654,-0.210984,-0.55836	0.0570554,-0.467731,-0.326324,-0.40218,-0.495633,-0.480484,-0.535844,-0.624025,0.231511,-0.124057,-0.393298,-0.758377,-0.64628,-0.697231,-0.882982,-0.672645,-0.485183,-0.47616,0.324263,0.606054
0.451969,0.630511,0.281355,-0.116265,0.429322,0.144504,0.250536,0.287455,0.463896,0.422187,0.404429,0.598615,0.579659,0.171953,0.111637,0.297252,0.264966,0.49685,0.383354,0.152897	0.50376,0.639963,0.179514,0.259228,0.355627,0.0888871,0.0959773,0.476032,0.462478,0.4548,0.445278,0.598683,0.741602,0.509738,0.720356,0.33792,0.417401,0.552244,0.169437,0.0763431	-0.0670593,-0.0158457,0.107258,-0.364506,0.0869734,0.0563402,0.158367,-0.218472,0.00180495,-0.0403627,-0.0498216,-0.000105505,-0.28405,-0.370237,-0.661952,-0.045209,-0.17139,-0.0763413,0.228778,0.077458
0.291655,0.515329,0.385266,-0.0462278,0.316921,0.173458,0.333686,0.319511,0.487215,0.399415,0.373942,0.693251,0.68846,0.463439,0.562554,0.655109,0.652703,0.625688,0.449168,0.162081	0.430787,0.555769,0.300101,0.162512,0.260303,0.155686,0.303793,0.606952,0.502187,0.442212,0.322679,0.606487,0.749077,0.714734,0.870734,0.655401,0.710528,0.602142,0.176361,0.0986537	-0.159125,-0.0566717,0.0962993,-0.207183,0.061709,0.0182651,0.033265,-0.356596,-0.0198214,-0.0519769,0.0582962,0.149708,-0.125166,-0.375761,-0.604078,-0.000511931,-0.107834,0.0377788,0.296277,0.0644582
0.278803,-0.181615,-0.292994,-0.419707,-0.546922,-0.714039,-0.752345,-0.566946,-0.202894,-0.516284,-0.275873,-0.572717,-0.574965,-0.726477,-0.834495,-0.624964,-0.587545,-0.443088,0.0610748,-0.164435	0.400693,0.287385,-0.10149,-0.00705279,-0.0589138,-0.369806,-0.271745,0.0969593,-0.302833,-0.375477,0.107245,0.268957,0.334928,-0.0740548,0.192349,0.107282,0.015231,0.0619859,-0.120385,-0.519316	-0.13722,-0.445735,-0.197373,-0.413879,-0.504256,-0.467743,-0.604107,-0.629312,0.106481,-0.174666,-0.372108,-0.72933,-0.762967,-0.689517,-0.884818,-0.686236,-0.59743,-0.491573,0.180135,0.388015
0.432121,-0.195318,-0.280276,-0.454911,-0.636355,-0.675133,-0.744892,-0.566982,-0.0248704,-0.498037,-0.440878,-0.675819,-0.0361765,-0.727054,-0.833407,-0.607774,-0.744982,-0.45086,0.0599455,-0.152692	0.443311,0.291017,-0.0950799,-0.0257582,-0.223749,-0.308852,-0.352373,0.0969593,-0.142977,-0.360946,0.0197078,0.175773,0.525836,-0.0740548,0.170116,0.107206,-0.422569,-0.0479655,-0.122825,-0.510285	-0.0138417,-0.460178,-0.190267,-0.434241,-0.481109,-0.462778,-0.532213,-0.629344,0.118528,-0.167136,-0.456618,-0.761172,-0.551521,-0.690159,-0.878914,-0.671244,-0.470542,-0.4118,0.181435,0.38781
0.336023,0.58266,0.273353,0.393097,0.177337,0.141328,-0.0104955,0.322157,0.455581,0.408632,0.546465,0.595896,0.689162,0.315781,0.478729,0.368256,0.397676,0.564591,0.305484,0.131146	0.430223,0.610074,0.303499,0.230151,0.197599,0.176481,0.117177,0.436866,0.471742,0.418686,0.463325,0.508171,0.585984,0.226035,0.20825,0.328301,0.29995,0.484804,0.252105,0.145421	-0.110119,-0.0425326,-0.0328736,0.179155,-0.020998,-0.0360514,-0.127516,-0.133498,-0.0205848,-0.0121301,0.111327,0.125829,0.173071,0.0966438,0.30043,0.0454497,0.110961,0.109855,0.0578336,-0.0145532
0.304862,-0.265167,-0.0767103,-0.176733,-0.484345,-0.630408,-0.789629,-0.457279,-0.18416,-0.325476,-0.194188,-0.587093,-0.531598,-0.723647,-0.792235,-0.660858,-0.590397,-0.434806,-0.114679,-0.00327463	0.383872,0.168631,0.254924,0.0474314,0.130155,-0.139147,-0.134864,-0.0454847,-0.288889,-0.15934,0.142807,0.191764,0.292604,-0.412759,-0.0762079,-0.098111,-0.0988419,0.0467194,-0.0859529,-0.345832	-0.0894815,-0.415231,-0.325274,-0.2223,-0.578059,-0.538498,-0.732803,-0.420541,0.110614,-0.175223,-0.327902,-0.700044,-0.713257,-0.443298,-0.762035,-0.601763,-0.522018,-0.471938,-0.0290125,0.342946
0.465068,-0.27949,-0.0358388,-0.224482,-0.506703,-0.621549,-0.763934,-0.456898,-0.0394624,-0.308588,-0.352701,-0.682561,-0.0144052,-0.724163,-0.791373,-0.648666,-0.663308,-0.415272,-0.109811,0.0123623	0.424128,0.171564,0.282209,0.0352454,0.0901985,-0.180829,-0.149458,-0.0449399,-0.160234,-0.148917,0.0590574,0.136189,0.363861,-0.412387,-0.0967384,-0.135403,-0.335724,-0.0476148,-0.0827359,-0.333092	0.0509994,-0.430415,-0.314863,-0.257689,-0.570813,-0.496527,-0.693677,-0.420594,0.121541,-0.167362,-0.403356,-0.749114,-0.376294,-0.444529,-0.752222,-0.562685,-0.421431,-0.375074,-0.027323,0.344037
0.358312,-0.244633,-0.181505,-0.0915816,-0.376664,-0.637429,-0.709573,-0.43036,-0.200057,-0.370616,-0.0736905,-0.619919,-0.542641,-0.693737,-0.813349,-0.659931,-0.579861,-0.48608,-0.140962,-0.0682654	0.337961,0.219296,0.120907,0.271094,0.315018,-0.21652,-0.0134413,-0.0957221,-0.308298,-0.223521,0.359548,0.189355,0.359276,-0.253156,0.04234,-0.0303785,-0.00429499,-0.000479633,-0.0644278,-0.394935	0.0231553,-0.440308,-0.295918,-0.35389,-0.618315,-0.488304,-0.702835,-0.349015,0.115356,-0.160382,-0.422056,-0.724257,-0.754769,-0.534441,-0.827202,-0.642432,-0.577003,-0.485713,-0.0772354,0.335721
0.514624,-0.258667,-0.147373,-0.130427,-0.372299,-0.635158,-0.652566,-0.429146,-0.0479822,-0.348295,-0.225634,-0.730968,-0.0354827,-0.694495,-0.811975,-0.649255,-0.718742,-0.478299,-0.135453,-0.0595167	0.369051,0.224888,0.146518,0.271866,0.335933,-0.26201,0.0299478,-0.0941694,-0.173234,-0.206387,0.300294,0.0553411,0.445077,-0.253281,0.0227377,-0.0488979,-0.388423,-0.0969805,-0.0602685,-0.385672	0.179702,-0.456972,-0.287679,-0.388516,-0.629501,-0.447644,-0.669431,-0.349084,0.126302,-0.152899,-0.492555,-0.755738,-0.473089,-0.535391,-0.819581,-0.620042,-0.458252,-0.399867,-0.0758031,0.333818
0.896103,0.941107,0.988949,0.932252,0.870586,0.695016,0.673352,0.999873,0.773878,0.990519,0.83417,0.62672,0.623375,0.995188,1,0.490462,0.718006,0.87423,0.966941,0.815478	0.781574,0.975477,0.97518,0.9836,0.882444,0.564228,0.513825,1,0.767782,0.976546,0.962247,0.98874,-0.102749,1,0.945041,0.478784,0.582193,0.57237,0.965198,0.805075	0.382236,-0.419291,0.386814,-0.618372,-0.0511645,0.215164,0.24392,-1,0.0150225,0.427126,-0.649074,-0.951842,0.682415,-1,1,0.0152617,0.233362,0.604184,0.0261234,0.0302881
0.635554,0.669267,0.229635,0.547007,0.926118,0.84735,0.949403,0.938558,0.806962,0.646086,0.334002,0.691015,0.869601,0.82096,0.888823,0.853116,0.926094,0.931754,0.696045,0.623307	0.571175,0.822709,0.574102,0.332698,0.933044,0.8532,0.971159,0.869801,0.757315,0.535188,0.436458,0.721461,0.869831,0.83898,0.847467,0.851252,0.968347,0.952183,0.621015,0.179779	0.101068,-0.341445,-0.396776,0.261988,-0.0509699,-0.0211191,-0.279005,0.374407,0.127668,0.16951,-0.11994,-0.0607147,-0.000942047,-0.0578974,0.167598,0.00681014,-0.409347,-0.181108,0.132155,0.4995
0.440601,0.670318,0.354512,0.0614926,0.539311,-0.127501,0.246995,0.299078,0.71739,0.485841,0.403103,0.504734,0.550432,0.0374093,0.0225226,0.357894,0.368218,0.619851,0.382155,0.41904	0.408894,0.731211,0.407865,0.31376,0.503454,-0.383714,0.239474,0.368277,0.795895,0.353251,0.517424,0.375113,0.795848,0.550526,0.589566,0.402632,0.734245,0.728378,0.202008,-0.0598361	0.0386744,-0.119431,-0.0623713,-0.257231,0.0492225,0.269393,0.00799389,-0.0777646,-0.182981,0.16006,-0.14445,0.159895,-0.436729,-0.523907,-0.574674,-0.0522701,-0.501656,-0.197856,0.195218,0.467162
0.290666,0.634652,0.252628,0.0416131,0.417024,0.0205713,0.285439,0.319112,0.741348,0.439114,0.557913,0.686011,0.670712,0.389356,0.535407,0.723531,0.724454,0.744708,0.402894,0.569683	0.340017,0.670515,0.381682,0.125057,0.405158,-0.312159,0.465898,0.513678,0.773883,0.320718,0.536387,0.6534,0.861452,0.767931,0.782964,0.72771,0.878583,0.751276,0.158207,-0.00478861	-0.0547631,-0.0624292,-0.142826,-0.0838808,0.0142793,0.330608,-0.208139,-0.232713,-0.0763206,0.137802,0.0307188,0.0591023,-0.451763,-0.54005,-0.426238,-0.00882738,-0.424006,-0.0149112,0.261345,0.572909
0.153829,-0.407611,0.0115871,-0.532863,-0.268085,-0.621208,-0.776833,-0.47138,-0.284709,-0.531968,-0.393634,-0.0649677,-0.430934,-0.666993,-0.894591,-0.300098,-0.405794,-0.413078,0.382932,0.0967687	0.161793,0.02711,0.087258,-0.136621,0.274762,-0.690357,0.137713,-0.168043,0.361795,-0.498791,-0.0289842,-0.366003,0.421368,-0.00837282,0.110672,0.260191,0.667595,0.772381,-0.0780082,-0.605504	-0.00816775,-0.429969,-0.0757474,-0.427353,-0.505604,0.121071,-0.826163,-0.329432,-0.586129,-0.0451594,-0.368859,0.308368,-0.721323,-0.662319,-0.914702,-0.519708,-0.844585,-0.898719,0.447571,0.663401
0.404069,-0.382844,0.0607387,-0.571125,-0.406176,-0.62643,-0.915443,-0.47138,0.0592177,-0.489845,-0.585391,-0.261542,-0.0724061,-0.666993,-0.893559,-0.299552,-0.620418,-0.33321,0.371164,0.292066	0.244576,0.0285515,0.136853,-0.143727,0.198393,-0.663808,-0.129173,-0.168043,0.480989,-0.464019,-0.186188,-0.435712,0.690874,-0.00837282,0.0794887,0.271121,0.181288,0.659633,-0.0878203,-0.53072	0.176984,-0.406947,-0.0767525,-0.465619,-0.559484,0.0639849,-0.891716,-0.329432,-0.434137,-0.0334227,-0.448035,0.196571,-0.726917,-0.662319,-0.908517,-0.527807,-0.720651,-0.813942,0.444496,0.712366
0.370785,0.618025,0.330337,-0.150518,0.550017,-0.0965344,0.253773,0.26714,0.626127,0.391475,0.362128,0.519819,0.559761,0.057054,0.0594786,0.367197,0.396862,0.652549,0.346989,0.200421	0.399412,0.543401,0.0977673,0.263346,0.506123,-0.359614,0.222211,0.432507,0.761008,0.362947,0.386312,0.363175,0.797732,0.554853,0.6829,0.414513,0.703919,0.731826,0.249638,0.161461	-0.0336036,0.112357,0.240331,-0.398084,0.0608256,0.272541,0.0334482,-0.186969,-0.257645,0.0332524,-0.0281176,0.193098,-0.42997,-0.514073,-0.649816,-0.0558109,-0.426088,-0.151742,0.106584,0.0402638
0.201664,0.512665,0.40213,-0.0816574,0.441014,0.0647352,0.304294,0.286443,0.664988,0.362074,0.386348,0.548749,0.648816,0.367988,0.540352,0.68104,0.736799,0.772471,0.415987,0.261074	0.302756,0.411408,0.213939,0.16366,0.420618,-0.27911,0.458412,0.573553,0.750291,0.34917,0.261151,0.484766,0.834248,0.730252,0.84532,0.687406,0.840811,0.75226,0.247574,0.180921	-0.107665,0.128322,0.205905,-0.242082,0.0250414,0.337743,-0.179102,-0.343552,-0.170244,0.0147709,0.139246,0.0871728,-0.404233,-0.495387,-0.561397,-0.0119686,-0.27336,0.0482482,0.187748,0.0841263
0.199728,-0.266787,-0.00669537,-0.511964,-0.276673,-0.617411,-0.775392,-0.449622,-0.342012,-0.610544,-0.340592,0.0287904,-0.39832,-0.686326,-0.907173,-0.291768,-0.400424,-0.365765,0.275412,-0.0114399	0.259995,0.128892,-0.18553,-0.00588421,0.245252,-0.68801,0.127729,-0.0315831,0.336935,-0.541054,0.00467017,-0.290831,0.429228,-0.0632265,-0.00432211,0.285053,0.636114,0.715826,-0.0449068,-0.494382	-0.063568,-0.382526,0.179057,-0.507609,-0.48876,0.122735,-0.821736,-0.424061,-0.608793,-0.103769,-0.344714,0.316968,-0.70672,-0.651364,-0.906405,-0.532531,-0.826114,-0.857165,0.316406,0.485689
0.4149,-0.23355,-0.00113956,-0.557554,-0.427868,-0.615571,-0.914313,-0.449622,-0.0269707,-0.58483,-0.533575,-0.140922,-0.0516233,-0.686326,-0.906283,-0.29096,-0.62286,-0.28965,0.270985,-0.0123198	0.312954,0.133227,-0.179519,-0.0265728,0.149204,-0.654726,-0.134667,-0.0315831,0.435849,-0.519878,-0.121002,-0.337865,0.61764,-0.0632265,-0.0321955,0.298926,0.127224,0.575137,-0.0486565,-0.482004	0.117159,-0.35571,0.178416,-0.538966,-0.542443,0.0655891,-0.889121,-0.424061,-0.457442,-0.0933286,-0.441049,0.206789,-0.648584,-0.651364,-0.900359,-0.542685,-0.695009,-0.741296,0.315482,0.47249
0.251577,0.552605,0.246611,0.353938,0.320631,0.0232532,-0.00701661,0.271451,0.700107,0.35989,0.548066,0.303678,0.666073,0.23423,0.445708,0.431467,0.62463,0.731457,0.319658,0.223347	0.332217,0.53107,0.311783,0.193277,0.343828,-0.02705,0.166621,0.404965,0.655278,0.374261,0.411509,0.397238,0.604151,0.106356,0.152528,0.391827,0.4383,0.632817,0.245926,0.185476	-0.0879945,0.0304801,-0.0706002,0.172459,-0.0260709,0.0502716,-0.173435,-0.150003,0.0828283,-0.0166078,0.176324,-0.106395,0.103618,0.131141,0.314565,0.0477045,0.256573,0.183645,0.080023,0.0395077
0.227613,-0.371191,0.182334,-0.338565,-0.239849,-0.48584,-0.870064,-0.332074,-0.358803,-0.381377,-0.240012,-0.00231236,-0.349946,-0.72113,-0.872414,-0.360863,-0.409623,-0.34527,0.0150966,0.135027	0.267226,0.0564852,0.208863,-0.00531054,0.353459,-0.399378,0.0463242,-0.0884656,0.192371,-0.253407,0.0708205,-0.234016,0.279784,-0.528388,-0.3394,0.137883,0.261289,0.590813,-0.125469,-0.313972	-0.0421792,-0.418894,-0.0275795,-0.333855,-0.54694,-0.107277,-0.880884,-0.250982,-0.515587,-0.14166,-0.305638,0.231829,-0.573573,-0.311394,-0.757226,-0.475107,-0.606047,-0.777484,0.1403,0.430737
0.458655,-0.340877,0.206855,-0.397497,-0.324317,-0.572789,-0.935872,-0.331642,-0.0412948,-0.357243,-0.41474,-0.146312,-0.0334285,-0.720668,-0.871069,-0.386519,-0.525919,-0.246178,0.0169843,0.13802	0.319639,0.0588724,0.233801,-0.0207545,0.342719,-0.446637,-0.0183929,-0.0879843,0.291237,-0.238691,-0.028963,-0.269382,0.381218,-0.527696,-0.356043,0.0990195,-0.0291132,0.439634,-0.122546,-0.30117	0.162897,-0.391885,-0.0283156,-0.379876,-0.600312,-0.169521,-0.933549,-0.250982,-0.32858,-0.129604,-0.390468,0.128119,-0.409429,-0.311394,-0.746565,-0.467641,-0.50453,-0.618836,0.139241,0.421663
0.286246,-0.33958,0.111495,-0.236431,-0.139493,-0.421991,-0.838423,-0.295168,-0.36139,-0.429722,-0.107775,-0.100607,-0.386208,-0.679352,-0.882507,-0.349709,-0.396567,-0.39215,-0.0232986,0.062339	0.238914,0.159792,0.0748018,0.243873,0.473979,-0.30918,-0.0102194,-0.154491,0.218728,-0.32283,0.371329,-0.361972,0.291177,-0.367598,-0.150685,0.192829,0.514051,0.598858,-0.0894663,-0.333039	0.0508065,-0.473669,0.0370018,-0.45412,-0.575427,-0.129738,-0.835361,-0.147399,-0.537621,-0.124109,-0.460668,0.271242,-0.60891,-0.415522,-0.844066,-0.508264,-0.756418,-0.802538,0.0663059,0.387337
0.518523,-0.305878,0.132629,-0.287359,-0.203966,-0.500027,-0.905063,-0.293878,-0.0478852,-0.399602,-0.267381,-0.282791,-0.0561581,-0.679421,-0.881047,-0.360164,-0.601254,-0.309131,-0.0206672,0.0586166	0.27992,0.165065,0.0967808,0.246811,0.519043,-0.350269,0.121501,-0.153111,0.321859,-0.300421,0.321312,-0.431658,0.439781,-0.367708,-0.170827,0.181976,0.0629652,0.45497,-0.0855721,-0.32466	0.279115,-0.448308,0.0363144,-0.498793,-0.653793,-0.181557,-0.92486,-0.147399,-0.364132,-0.112712,-0.542118,0.169566,-0.483986,-0.415522,-0.836051,-0.508793,-0.63999,-0.669885,0.06502,0.376119
0.910323,0.997787,0.992271,0.895778,0.848281,0.723503,-0.2885,1,0.855613,0.999579,0.815704,0.847167,0.467537,1,1,0.75503,0.846762,0.987496,0.971642,0.836471	0.747295,0.93894,0.993043,0.989759,0.984246,0.831106,0.677843,1,0.512682,0.977188,0.961942,1,0.210598,1,0.920607,0.744855,0.783064,0.506067,0.973043,0.831329	0.509908,0.932046,-0.0527678,-0.828791,-0.823616,-0.269889,-0.808278,0.610912,0.964179,-0.679105,-1,0.285001,1,0.0232505,0.189053,0.962355,-0.0256795,0.0168798
-0.13716,-0.25937,-0.120386,-0.338452,0.0911197,0.161595,0.0501555,-0.0600507,-0.267509,-0.150708,-0.155876,0.0163252,0.119491,0.0773838,0.17311,0.0293906,0.21099,0.249597,-0.0318795,-0.130208	-0.380743,-0.229678,-0.131109,-0.422327,-0.834989,-0.891506,-0.946394,-0.816423,-0.375615,-0.399778,0.0116378,-0.353005,-0.417518,-0.667521,-0.72614,-0.734643,-0.84636,-0.719082,-0.530417,-0.359347	0.257004,-0.0315736,0.0108953,0.0978625,0.860629,0.920492,0.95139,0.795367,0.120181,0.265039,-0.16721,0.367214,0.511491,0.708317,0.798834,0.747885,0.897144,0.821276,0.507112,0.240387
-0.186476,-0.48686,0.0790657,-0.204258,0.179811,0.2499,0.208321,-0.0705112,-0.21431,-0.0819347,-0.35688,-0.339527,-0.0637872,-0.136944,0.00341533,-0.225385,0.0486326,0.207347,0.0526896,-0.175495	-0.459579,-0.506331,-0.0288761,-0.430207,-0.864668,-0.875528,-0.926865,-0.77813,-0.301686,-0.391653,-0.111365,-0.362768,-0.40375,-0.569852,-0.578897,-0.601077,-0.745335,-0.700824,-0.517763,-0.356611	0.298702,0.0258416,0.107696,0.247716,0.903938,0.923395,0.951471,0.748698,0.0934161,0.319986,-0.255677,0.0265049,0.34895,0.469551,0.581163,0.434564,0.766195,0.792945,0.555304,0.193208
0.140862,0.424142,-0.0208236,-0.0999578,-0.0644374,0.0102044,0.253157,-0.014299,-0.193842,-0.331395,0.146855,0.160727,0.104113,-0.0629302,-0.277075,0.0435349,0.220751,0.307588,-0.0856603,-0.129639	-0.455293,-0.501182,-0.348729,-0.473174,-0.901737,-0.939989,-0.951548,-0.904671,-0.781373,-0.806363,-0.323524,-0.671522,-0.795425,-0.885296,-0.908917,-0.848678,-0.915585,-0.880298,-0.705098,-0.751255	0.560226,0.763109,0.330304,0.391745,0.888953,0.941166,0.970839,0.902041,0.692405,0.648177,0.449044,0.751174,0.830741,0.870885,0.844526,0.860423,0.94528,0.934777,0.659256,0.688688
0.0698695,0.429617,-0.0762145,-0.120405,-0.135939,0.0258724,0.27844,-0.014299,-0.245438,-0.356235,0.181508,0.195399,0.103545,-0.0629302,-0.277075,0.0456401,0.182847,0.227512,-0.0767824,-0.309578	-0.442623,-0.498,-0.346244,-0.484365,-0.914761,-0.935865,-0.951986,-0.904671,-0.749377,-0.814652,-0.360019,-0.684593,-0.76917,-0.885296,-0.909191,-0.846939,-0.927758,-0.901775,-0.704511,-0.762455	0.497119,0.764131,0.277349,0.386501,0.889423,0.939002,0.972614,0.902041,0.617515,0.645846,0.50831,0.776166,0.808336,0.870885,0.844978,0.859361,0.949529,0.937039,0.663627,0.592801
-0.0767081,-0.204358,0.00191547,0.322665,-0.118864,0.00681852,-0.335733,-0.0751822,-0.246004,-0.0251465,-0.106768,-0.449924,-0.183129,-0.326252,-0.313245,-0.470402,-0.432003,-0.0545709,-0.0669181,-0.166948	-0.152693,-0.25957,-0.0886033,0.135017,-0.264708,0.0711459,-0.161249,0.0817977,-0.214433,-0.0888191,0.0264048,-0.160889,0.0319217,0.107566,0.258376,0.0848099,0.121153,0.0631783,-0.100696,-0.112937	0.0768859,0.058305,0.0905034,0.196195,0.150582,-0.0643586,-0.184471,-0.15602,-0.033329,0.0638152,-0.132798,-0.311591,-0.213801,-0.419111,-0.528821,-0.533911,-0.525645,-0.117345,0.0340072,-0.0550495
0.107339,0.157495,0.238693,0.338788,0.0364237,0.158503,-0.0469578,0.136497,-0.13042,0.0840848,0.22965,0.0764481,0.320845,0.0957526,0.475109,-0.0642847,0.120686,0.120902,-0.256909,0.0872855	-0.228916,-0.616097,-0.170526,-0.0565138,-0.340278,-0.200323,-0.25269,-0.356437,-0.735823,-0.524294,-0.358505,-0.530588,-0.505628,-0.399194,-0.104169,-0.369655,-0.289453,-0.396055,-0.466704,-0.491354	0.328191,0.705167,0.393215,0.387875,0.37209,0.347783,0.208203,0.470065,0.669668,0.582691,0.543415,0.583373,0.711111,0.476724,0.55196,0.312803,0.396296,0.493334,0.238377,0.554844
0.0693335,0.160126,0.213227,0.325807,0.105896,0.0479979,0.0136593,0.136923,-0.260667,0.0747333,0.248258,0.12059,0.134924,0.0962527,0.474109,-0.10584,0.277905,0.126169,-0.24554,-0.0424206	-0.155506,-0.614771,-0.145937,-0.0650545,-0.344406,-0.252662,-0.251554,-0.356059,-0.72288,-0.523691,-0.390167,-0.537472,-0.500233,-0.398769,-0.110107,-0.398052,-0.363204,-0.459022,-0.463422,-0.489495	0.222441,0.705452,0.348325,0.382749,0.434456,0.297058,0.264305,0.470065,0.569531,0.575886,0.582047,0.618007,0.594999,0.476724,0.555231,0.305065,0.582331,0.553156,0.245857,0.456555
0.154279,0.273745,0.110453,0.348463,0.187268,0.104304,0.138695,0.245465,-0.172448,0.0135224,0.346978,-0.0745478,0.279672,0.226462,0.339481,-0.104399,0.13618,-0.0213961,-0.288038,0.00478024	-0.111971,-0.544357,-0.181928,0.122283,-0.10186,-0.261963,-0.286053,-0.415556,-0.746863,-0.548156,-0.338947,-0.734889,-0.646534,-0.6237,-0.578891,-0.741405,-0.639024,-0.567606,-0.464965,-0.554408	0.261729,0.712003,0.286621,0.236247,0.283716,0.356525,0.40854,0.599835,0.659334,0.557545,0.613745,0.698614,0.784377,0.744943,0.767534,0.690449,0.713145,0.552925,0.204287,0.55771
0.102534,0.279625,0.0712992,0.339856,0.294706,-0.00654908,0.254225,0.246566,-0.269602,0.0102595,0.339985,-0.0809599,0.079077,0.226363,0.338436,-0.131123,0.196123,-0.0405408,-0.277054,-0.127089	-0.0448939,-0.540189,-0.165597,0.115965,-0.0869018,-0.317056,-0.267129,-0.414586,-0.725218,-0.543817,-0.37789,-0.753781,-0.655892,-0.623764,-0.581117,-0.748403,-0.681567,-0.619237,-0.461937,-0.55501	0.146752,0.712231,0.234132,0.233077,0.372078,0.311153,0.4882,0.599835,0.566349,0.551002,0.636145,0.71655,0.698729,0.744943,0.768426,0.684447,0.774201,0.593599,0.212017,0.460395
0.696563,0.994786,0.931379,0.982869,0.977712,0.901318,0.909241,1,0.649235,0.955806,0.940717,1,0.404433,1,1,0.846728,0.951911,0.942019,0.969933,0.798692	0.851343,0.995723,0.990159,0.982986,0.905029,0.954422,0.834005,1,0.909131,0.969853,0.856264,0.92644,0.754233,1,0.995386,0.849836,0.710434,0.859188,0.962657,0.888454	-0.380309,-0.0989024,-0.755665,-0.00344419,0.631243,-0.379961,0.311292,-0.634264,-0.192396,0.434212,1,-0.503337,1,-0.0110819,0.745921,0.434518,0.109766,-0.3091
0.0621474,0.237933,-0.0698921,0.428454,-0.153233,-0.0264964,-0.352016,-0.0537103,-0.0524922,0.0318169,0.273546,-0.229505,-0.148473,-0.287312,-0.329401,-0.411129,-0.44327,-0.134276,-0.098308,-0.0238922	-0.0602787,-0.0175478,0.0326051,0.355722,-0.284888,0.0490966,-0.168345,0.103165,0.0280711,0.0111179,0.16211,-0.14214,-0.0465332,0.0620834,0.177555,0.0624007,0.0589918,-0.031655,-0.0853446,-0.000596122	0.121969,0.254418,-0.102264,0.0858112,0.137666,-0.0754948,-0.195241,-0.156011,-0.0804448,0.0207063,0.116606,-0.0903105,-0.102649,-0.343272,-0.478944,-0.461686,-0.489462,-0.103059,-0.013073,-0.0232964
0.00792712,-0.213817,0.229557,0.360061,0.052029,0.157581,-0.069365,0.14545,0.0470585,0.288374,0.088039,-0.0432597,0.263338,0.115201,0.570686,-0.0833895,0.0887633,0.0505766,-0.199776,0.173944	-0.170403,-0.575352,-0.0623679,0.134657,-0.34746,-0.218245,-0.259586,-0.347902,-0.620878,-0.431697,-0.302653,-0.567273,-0.529763,-0.411391,-0.136732,-0.387971,-0.318529,-0.458532,-0.435706,-0.442259	0.17809,0.412251,0.287804,0.236889,0.392396,0.36333,0.193709,0.46959,0.648975,0.640354,0.380552,0.537196,0.696004,0.502765,0.656213,0.314765,0.396093,0.49757,0.258424,0.572186
0.0248668,-0.216132,0.253279,0.362887,0.139397,0.0442464,-0.0117609,0.145882,-0.0230079,0.290332,0.0808643,-0.0212932,0.0758008,0.115696,0.570114,-0.126882,0.250564,0.0754356,-0.193812,0.173366	-0.0764156,-0.574267,-0.031617,0.124361,-0.348185,-0.273163,-0.258378,-0.347514,-0.577003,-0.428304,-0.35676,-0.576583,-0.525856,-0.410975,-0.142229,-0.416641,-0.387235,-0.517333,-0.433951,-0.421615	0.10109,0.408885,0.282633,0.2498,0.465012,0.313618,0.247369,0.46959,0.561449,0.639157,0.425353,0.562192,0.578594,0.502765,0.658913,0.305931,0.581388,0.570504,0.26219,0.554454
0.0586554,-0.107329,0.154225,0.389117,0.210058,0.103976,0.114925,0.257238,0.00468504,0.23152,0.187589,-0.183907,0.177606,0.2362,0.521205,-0.122029,0.0793465,-0.117486,-0.237533,0.0924942	0.00163899,-0.398411,-0.259606,0.227866,-0.128638,-0.286247,-0.304644,-0.405594,-0.652295,-0.46283,-0.112614,-0.661838,-0.626554,-0.591418,-0.575542,-0.708738,-0.648255,-0.621882,-0.470182,-0.501935	0.0570219,0.304085,0.3979,0.17694,0.329785,0.378944,0.405376,0.60021,0.654979,0.627149,0.293992,0.544164,0.723634,0.726176,0.843667,0.642256,0.692007,0.544153,0.261899,0.568057
0.0546698,-0.105967,0.174736,0.391993,0.340546,-0.0105615,0.2277,0.258351,-0.0417439,0.236785,0.163867,-0.214879,0.00282149,0.236109,0.520358,-0.147831,0.145176,-0.11407,-0.231138,0.0863625	0.0951617,-0.393541,-0.235336,0.218212,-0.111663,-0.343848,-0.285352,-0.404598,-0.607338,-0.454405,-0.180254,-0.692499,-0.625425,-0.59148,-0.577762,-0.715729,-0.687677,-0.668154,-0.468263,-0.485594	-0.0407037,0.300089,0.393876,0.190037,0.435643,0.334501,0.48175,0.60021,0.580307,0.624045,0.334248,0.561116,0.62714,0.726176,0.84429,0.635096,0.757253,0.599798,0.265906,0.548935
0.724843,0.9926,0.987029,0.987223,0.980581,0.903554,0.907215,1,0.70667,0.966934,0.926346,1,0.384069,1,1,0.84365,0.955374,0.946056,0.969951,0.8787	0.836921,0.996391,0.992584,0.974543,0.896583,0.958759,0.833418,1,0.918174,0.971331,0.85716,0.937889,0.71785,1,0.995506,0.847774,0.706601,0.837051,0.967352,0.872286	-0.284922,-0.345219,-0.273733,0.33447,0.695192,-0.412874,0.302558,-0.602311,-0.0723352,0.335899,1,-0.460836,1,-0.0144839,0.765617,0.523806,0.0421104,0.0274649
0.0539984,0.0954434,-0.11757,0.0773909,0.138713,-0.0384617,0.16347,0.0910637,-0.0429871,-0.0600308,0.127932,-0.122084,-0.108193,0.0515449,-0.256189,-0.00314666,-0.0403825,-0.155662,-0.0348659,-0.0759569	-0.054165,-0.457832,-0.216393,-0.135604,-0.00684654,-0.278182,0.00504523,-0.372554,-0.656233,-0.505435,-0.31817,-0.555843,-0.614175,-0.403155,-0.461815,-0.403511,-0.389487,-0.558704,-0.338402,-0.493781	0.107848,0.530111,0.101403,0.210783,0.145421,0.242313,0.158555,0.448405,0.631048,0.459342,0.428654,0.465337,0.541998,0.445443,0.233218,0.400874,0.354683,0.441432,0.30716,0.434106
0.03421,0.0986435,-0.129506,0.0812095,0.173604,-0.0472373,0.18828,0.0917754,-0.0192566,-0.0543635,0.107641,-0.166556,-0.0690979,0.0509466,-0.255271,0.0213594,-0.155991,-0.175711,-0.0341362,-0.0818731	0.0301722,-0.453665,-0.195677,-0.141271,0.00385312,-0.31721,0.0206711,-0.371582,-0.597352,-0.498019,-0.369682,-0.593641,-0.549363,-0.403216,-0.465652,-0.40338,-0.547085,-0.615945,-0.337246,-0.481099	0.00404193,0.528651,0.0678923,0.219958,0.169864,0.274079,0.168264,0.448077,0.584822,0.456002,0.459056,0.473946,0.499215,0.445021,0.238763,0.421111,0.427585,0.493662,0.30664,0.415596
0.700417,0.991196,0.928205,0.979035,0.955599,0.912179,0.930091,0.999583,0.722541,0.958416,0.933985,0.979131,0.374106,0.999621,1,0.852723,0.920364,0.952036,0.97165,0.863425	0.826201,0.993176,0.971152,0.9671,0.932933,0.883058,0.916915,0.99993,0.884959,0.965785,0.849485,0.938043,0.585985,0.999938,0.991949,0.818426,0.756412,0.851591,0.974303,0.865789	-0.29855,-0.127204,-0.435686,0.224437,0.208923,0.149729,0.0895203,-0.714286,-0.450436,-0.0990712,0.409019,0.503946,-0.271369,-0.719275,1,0.113524,0.539625,0.53074,-0.0497645,-0.00936606
0.690061,0.990927,0.954048,0.969563,0.932285,0.906303,0.883621,0.998992,0.718076,0.958968,0.934399,0.99738,0.388929,1,0.99976,0.850708,0.933513,0.964542,0.974039,0.886895	0.792585,0.994958,0.980691,0.960967,0.944872,0.873758,0.907741,1,0.892943,0.970804,0.81822,0.924199,0.630113,0.99995,0.994079,0.83742,0.709242,0.868782,0.977333,0.880816	-0.226288,-0.286558,-0.413882,0.125887,-0.105674,0.156381,-0.12188,-1,-0.487367,-0.17146,0.493422,0.935554,-0.319478,1,0.922234,0.0462019,0.663693,0.59103,-0.0685653,0.0277789
