0.0481927,-0.126694,-0.342337,-0.0307303,-0.0884334,0.0407547,0.0878409,0.428296,0.203381,0.141159,0.0130049,-0.0408785,0.156005,0.00910881,0.121948,0.242256,0.418431,0.194286,0.232337,0.150183	-0.333193,-0.178754,-0.178059,-0.0859566,-0.13789,-0.298841,-0.328283,0.0375228,-0.332976,-0.220354,-0.204969,-0.0940115,-0.273091,-0.323154,-0.164714,0.0218622,0.0670646,-0.263545,-0.183875,-0.290574	0.375359,0.053266,-0.174942,0.0553725,0.0500666,0.33551,0.40446,0.397156,0.502338,0.350608,0.217394,0.0533381,0.411562,0.331287,0.281018,0.221568,0.361511,0.435531,0.399159,0.422328
0.246843,-0.107633,-0.375493,-0.0234837,-0.0804373,0.0495215,0.165636,0.437435,0.165319,0.140458,0.00948018,-0.00825829,0.179,0.0597828,0.120265,0.262049,0.444884,0.212577,0.250125,0.161124	-0.442416,-0.256847,-0.306214,-0.149895,-0.162756,-0.301341,-0.315175,0.043313,-0.408985,-0.171311,-0.191888,-0.0933643,-0.133195,-0.223616,-0.153724,0.0747096,0.256651,-0.205873,-0.162775,-0.260582	0.621398,0.153456,-0.0782794,0.126858,0.0834103,0.345704,0.456956,0.401733,0.537932,0.304443,0.201003,0.0851717,0.304925,0.27966,0.269015,0.191081,0.212496,0.400905,0.396746,0.404714
-0.16675,-0.013041,-0.236008,0.00618975,0.0238475,0.0371801,-0.0624838,-0.0481029,0.112677,0.0740723,-0.0762873,-0.0533731,-0.073383,-0.156698,-0.147678,-0.0834044,0.0497577,-0.0532261,-0.0434637,0.0104238	-0.463336,-0.359622,-0.365495,-0.545095,-0.568181,-0.312156,-0.667537,-0.660269,-0.360166,-0.550936,-0.515621,-0.266815,-0.603913,-0.620176,-0.756369,-0.457485,-0.679097,-0.482206,-0.536408,-0.637824	0.32142,0.348214,0.141711,0.549431,0.584114,0.345328,0.631389,0.632247,0.454403,0.600503,0.457323,0.216526,0.555132,0.513367,0.685231,0.388921,0.705031,0.44028,0.504711,0.643966
-0.155721,-0.0068342,-0.280053,-0.0140969,0.0306425,0.035379,-0.0446362,-0.0572532,0.0961328,0.0742719,-0.0686022,-0.1513,-0.112992,-0.150771,-0.149861,-0.0701869,0.0604939,-0.0462804,-0.0487795,0.0141603	-0.469963,-0.320426,-0.447786,-0.474511,-0.550448,-0.352934,-0.693551,-0.657698,-0.36328,-0.544537,-0.499519,-0.177689,-0.607089,-0.600683,-0.777742,-0.447618,-0.664686,-0.501448,-0.532561,-0.660329	0.339055,0.31428,0.191783,0.463515,0.571452,0.383524,0.669646,0.62394,0.44391,0.594755,0.446207,0.0271181,0.530487,0.494716,0.710717,0.389674,0.697148,0.465981,0.496685,0.668241
-0.143274,-0.070326,-0.268851,0.0136911,0.00891235,0.00666097,-0.0486452,0.0339416,0.0671364,0.00953987,-0.0415278,-0.0988632,-0.0313098,-0.123771,-0.0737947,-0.0822503,0.0629581,-0.0745257,-0.00874357,0.0532376	-0.322933,-0.307863,-0.307182,-0.466657,-0.530145,-0.434268,-0.593473,-0.666426,-0.478862,-0.61817,-0.511405,-0.232048,-0.604143,-0.590636,-0.732079,-0.542102,-0.62581,-0.46763,-0.516305,-0.648484	0.188375,0.242794,0.0417815,0.477299,0.536522,0.439657,0.561025,0.684876,0.528992,0.62403,0.480073,0.136312,0.583878,0.503686,0.695878,0.481313,0.662659,0.407298,0.509863,0.678304
-0.169861,-0.0446577,-0.244724,0.0231811,0.0419905,0.0440211,-0.0585485,-0.0388518,0.0753997,0.0541675,-0.0451212,-0.078984,-0.0377932,-0.153569,-0.14493,-0.0900343,0.0444376,-0.0612943,-0.0422502,0.0373971	-0.381575,-0.278276,-0.373985,-0.522339,-0.574753,-0.357153,-0.667244,-0.663283,-0.421766,-0.57683,-0.52909,-0.248711,-0.524153,-0.634068,-0.764307,-0.528567,-0.65548,-0.467326,-0.550281,-0.657528	0.226387,0.236558,0.142283,0.538994,0.602209,0.394964,0.633441,0.640949,0.481843,0.611879,0.495805,0.173128,0.496189,0.532334,0.696533,0.460445,0.680107,0.418005,0.520123,0.678247
0.10308,-0.138212,-0.234868,0.0223133,0.277468,0.0551154,0.130521,0.120835,-0.063472,0.00894151,0.0345334,-0.0667068,0.171247,0.023069,0.160807,0.197659,0.219799,0.0399754,0.0412552,0.0599422	-0.150497,-0.138256,-0.247237,-0.557852,-0.437272,-0.253985,-0.075663,-0.174644,-0.521943,-0.406848,-0.182632,-0.220107,-0.0098972,-0.392684,-0.475768,-0.207628,-0.480781,-0.289634,-0.162242,-0.594514	0.249704,4.53436e-05,0.0131313,0.573033,0.637404,0.304833,0.204167,0.289373,0.47418,0.414282,0.215805,0.155686,0.180838,0.412021,0.591334,0.38931,0.633622,0.325837,0.202144,0.631936
0.230822,-0.0756387,-0.251376,-0.000939314,0.282386,-0.017996,0.112553,0.131888,-0.0423589,-0.0060266,0.0282426,-0.0649496,0.167749,-0.0384219,0.141928,0.226741,0.0673605,0.0616758,0.0325211,0.0123103	-0.430251,-0.300877,-0.293281,-0.555081,-0.429236,-0.320055,-0.0744582,-0.239358,-0.484855,-0.419933,-0.191397,-0.233013,-0.0249087,-0.467485,-0.439109,-0.0553428,-0.590369,-0.254421,-0.169279,-0.618762	0.601352,0.230483,0.0452398,0.554431,0.634691,0.303809,0.185457,0.359885,0.451774,0.414956,0.218458,0.170646,0.191856,0.436911,0.54695,0.278588,0.632573,0.311213,0.200695,0.626302
0.557257,0.0655824,0.371612,0.37966,0.614096,0.612402,0.630743,0.949623,0.834514,0.709671,0.903914,0.712287,0.426781,0.676216,0.926235,0.829895,0.679044,0.686856,0.712262,0.854265	0.0806997,-0.0397702,0.21454,0.295018,0.566325,0.551517,0.569906,0.946336,0.703938,0.78799,0.934802,0.672001,0.634525,0.776283,0.95364,0.870751,0.881486,0.817384,0.743749,0.89479	0.498997,0.105079,0.170679,0.0953188,0.0732442,0.0919362,0.0949791,0.0324351,0.316508,-0.177681,-0.199252,0.0772736,-0.284895,-0.210638,-0.23482,-0.147299,-0.5043,-0.29762,-0.0669564,-0.171998
-0.353081,0.0969405,0.142733,-0.0455722,0.282296,-0.17481,0.046211,0.0912013,-0.17788,0.281905,-0.0493189,0.00779309,-0.194578,0.0485926,-0.121672,-0.0825671,0.209359,-0.0237325,-0.0737375,0.0464653	-0.411743,-0.202999,-0.261226,-0.521468,-0.432913,-0.160106,-0.318955,-0.361024,-0.11977,-0.172454,-0.3799,-0.151957,-0.467604,-0.254239,-0.692675,-0.307019,-0.487109,-0.096117,-0.289176,-0.362126	0.0686411,0.294151,0.389438,0.487481,0.637322,-0.0151278,0.359862,0.43781,-0.0593754,0.433294,0.336894,0.159561,0.300353,0.299136,0.623555,0.23029,0.632015,0.07255,0.220133,0.40183
-0.278481,0.209249,0.16545,-0.0507354,0.271479,-0.131943,0.0158631,0.0669391,-0.233642,0.285684,-0.0510104,0.0309194,-0.215081,-0.00944071,-0.0615503,-0.00368207,0.219122,-0.0184897,-0.086304,0.118418	-0.35938,-0.0573275,-0.30603,-0.461709,-0.411568,-0.173714,-0.372681,-0.362466,-0.181616,-0.159725,-0.369979,0.0588314,-0.461953,-0.275467,-0.694393,-0.241134,-0.464499,-0.131751,-0.291275,-0.369103	0.0898965,0.263417,0.448759,0.420832,0.614399,0.0427507,0.386261,0.419234,-0.054331,0.425971,0.325105,-0.0279628,0.274107,0.26672,0.661098,0.237663,0.620469,0.113538,0.210257,0.467105
-0.398639,0.0446454,0.159202,0.108118,0.0791593,-0.184514,0.0676859,0.212654,-0.0502401,0.0718066,0.0792965,-0.0406831,-0.102727,0.0416326,-0.116144,-0.0766953,0.0401127,-0.0300791,0.0115289,0.153007	-0.298237,-0.150422,-0.135905,-0.348178,-0.468218,-0.292815,-0.201195,-0.316622,-0.151349,-0.38627,-0.303657,-0.12186,-0.42835,-0.248512,-0.681854,-0.396702,-0.489315,-0.0597479,-0.214762,-0.316173	-0.11395,0.193767,0.288857,0.439742,0.527815,0.114487,0.265269,0.495888,0.101883,0.445714,0.373949,0.0815811,0.340611,0.287173,0.614363,0.330048,0.519237,0.0297222,0.225731,0.44753
-0.424043,-0.00595317,0.165715,0.0724648,0.281523,-0.193835,0.0290369,0.153728,-0.132071,0.177501,0.0720118,0.0276338,-0.139586,-0.00749347,-0.176704,-0.103466,0.0648347,0.0365775,-0.0537556,0.136411	-0.374761,-0.181322,-0.24849,-0.438522,-0.451225,-0.232625,-0.329088,-0.328934,-0.148932,-0.266955,-0.345557,-0.0963843,-0.351895,-0.328536,-0.721587,-0.398202,-0.510612,-0.0198719,-0.294102,-0.340432	-0.0585939,0.175558,0.397823,0.495249,0.650158,0.040621,0.354735,0.45943,0.0171994,0.424348,0.407431,0.123689,0.223277,0.321835,0.624513,0.307401,0.557007,0.0564084,0.244208,0.455681
-0.0241264,0.00541806,0.106759,0.110966,-0.304334,-0.0676859,-0.00533505,0.258174,0.188939,0.148539,0.187691,0.661448,-0.309667,0.0784556,0.31154,0.509832,0.393387,0.162202,-0.0768267,0.296924	0.170592,0.0646558,-0.15868,-0.45546,-0.6798,0.00765051,0.274532,0.344466,0.104804,0.00029187,0.194835,0.513297,-0.109513,-0.010476,-0.23952,0.282946,-0.183006,0.294205,0.146807,-0.11041	-0.19392,-0.0592585,0.261017,0.539176,0.473408,-0.0752975,-0.279457,-0.0947161,0.0858342,0.148253,-0.00741486,0.224308,-0.207181,0.0888586,0.512795,0.265132,0.537684,-0.138618,-0.22114,0.394404
0.324346,-0.0266615,0.138362,0.0906571,-0.312727,-0.113491,-0.0379205,0.271554,0.189057,0.163203,0.196619,0.699306,-0.268812,-0.0207847,0.403822,0.498439,0.0918206,0.195393,-0.124834,0.305153	-0.139785,-0.190866,-0.169237,-0.456817,-0.680627,-0.0689712,0.258092,0.266857,0.138113,0.0064492,0.195956,0.525575,-0.0748576,-0.152336,-0.112859,0.43195,-0.419639,0.361819,0.109529,-0.128476	0.444001,0.165044,0.300561,0.525703,0.467382,-0.0448711,-0.293143,0.00506417,0.052309,0.156919,0.000689001,0.27469,-0.197937,0.131969,0.49416,0.0847324,0.492484,-0.179087,-0.231201,0.41727
-0.194879,0.215172,0.202225,-0.191753,0.238739,-0.194042,0.0545146,0.0654952,-0.287124,0.32684,-0.0763607,-0.139936,-0.114254,0.0575557,-0.11366,-0.0591181,0.377316,0.000812328,-0.117372,0.0591171	0.0624127,-0.0514547,-0.117364,-0.549897,-0.460092,-0.138109,-0.274408,-0.37204,-0.15726,-0.163765,-0.417057,-0.261565,-0.473618,-0.313504,-0.694757,-0.316069,-0.485411,-0.14851,-0.345707,-0.381514	-0.2542,0.263707,0.31218,0.40036,0.629667,-0.0574738,0.324074,0.427127,-0.136006,0.465679,0.351903,0.12625,0.379922,0.364483,0.630919,0.261844,0.729176,0.149304,0.237991,0.430913
-0.178572,0.232022,0.251325,-0.192232,0.214815,-0.164928,0.0335916,0.0429667,-0.339227,0.329684,-0.0852608,-0.118341,-0.103153,0.0166145,-0.0466129,0.0295328,0.352256,0.00831479,-0.146141,0.123468	0.0527531,0.0217161,-0.150932,-0.489384,-0.441244,-0.160589,-0.324788,-0.372941,-0.224143,-0.151837,-0.413477,-0.0633758,-0.441712,-0.32079,-0.694514,-0.240033,-0.479222,-0.181428,-0.360686,-0.393263	-0.229166,0.211371,0.387556,0.328009,0.599258,-0.00445753,0.354512,0.409348,-0.124555,0.458567,0.34021,-0.0553808,0.354721,0.335616,0.669578,0.267668,0.711389,0.189457,0.226483,0.492803
-0.394024,0.058301,0.164807,0.0766481,0.0353454,-0.211399,0.0866909,0.181521,-0.125818,0.0830842,0.0701331,-0.267228,-0.0928577,0.0609097,-0.11587,-0.0695438,0.1451,-0.0265009,0.0137523,0.200798	0.0389194,-0.0625976,-0.0151357,-0.29906,-0.485888,-0.270761,-0.137562,-0.326587,-0.14314,-0.401785,-0.32959,-0.309077,-0.49027,-0.290234,-0.687114,-0.413181,-0.507524,-0.135021,-0.241363,-0.30378	-0.426405,0.120459,0.179495,0.367289,0.512433,0.0629666,0.22161,0.479672,0.0176395,0.469206,0.390692,0.0456173,0.416367,0.345044,0.620659,0.353803,0.60786,0.10891,0.254272,0.475569
-0.360031,0.0755035,0.196349,-0.00954218,0.243404,-0.229483,0.0377771,0.127161,-0.204184,0.203013,0.0582791,-0.0903978,-0.0137456,0.0129706,-0.172151,-0.0864423,0.214894,0.0267019,-0.108553,0.18386	0.0144305,-0.0292045,-0.121766,-0.424164,-0.470401,-0.22414,-0.281919,-0.337038,-0.144114,-0.275086,-0.375878,-0.179377,-0.32998,-0.369904,-0.724565,-0.413043,-0.515394,-0.11098,-0.359112,-0.336816	-0.372526,0.104478,0.310687,0.416306,0.640473,-0.00563312,0.316327,0.445122,-0.0618911,0.452811,0.42485,0.0904456,0.317675,0.381047,0.63114,0.338694,0.65747,0.137275,0.260723,0.490312
-0.213919,-0.175002,0.0648403,0.0661884,-0.354613,-0.230531,0.0117579,0.280106,0.235242,0.176567,0.222703,0.805464,-0.359551,0.141502,0.315545,0.545424,0.507494,-0.0245893,-0.105281,0.364902	0.382399,-0.00815463,-0.0789859,-0.424804,-0.695489,-0.134451,0.3542,0.370112,0.251924,-0.0126442,0.206362,0.69827,-0.27829,-0.0204547,-0.248832,0.289663,-0.177191,0.00865568,0.0900945,-0.0811671	-0.551226,-0.167086,0.143093,0.477564,0.452468,-0.0991528,-0.343874,-0.100417,-0.0177329,0.18879,0.0171283,0.244976,-0.0902956,0.161489,0.523289,0.303751,0.628196,-0.0332379,-0.19354,0.433237
0.514046,0.236626,0.179248,0.0268298,-0.365755,-0.290884,-0.019185,0.287724,0.233633,0.192651,0.24103,0.854689,-0.375439,-0.0541079,0.414552,0.598658,0.207209,0.0460562,-0.0702553,0.375357	0.48173,0.142887,-0.0244076,-0.437407,-0.697579,-0.224188,0.343882,0.286582,0.286779,-0.0057902,0.216423,0.722491,-0.306234,-0.232651,-0.120216,0.491448,-0.404875,0.109088,0.149843,-0.0986126	0.0429526,0.0970184,0.202768,0.458852,0.445487,-0.0713482,-0.360688,0.00124449,-0.0569624,0.19822,0.025961,0.34562,-0.0781954,0.180819,0.509383,0.151901,0.564709,-0.0633505,-0.217805,0.457052
0.614455,0.13369,0.549529,0.493253,0.675509,0.806257,0.871799,0.830106,0.843097,0.973292,0.714431,0.277579,0.812151,0.845035,0.966051,0.830234,0.796453,0.868531,0.938498,0.907142	0.575462,0.209969,0.459312,0.678314,0.735945,0.732768,0.826859,0.874295,0.843411,0.988458,0.739734,0.51215,0.849117,0.869346,0.889039,0.831769,0.860813,0.807864,0.950439,0.825167	0.0603217,-0.0784819,0.120676,-0.278111,-0.120184,0.17959,0.160993,-0.161132,-0.00108701,-0.399728,-0.0536638,-0.273444,-0.119097,-0.0916132,0.545629,-0.00495899,-0.204703,0.203346,-0.110554,0.325999
0.178976,-0.0416657,0.187749,0.324434,0.416702,0.285418,0.125514,0.340508,0.361977,0.443439,0.377995,0.141053,0.386573,0.467844,0.558629,0.578679,0.164397,0.414848,0.437279,0.382906	0.459256,0.0744657,0.333652,0.410603,0.595129,0.121194,0.318282,0.355943,0.171393,0.374631,0.376768,0.242032,0.376991,0.464013,0.554704,0.434256,0.379137,0.472919,0.452515,0.348324	-0.305382,-0.115772,-0.155654,-0.099412,-0.237267,0.170108,-0.20079,-0.0175629,0.20319,0.082517,0.00143168,-0.104548,0.0112161,0.00489296,0.00568862,0.192898,-0.229014,-0.0722439,-0.0189945,0.0399037
0.353437,0.0314934,0.407047,0.557569,0.703284,0.701086,0.623653,0.670128,0.534052,0.678275,0.590199,0.501471,0.590327,0.830418,0.927992,0.762559,0.322263,0.34401,0.496725,0.620806	0.568215,0.175799,0.411025,0.517836,0.710735,0.625989,0.66816,0.68784,0.441202,0.691161,0.520543,0.555914,0.724926,0.771072,0.896702,0.640351,0.471546,0.368423,0.456261,0.559373	-0.268751,-0.145109,-0.00477761,0.0558626,-0.014899,0.133832,-0.0763014,-0.0328583,0.121472,-0.0242588,0.100546,-0.0754871,-0.235289,0.164993,0.1864,0.238829,-0.176034,-0.0279559,0.0523224,0.0941169
-0.494753,-0.293276,-0.170163,0.586671,0.370103,-0.0575675,-0.47801,-0.440387,-0.255876,-0.182014,-0.336616,-0.217615,-0.455699,-0.262065,-0.564098,-0.245212,-0.424325,-0.243542,-0.271178,-0.0794097	-0.362172,0.0926054,0.0193357,0.389454,0.421086,0.00863833,0.0903024,0.0949771,-0.358502,0.14492,-0.00680204,-0.162209,0.0432152,-0.0527679,-0.339858,-0.154809,-0.258953,-0.0738762,0.160072,-0.0274719	-0.161523,-0.375678,-0.188878,0.255622,-0.0603944,-0.066173,-0.544796,-0.513871,0.112991,-0.318532,-0.33057,-0.0574338,-0.489279,-0.212232,-0.277427,-0.0939702,-0.185787,-0.172775,-0.41331,-0.0520514
0.128484,0.021306,-0.0761386,0.586452,0.364039,0.0591263,-0.477275,-0.392758,-0.329944,-0.208904,-0.315978,-0.226126,-0.394333,-0.24401,-0.628435,-0.369923,-0.49556,-0.1912,-0.297442,-0.104937	-0.150014,0.226592,0.0701933,0.434286,0.422433,0.099618,0.0980474,0.073445,-0.401476,0.109047,0.011369,-0.186836,0.116339,-0.0952272,-0.384397,-0.1924,-0.420164,0.00747548,0.134747,-0.0748943	0.273232,-0.206282,-0.145554,0.204164,-0.0690055,-0.0407316,-0.549604,-0.453132,0.0824533,-0.310869,-0.326175,-0.0410236,-0.488272,-0.152322,-0.321767,-0.191126,-0.0952237,-0.198392,-0.415535,-0.0302806
0.158781,-0.00801623,0.119622,0.292109,0.349066,0.207782,0.0681122,0.386861,0.335108,0.452325,0.356846,0.296969,0.383646,0.486814,0.475429,0.564743,0.182251,0.355222,0.451716,0.341129	0.469164,0.0472485,0.352857,0.227044,0.469552,0.118019,0.295398,0.353712,0.151053,0.36701,0.330338,0.168886,0.333858,0.459222,0.54297,0.418478,0.336769,0.465289,0.455202,0.39255	-0.335366,-0.0552438,-0.243513,0.0696876,-0.144105,0.092019,-0.231953,0.0384033,0.193868,0.102297,0.0300496,0.134845,0.0571022,0.0355364,-0.0910436,0.191529,-0.164621,-0.131861,-0.00438804,-0.0593721
0.299116,0.01319,0.318573,0.545324,0.622864,0.611019,0.573534,0.692573,0.55268,0.693003,0.598954,0.575139,0.635487,0.763246,0.842933,0.709693,0.328221,0.33693,0.51289,0.593958	0.549844,0.0939029,0.417237,0.339849,0.571377,0.612807,0.664713,0.665233,0.460141,0.689574,0.505749,0.39921,0.728185,0.680646,0.886774,0.584684,0.409289,0.412311,0.461657,0.622433	-0.300083,-0.080813,-0.113789,0.252218,0.0799355,-0.00285836,-0.147356,0.0506986,0.124098,0.0065676,0.133708,0.228361,-0.172542,0.171904,-0.173622,0.213671,-0.0936478,-0.0875423,0.0671275,-0.0451765
-0.48253,-0.186216,-0.205684,0.509133,0.260066,-0.085181,-0.508522,-0.43414,-0.253465,-0.169445,-0.281239,-0.13113,-0.413661,-0.233014,-0.594569,-0.243376,-0.386426,-0.295326,-0.251947,-0.100288	-0.332096,0.171983,0.0646117,0.172014,0.256939,0.0445225,0.0984543,0.0943616,-0.350151,0.147499,0.0473413,-0.254379,0.084846,-0.0385282,-0.346666,-0.155867,-0.253455,-0.0986274,0.174054,0.0304792	-0.179141,-0.347084,-0.266751,0.369476,0.00335074,-0.129213,-0.578036,-0.507703,0.106103,-0.309216,-0.324263,0.127501,-0.481604,-0.196247,-0.312267,-0.0909597,-0.147409,-0.2026,-0.408105,-0.130368
0.109744,0.0956785,-0.110555,0.530154,0.255118,0.0307988,-0.507233,-0.379198,-0.32747,-0.195968,-0.256576,-0.162268,-0.379626,-0.208707,-0.6565,-0.325679,-0.462806,-0.238398,-0.278108,-0.115952	-0.139307,0.233215,0.121116,0.227589,0.259257,0.14273,0.10699,0.0793256,-0.394635,0.112412,0.0664594,-0.29651,0.119638,-0.0736324,-0.39334,-0.140516,-0.419011,-0.0121853,0.14919,-0.00891691	0.245301,-0.140676,-0.228609,0.344081,-0.00443195,-0.112425,-0.582605,-0.445134,0.0771331,-0.301734,-0.317619,0.141028,-0.477573,-0.137183,-0.354772,-0.194044,-0.0543315,-0.226872,-0.410275,-0.107145
0.289906,-0.0370311,0.288919,0.390568,0.536469,0.133823,0.285288,0.392496,0.1715,0.310254,0.38025,0.1908,0.255086,0.447968,0.522655,0.438729,0.309934,0.321214,0.28398,0.291208	0.214183,-0.0177534,0.145254,0.276958,0.363264,0.229667,0.124675,0.396141,0.269816,0.391675,0.312788,0.142932,0.399752,0.394929,0.496232,0.465546,0.222884,0.29211,0.230032,0.267351	0.0807353,-0.0192904,0.149959,0.12739,0.215129,-0.0988834,0.166536,-0.00431595,-0.103086,-0.0926843,0.0765687,0.0492103,-0.161093,0.0644397,0.035676,-0.0336994,0.09351,0.0321183,0.057719,0.0258709
-0.400215,-0.267732,-0.114911,0.496546,0.386998,-0.217674,-0.361372,-0.441879,-0.18354,-0.206684,-0.320888,-0.258647,-0.510337,-0.240308,-0.505086,-0.336897,-0.323081,-0.153322,-0.383598,-0.0861076	-0.394568,-0.0135355,-0.0747145,0.246506,0.266345,-0.0217005,0.1135,0.158569,-0.155227,0.187732,0.0303786,-0.28107,0.00795275,-0.0351497,-0.252381,-0.13577,-0.289309,-0.0176769,0.00461362,-0.00124631	-0.00670611,-0.255121,-0.0405446,0.284914,0.134519,-0.196904,-0.456163,-0.56113,-0.0291438,-0.379683,-0.347876,0.0241813,-0.516195,-0.206906,-0.289624,-0.210767,-0.0372544,-0.136013,-0.387526,-0.0848704
0.0582315,-0.047869,-0.0429136,0.478494,0.383423,-0.0931335,-0.375821,-0.39535,-0.188152,-0.232565,-0.323167,-0.276976,-0.526716,-0.248679,-0.549781,-0.383798,-0.341881,-0.115021,-0.421861,-0.0968739	-0.382436,0.00166563,-0.0478474,0.267371,0.27043,0.0960595,0.110882,0.141927,-0.136121,0.151681,0.0193372,-0.312909,-0.0576907,-0.0968251,-0.259825,-0.0855669,-0.386449,0.0497489,-0.03773,-0.0349236	0.431068,-0.0495307,0.00494392,0.242095,0.126064,-0.187515,-0.467232,-0.508732,-0.053398,-0.371153,-0.340377,0.0393428,-0.483724,-0.155601,-0.338277,-0.308357,0.0513523,-0.163833,-0.390344,-0.0621607
-0.459728,-0.251087,-0.188178,0.535761,0.376419,-0.114244,-0.496513,-0.466356,-0.175097,-0.135578,-0.333192,-0.195924,-0.502256,-0.313688,-0.576758,-0.324421,-0.408907,-0.121862,-0.3816,-0.105082	-0.417046,-0.00258014,-0.000814795,0.385867,0.422234,0.0126934,0.0439692,0.0693777,-0.22035,0.219738,0.0471414,-0.18138,-0.158561,-0.0721662,-0.338827,-0.146927,-0.33336,0.0417267,0.0338555,-0.00172671	-0.0528064,-0.248668,-0.187392,0.188958,-0.0544719,-0.126754,-0.528935,-0.518943,0.0470691,-0.345037,-0.374451,-0.0150801,-0.373435,-0.247115,-0.295721,-0.186378,-0.087471,-0.162761,-0.410156,-0.103374
0.0515941,0.026996,-0.112512,0.529261,0.372061,-0.0305184,-0.486449,-0.415206,-0.219716,-0.175182,-0.315229,-0.211223,-0.451206,-0.28979,-0.641591,-0.421239,-0.400864,-0.0881854,-0.422487,-0.123243	-0.338002,0.0577968,0.0266837,0.422468,0.425608,0.074541,0.0755326,0.0616982,-0.239457,0.163529,0.0592242,-0.212343,-0.100724,-0.101757,-0.385036,-0.156676,-0.397577,0.106553,-0.0147906,-0.0432487	0.382919,-0.030849,-0.138779,0.137548,-0.063621,-0.104821,-0.542065,-0.464993,0.0208372,-0.329278,-0.36759,0.00117295,-0.367169,-0.193746,-0.340726,-0.283258,-0.00390927,-0.192926,-0.41026,-0.0804231
0.586775,0.0907653,0.558775,0.603597,0.951667,0.795782,0.87597,0.958706,0.825949,0.90539,0.943958,0.944833,0.807001,0.577872,0.733452,0.65259,0.755403,0.810309,0.838283,0.882097	-0.0305303,-0.17345,0.504088,0.644525,0.960355,0.759863,0.899997,0.832241,0.862892,0.899137,0.936928,0.91997,0.79038,0.495453,0.872937,0.809261,0.612067,0.849012,0.848497,0.853281	0.606442,0.26012,0.0761307,-0.0669899,-0.100947,0.0908615,-0.113533,0.625674,-0.128588,0.0336325,0.060826,0.190107,0.0458954,0.115482,-0.387737,-0.332011,0.266601,-0.124031,-0.0353758,0.116513
0.393604,0.145548,0.60133,0.386761,0.644,0.581931,0.572812,0.925107,0.824964,0.670534,0.899854,0.686535,0.312391,0.64901,0.91498,0.766364,0.487019,0.628683,0.632229,0.815713	0.0621427,0.0711939,0.436808,0.30939,0.61,0.533812,0.574471,0.934511,0.641491,0.759862,0.92603,0.686387,0.578288,0.804975,0.943003,0.847535,0.86642,0.794382,0.68474,0.875571	0.339772,0.0751329,0.22313,0.0878882,0.0559988,0.0698032,-0.00247366,-0.0694072,0.389711,-0.182122,-0.157017,0.000279397,-0.324523,-0.326586,-0.204289,-0.2316,-0.656361,-0.331011,-0.0925979,-0.209453
-0.239647,0.102947,0.329142,-0.0495829,0.234901,-0.195513,0.0837041,0.147465,-0.293122,0.259796,0.0216225,0.0538539,-0.158605,0.161102,0.0132934,-0.0224296,0.219833,0.0154518,-0.0487466,0.0417429	-0.424517,-0.115886,0.0471955,-0.505967,-0.394019,-0.186247,-0.348957,-0.534986,-0.293272,-0.245653,-0.370006,-0.118743,-0.529691,-0.248826,-0.697588,-0.424749,-0.622969,-0.231639,-0.41999,-0.434313	0.205807,0.216253,0.286395,0.468128,0.575641,-0.00961623,0.420382,0.632548,0.000164138,0.475127,0.38852,0.1715,0.405121,0.394129,0.70435,0.406189,0.741284,0.24621,0.379002,0.467579
-0.168954,0.206468,0.384651,-0.0345291,0.221848,-0.153512,0.0412886,0.123586,-0.342426,0.263334,0.0143003,0.171778,-0.151882,0.0980582,0.0778609,0.0550302,0.222912,0.016615,-0.0589092,0.115639	-0.376387,0.038699,-0.0104298,-0.427072,-0.373955,-0.198286,-0.406758,-0.537518,-0.349214,-0.233128,-0.362454,0.0921065,-0.522978,-0.270407,-0.699755,-0.365559,-0.610607,-0.264688,-0.422516,-0.438057	0.22152,0.169121,0.393502,0.398418,0.550161,0.0461791,0.440646,0.619923,0.00771029,0.467746,0.374812,0.0809529,0.403116,0.358948,0.737438,0.412295,0.733659,0.280071,0.372888,0.527
-0.310387,0.0982302,0.365548,0.0936559,0.0662569,-0.193917,0.102227,0.233645,-0.10988,0.0721741,0.118797,0.0458883,-0.0893244,0.135935,-0.0554865,-0.0187351,-0.00969256,0.0254903,0.0207858,0.125598	-0.314563,-0.0510902,0.176136,-0.332318,-0.429019,-0.32183,-0.24268,-0.516041,-0.290905,-0.452319,-0.306363,-0.0810075,-0.502018,-0.251813,-0.699996,-0.502935,-0.657712,-0.197793,-0.35948,-0.394611	0.00462786,0.148575,0.202447,0.413116,0.481586,0.136427,0.336557,0.669022,0.187003,0.507912,0.41023,0.126426,0.432068,0.374914,0.670554,0.488806,0.652177,0.222163,0.377445,0.495644
-0.317002,0.0304591,0.348218,0.0506868,0.218407,-0.222286,0.0638828,0.218703,-0.212202,0.156517,0.115627,0.0972397,-0.124764,0.103371,-0.0503198,-0.0417674,0.0414372,0.0945296,-0.0273528,0.118669	-0.383327,-0.0794072,0.0623599,-0.424233,-0.415294,-0.260449,-0.359866,-0.515425,-0.301098,-0.342984,-0.345575,-0.060229,-0.430432,-0.32414,-0.724707,-0.501453,-0.66376,-0.156175,-0.420221,-0.414684	0.0754994,0.109601,0.292203,0.464923,0.581002,0.0405082,0.414226,0.659757,0.0949634,0.474052,0.443481,0.156552,0.323014,0.413651,0.699911,0.469519,0.68632,0.247057,0.397436,0.508337
-0.100863,0.111872,0.293433,0.0919907,-0.541916,-0.110235,-0.0856139,0.219332,0.262073,0.156634,0.150036,0.677748,-0.427322,0.0649955,0.196963,0.437772,0.316471,0.15435,-0.122139,0.272411	0.133654,0.173579,0.183264,-0.450631,-0.740733,-0.0265424,0.242495,-0.000379518,-0.018801,-0.0839106,0.177452,0.513004,-0.233783,-0.0164639,-0.32855,0.123217,-0.395343,0.151351,-0.0592024,-0.189732	-0.231397,-0.0629299,0.11643,0.521023,0.332144,-0.083938,-0.321435,0.219693,0.279497,0.237424,-0.0281658,0.252553,-0.215019,0.0813723,0.493573,0.332489,0.63266,0.00307086,-0.063395,0.439431
0.110762,0.0357402,0.334298,0.0905994,-0.552102,-0.10469,-0.111874,0.226925,0.248926,0.182287,0.162593,0.712729,-0.391082,0.00296872,0.31842,0.405317,0.0572711,0.178405,-0.170327,0.303115	-0.184498,-0.0781087,0.156242,-0.445718,-0.742542,-0.0997682,0.220268,-0.0571247,0.0122444,-0.0774299,0.176812,0.525574,-0.199357,-0.155503,-0.195497,0.303038,-0.583082,0.229183,-0.109213,-0.200402	0.289347,0.113532,0.187869,0.515501,0.322756,-0.00497352,-0.324154,0.280415,0.237405,0.256103,-0.0146401,0.299253,-0.207937,0.158399,0.483801,0.1166,0.61966,-0.0529423,-0.0622722,0.474682
-0.0851773,0.215512,0.350298,-0.19157,0.187358,-0.214431,0.0912919,0.116473,-0.401014,0.313413,-0.00224969,-0.0950595,-0.0683665,0.192226,0.0239764,0.00846905,0.453921,0.0489221,-0.0976656,0.0553504	-0.10244,0.0269046,0.201037,-0.536411,-0.416323,-0.174043,-0.330621,-0.548475,-0.3087,-0.236463,-0.40049,-0.252646,-0.548689,-0.336242,-0.698667,-0.447222,-0.631531,-0.290042,-0.478908,-0.459088	0.0174143,0.189708,0.160568,0.384335,0.56,-0.0419536,0.409552,0.625021,-0.105357,0.511936,0.398599,0.161464,0.499042,0.496385,0.710737,0.453972,0.843616,0.334222,0.399949,0.501691
-0.0739762,0.227677,0.413988,-0.168442,0.163047,-0.183797,0.059028,0.0948497,-0.445773,0.315737,-0.0166337,0.0221131,-0.0231826,0.144318,0.0960912,0.0967815,0.414251,0.052415,-0.12658,0.121801	-0.108892,0.110162,0.145042,-0.45675,-0.399278,-0.192462,-0.382628,-0.550437,-0.371132,-0.224621,-0.399268,-0.0524162,-0.514504,-0.344186,-0.699174,-0.378486,-0.636097,-0.320058,-0.49322,-0.467459	0.0351998,0.120538,0.286127,0.312338,0.527955,0.00898278,0.431901,0.613269,-0.0894377,0.504573,0.385193,0.074443,0.497252,0.465387,0.745199,0.458473,0.831298,0.366328,0.391054,0.557516
-0.350625,0.11604,0.343309,0.0647451,0.0244967,-0.221493,0.123558,0.197853,-0.187894,0.0853772,0.109715,-0.189579,-0.0807722,0.170632,-0.0538947,-0.00800885,0.131795,0.037187,0.024137,0.180811	-0.150123,0.0196183,0.299861,-0.286175,-0.444562,-0.306434,-0.214345,-0.528675,-0.259305,-0.468646,-0.32797,-0.294752,-0.579296,-0.322014,-0.703664,-0.528528,-0.685544,-0.281456,-0.394034,-0.390859	-0.211641,0.0966415,0.0484342,0.344537,0.464005,0.0911261,0.329185,0.65773,0.0750678,0.532708,0.422482,0.111398,0.522995,0.466987,0.675383,0.522732,0.749611,0.315343,0.414231,0.533936
-0.290423,0.109702,0.346109,-0.0262089,0.175672,-0.257242,0.0716146,0.185706,-0.283863,0.186229,0.102363,-0.0208493,0.0179447,0.141083,-0.0433113,-0.0176077,0.253288,0.0916521,-0.0891709,0.171298	-0.160754,0.0563351,0.199396,-0.412141,-0.429492,-0.261143,-0.34051,-0.525219,-0.272749,-0.351056,-0.370708,-0.170048,-0.426664,-0.392691,-0.726714,-0.527142,-0.680355,-0.25598,-0.487544,-0.41877	-0.136019,0.0536992,0.157589,0.390147,0.562708,0.00418232,0.402314,0.647746,-0.0120465,0.504314,0.455776,0.149729,0.44123,0.505754,0.705611,0.514308,0.796402,0.339663,0.416479,0.550573
-0.295972,-0.0507042,0.246649,0.049135,-0.575385,-0.276486,-0.0683076,0.247227,0.305194,0.187246,0.18139,0.842899,-0.472899,0.132695,0.199605,0.491355,0.513915,-0.0659914,-0.153954,0.350131	0.171581,0.0956203,0.285708,-0.420972,-0.75271,-0.183559,0.274634,0.0195548,0.143997,-0.0940813,0.190458,0.675043,-0.402691,-0.0590824,-0.338141,0.120316,-0.405867,-0.160799,-0.123623,-0.167917	-0.444957,-0.145618,-0.0420204,0.46058,0.312797,-0.0978957,-0.336627,0.228779,0.168607,0.276457,-0.00939246,0.38945,-0.0867229,0.190286,0.503746,0.394352,0.761043,0.0958249,-0.0309201,0.489282
0.373087,0.28784,0.345157,0.0272809,-0.586983,-0.289453,-0.0947349,0.247952,0.290946,0.213363,0.202934,0.889179,-0.496675,-0.0310968,0.329888,0.531258,0.229194,-0.00160619,-0.106396,0.381913	0.346601,0.233829,0.309619,-0.427763,-0.755544,-0.259046,0.255413,-0.0428745,0.180833,-0.0865825,0.19867,0.698675,-0.43729,-0.262481,-0.203292,0.351876,-0.589352,-0.0585174,-0.0747592,-0.179014	0.0304197,0.0579089,0.0397899,0.449795,0.302889,-0.0328714,-0.341875,0.287768,0.116229,0.294505,0.00444377,0.502978,-0.0758605,0.233288,0.49967,0.220625,0.721138,0.0569166,-0.0318908,0.525032
0.641087,0.137594,0.645474,0.497887,0.679098,0.796682,0.873619,0.832962,0.85191,0.973421,0.723307,0.379705,0.833742,0.862767,0.969885,0.833948,0.790134,0.856787,0.940116,0.904656	0.618986,0.219424,0.527742,0.664463,0.745878,0.721407,0.842971,0.871937,0.840859,0.989239,0.752993,0.506895,0.846872,0.885947,0.899758,0.844127,0.859872,0.805528,0.947528,0.82445	0.036642,-0.0843777,0.178556,-0.248927,-0.135325,0.177006,0.11628,-0.142396,0.0389557,-0.426884,-0.065193,-0.157504,-0.044673,-0.0983713,0.550718,-0.0343846,-0.217531,0.165441,-0.0678685,0.315576
0.246371,0.00855484,0.354337,0.316344,0.424644,0.287941,0.14426,0.325641,0.353586,0.450872,0.388384,0.210303,0.392767,0.515217,0.561716,0.593364,0.144526,0.454958,0.441588,0.361533	0.532005,0.0823518,0.455144,0.408251,0.598074,0.0990085,0.344717,0.388592,0.119467,0.342035,0.416261,0.270282,0.410912,0.52543,0.594575,0.456439,0.36177,0.493502,0.483074,0.349315	-0.328719,-0.073849,-0.12019,-0.105537,-0.23247,0.194477,-0.210948,-0.0720715,0.244445,0.128681,-0.033253,-0.0635928,-0.0216369,-0.0140035,-0.0493372,0.187783,-0.22923,-0.0497034,-0.0527354,0.0139846
0.417615,0.0625488,0.50569,0.541662,0.699085,0.683508,0.634954,0.67372,0.534562,0.679935,0.600505,0.541363,0.594836,0.857041,0.932401,0.777899,0.30938,0.376971,0.515075,0.606129	0.611471,0.183188,0.508233,0.515246,0.717119,0.612648,0.683213,0.697474,0.409048,0.678121,0.556063,0.569693,0.748633,0.799589,0.905496,0.656636,0.45433,0.392743,0.475268,0.55967	-0.260335,-0.122038,-0.00342152,0.0366429,-0.0361638,0.12191,-0.085234,-0.04481,0.16064,0.00336611,0.0667212,-0.0409624,-0.277269,0.182551,0.172779,0.247879,-0.168656,-0.0185124,0.0527105,0.0703099
-0.523355,-0.200193,0.0568542,0.572314,0.249539,-0.101214,-0.518331,-0.475008,-0.23938,-0.197328,-0.354209,-0.159802,-0.519101,-0.263069,-0.593845,-0.338024,-0.501211,-0.262283,-0.28768,-0.108796	-0.252027,0.099121,0.238192,0.38837,0.463726,-0.0220475,0.148636,0.135617,-0.427765,0.0999354,0.0629441,-0.114236,0.117908,0.049856,-0.286229,-0.103818,-0.294968,-0.0333754,0.199128,-0.0331749	-0.312555,-0.29349,-0.183827,0.236514,-0.242215,-0.0793436,-0.619258,-0.57367,0.209876,-0.291514,-0.408056,-0.0464136,-0.600269,-0.308874,-0.370611,-0.242724,-0.242024,-0.230929,-0.460432,-0.0758949
-0.0384085,0.0746344,0.148494,0.586652,0.23979,0.0775214,-0.509484,-0.432622,-0.338936,-0.216619,-0.328168,-0.169693,-0.456457,-0.218196,-0.649118,-0.47193,-0.503269,-0.223688,-0.308874,-0.110724	-0.0369747,0.227841,0.262701,0.430387,0.46556,0.0708067,0.153906,0.109855,-0.4755,0.060772,0.0797762,-0.139372,0.190538,-0.00281405,-0.328765,-0.140887,-0.424935,0.0489708,0.173703,-0.0799459	-0.00143584,-0.155857,-0.118843,0.209047,-0.254142,0.00675176,-0.615154,-0.517865,0.162803,-0.273787,-0.397537,-0.0310557,-0.595227,-0.215514,-0.407267,-0.35462,-0.0996427,-0.269704,-0.458004,-0.0310527
0.229023,0.0478106,0.27645,0.278074,0.355962,0.2078,0.0886546,0.372405,0.322605,0.460314,0.367651,0.347153,0.386606,0.530362,0.48302,0.585014,0.162112,0.395214,0.45528,0.318725	0.532077,0.0512957,0.495261,0.233295,0.465186,0.0967466,0.314386,0.391981,0.106859,0.334519,0.363783,0.28077,0.390061,0.516214,0.583529,0.437356,0.315478,0.479986,0.489027,0.390873	-0.345108,-0.00349359,-0.253522,0.0478854,-0.1309,0.113332,-0.232203,-0.0229227,0.223449,0.148691,0.00446531,0.0735525,-0.00406816,0.0194807,-0.139956,0.198428,-0.161633,-0.104617,-0.0434114,-0.0824151
0.373191,0.048436,0.413682,0.519635,0.619035,0.590271,0.590964,0.696715,0.551059,0.69526,0.607488,0.580324,0.628487,0.796515,0.855323,0.73122,0.31482,0.371392,0.529094,0.579172	0.58911,0.0978084,0.539265,0.345445,0.572507,0.597581,0.671863,0.680312,0.436952,0.676386,0.534021,0.485002,0.763737,0.715887,0.897136,0.598283,0.386968,0.432783,0.482607,0.620497	-0.276766,-0.0496074,-0.161643,0.212299,0.0720699,-0.0112938,-0.134171,0.031183,0.150297,0.0356301,0.108745,0.13266,-0.260096,0.1876,-0.179721,0.236324,-0.0821565,-0.073148,0.0624275,-0.0645071
-0.515593,-0.0837076,0.0102934,0.490787,0.128752,-0.125346,-0.546326,-0.467925,-0.234063,-0.184176,-0.301126,-0.0603241,-0.478703,-0.235866,-0.624166,-0.336418,-0.472993,-0.309125,-0.269597,-0.127901	-0.230747,0.168409,0.306543,0.179621,0.278015,0.0166346,0.139678,0.142201,-0.404911,0.102224,0.113551,-0.121497,0.206729,0.0645318,-0.296305,-0.115521,-0.296019,-0.0635956,0.219318,0.0222889	-0.32331,-0.248612,-0.297187,0.341249,-0.154804,-0.141685,-0.637366,-0.572061,0.188735,-0.281107,-0.400967,0.0616242,-0.623709,-0.295894,-0.402255,-0.22983,-0.205786,-0.250453,-0.46162,-0.149763
-0.05294,0.156441,0.098833,0.524913,0.120246,0.0462619,-0.536909,-0.41963,-0.329743,-0.203034,-0.271468,-0.0905428,-0.443406,-0.184867,-0.677601,-0.433331,-0.478091,-0.2654,-0.290495,-0.120568	-0.0337117,0.229612,0.331625,0.233193,0.281026,0.116139,0.145723,0.122607,-0.452776,0.0638353,0.130279,-0.16539,0.238513,0.0198796,-0.341487,-0.0947093,-0.431805,0.0223987,0.194037,-0.0166325	-0.0192627,-0.0758975,-0.240681,0.332409,-0.166403,-0.0702542,-0.633098,-0.515704,0.144625,-0.263455,-0.388023,0.0759847,-0.616699,-0.203997,-0.437302,-0.353114,-0.0583268,-0.286098,-0.458678,-0.104144
0.381038,-0.00341289,0.419295,0.376762,0.526378,0.108104,0.309269,0.424961,0.139179,0.287737,0.404638,0.242805,0.272804,0.508493,0.562272,0.465432,0.294485,0.353162,0.311699,0.278241	0.28396,0.0374142,0.320435,0.269824,0.370074,0.23222,0.144672,0.386336,0.250572,0.393967,0.33284,0.210865,0.41057,0.441482,0.502759,0.486046,0.199459,0.333242,0.233749,0.246008	0.108857,-0.0408219,0.114204,0.11904,0.194117,-0.127312,0.172306,0.0462122,-0.115418,-0.119811,0.0829718,0.0336635,-0.155143,0.0864092,0.0829664,-0.0266403,0.100956,0.0225765,0.0840761,0.0346009
-0.435237,-0.16056,0.11209,0.485155,0.245379,-0.257892,-0.419227,-0.498027,-0.154964,-0.211792,-0.342465,-0.191924,-0.576987,-0.246691,-0.54943,-0.421159,-0.421738,-0.177207,-0.40219,-0.117332	-0.29999,0.0542786,0.188976,0.241438,0.298393,-0.0284156,0.167237,0.14289,-0.195887,0.182608,0.0691737,-0.196214,0.0400425,0.0474327,-0.231411,-0.0871186,-0.332224,0.0405101,0.0122164,-0.0290501	-0.155558,-0.212982,-0.0785496,0.276052,-0.0572027,-0.23117,-0.548041,-0.598337,0.0422037,-0.379715,-0.402113,0.00445781,-0.603096,-0.290722,-0.364342,-0.346764,-0.104099,-0.216165,-0.41238,-0.0885839
-0.129556,0.00778195,0.181595,0.480103,0.237588,-0.0830152,-0.425693,-0.458116,-0.173217,-0.229799,-0.34074,-0.211857,-0.59046,-0.227517,-0.586035,-0.48768,-0.369199,-0.153652,-0.435348,-0.104591	-0.338677,0.0632015,0.19066,0.26011,0.3033,0.0922895,0.163411,0.126923,-0.177544,0.144343,0.0568935,-0.230053,-0.0336102,-0.0186288,-0.23638,-0.0265581,-0.405871,0.112199,-0.0304865,-0.0621137	0.218718,-0.0554468,-0.00939048,0.251386,-0.0708146,-0.173972,-0.550789,-0.552891,0.00446441,-0.362131,-0.390072,0.0191283,-0.568124,-0.209778,-0.405881,-0.467172,0.043136,-0.261345,-0.410307,-0.0427546
-0.482259,-0.141193,0.0477282,0.523637,0.24996,-0.156535,-0.538089,-0.506188,-0.148981,-0.145734,-0.3506,-0.133913,-0.565389,-0.313335,-0.606175,-0.405681,-0.491168,-0.143206,-0.395261,-0.133515	-0.302571,0.0404032,0.229007,0.375392,0.452183,-0.0224076,0.0939394,0.10448,-0.268683,0.189482,0.0885952,-0.111089,-0.135093,0.0289865,-0.28646,-0.0925165,-0.36787,0.0900757,0.0701793,-0.0211481	-0.210387,-0.180566,-0.183282,0.184516,-0.227992,-0.1346,-0.601618,-0.579994,0.124694,-0.326209,-0.425964,-0.0231679,-0.46588,-0.33924,-0.386897,-0.325377,-0.150489,-0.230311,-0.452878,-0.112685
-0.124079,0.0847649,0.121254,0.530141,0.241936,-0.017897,-0.520484,-0.461316,-0.212105,-0.177862,-0.327661,-0.149946,-0.515464,-0.265552,-0.661807,-0.515882,-0.421263,-0.12441,-0.431475,-0.129237	-0.265927,0.0949285,0.230955,0.408589,0.456178,0.0410512,0.126577,0.0941029,-0.290667,0.129459,0.098883,-0.142375,-0.074019,-0.00808847,-0.330211,-0.0971052,-0.408868,0.157437,0.0214712,-0.0617898	0.146688,-0.0102461,-0.112862,0.155161,-0.24082,-0.0589049,-0.607067,-0.532311,0.0837231,-0.300404,-0.413157,-0.00773547,-0.458956,-0.258018,-0.424327,-0.440861,-0.0149749,-0.276432,-0.448788,-0.0679898
0.447157,0.157806,0.622333,0.607927,0.941279,0.834783,0.888299,0.943226,0.820218,0.908041,0.93675,0.947063,0.790367,0.598323,0.721647,0.578904,0.784197,0.780265,0.835246,0.90653	-0.0937532,-0.0512388,0.553781,0.634924,0.956847,0.728187,0.891954,0.815848,0.870107,0.889055,0.924063,0.925596,0.768342,0.468209,0.856722,0.801967,0.532752,0.8462,0.832938,0.842547	0.519146,0.207368,0.1046,-0.0439679,-0.156714,0.271845,-0.0176011,0.552684,-0.174241,0.0985254,0.0944054,0.173953,0.0560828,0.180749,-0.353831,-0.416367,0.431874,-0.194074,0.00758466,0.270876
0.228416,0.105666,0.104666,-0.158804,-0.119072,-0.0931379,0.0287535,-0.266821,-0.396556,0.216544,-0.17361,-0.294935,0.192596,0.0121673,0.144831,0.102855,0.470382,0.0978135,-0.109454,0.077133	-0.38281,-0.103597,-0.409642,-0.665569,-0.809942,-0.696374,-0.744578,-0.976546,-0.863272,-0.78889,-0.948672,-0.789927,-0.716345,-0.821469,-0.978431,-0.855689,-0.843005,-0.780605,-0.82596,-0.939967	0.562078,0.206998,0.493163,0.566658,0.76461,0.645075,0.757122,0.959817,0.709656,0.858737,0.927883,0.645342,0.798743,0.825386,0.983844,0.881005,0.940462,0.816106,0.78772,0.948343
0.137069,-0.00739726,0.148925,-0.165281,-0.140459,-0.117433,0.0465368,-0.250907,-0.395783,0.215934,-0.210992,-0.337625,0.243779,0.0814345,0.236744,0.122104,0.336285,0.0998573,-0.149234,-0.00501858	-0.39036,-0.0375186,-0.429285,-0.646491,-0.808032,-0.709678,-0.762129,-0.976351,-0.866612,-0.786895,-0.948685,-0.771984,-0.683905,-0.816102,-0.977984,-0.838167,-0.847392,-0.784541,-0.831418,-0.95052	0.500642,0.0301297,0.543466,0.53878,0.753039,0.64609,0.780967,0.96082,0.716624,0.857179,0.922307,0.587481,0.79512,0.841605,0.986355,0.871118,0.921174,0.820146,0.778816,0.950033
-0.120829,0.0115721,0.0291625,-0.0196647,-0.0939188,-0.11361,0.0546968,-0.262975,-0.314216,0.0377396,-0.0875286,-0.489268,0.0312882,0.0481603,0.0295892,0.043508,0.337474,0.0225533,0.00383886,0.210547	-0.436343,-0.115998,-0.337128,-0.500088,-0.805066,-0.740723,-0.664159,-0.975669,-0.87007,-0.850607,-0.94349,-0.849842,-0.738446,-0.800095,-0.978997,-0.897363,-0.856537,-0.774019,-0.793737,-0.882693	0.333075,0.127399,0.362724,0.485195,0.769316,0.684736,0.693657,0.958665,0.764997,0.860716,0.933012,0.61721,0.752351,0.816782,0.980192,0.905517,0.926266,0.782905,0.795153,0.921905
-0.013145,0.080197,0.0656671,-0.0768864,-0.100454,-0.137583,0.0256988,-0.268614,-0.312833,0.0983799,-0.117023,-0.246715,0.270727,0.0631322,0.107177,0.0942805,0.420677,-0.0440054,-0.142757,0.249445	-0.432785,-0.0825293,-0.416213,-0.583247,-0.816492,-0.732105,-0.742652,-0.97819,-0.864305,-0.822994,-0.944888,-0.766513,-0.621238,-0.8294,-0.980665,-0.884173,-0.840388,-0.772917,-0.832856,-0.910577	0.422041,0.161656,0.46906,0.530133,0.780015,0.661113,0.753962,0.96247,0.755838,0.852362,0.930785,0.641022,0.763547,0.848123,0.984379,0.903165,0.931685,0.754577,0.783221,0.945306
-0.309189,-0.164767,-0.0495108,-0.0346039,-0.111586,-0.383257,0.0379497,0.241795,0.182488,0.108843,0.258538,0.654785,-0.0611116,0.162223,-0.0081896,0.35244,0.512296,-0.630857,-0.0761022,0.315848	-0.27494,-0.0713231,-0.418715,-0.574609,-0.840335,-0.748684,-0.45449,-0.894793,-0.665309,-0.705223,-0.845965,0.0932335,-0.58949,-0.673537,-0.961422,-0.774418,-0.769817,-0.865298,-0.675371,-0.822618	-0.0374308,-0.0945547,0.37702,0.55096,0.804155,0.512476,0.484091,0.93442,0.756009,0.756034,0.906285,0.598062,0.548125,0.753437,0.960797,0.885243,0.91949,0.516252,0.631738,0.903672
0.408344,0.262469,0.0666388,-0.0572488,-0.118114,-0.449788,0.0407762,0.188532,0.187578,0.112047,0.341819,0.729931,-0.172684,-0.102671,0.0698865,0.500462,0.393046,-0.515326,0.152433,0.324436	-0.0376059,0.0717004,-0.352881,-0.588592,-0.839558,-0.792043,-0.477303,-0.905394,-0.6526,-0.699326,-0.841983,0.172798,-0.63267,-0.803972,-0.951291,-0.593036,-0.805629,-0.803086,-0.616447,-0.828022	0.439205,0.194428,0.409881,0.549871,0.800861,0.53166,0.508189,0.934424,0.748546,0.752415,0.91924,0.637546,0.516404,0.764398,0.957519,0.843233,0.910398,0.490934,0.702836,0.90842
0.630116,-0.0508467,0.506272,0.491078,0.64173,0.795063,0.867775,0.827706,0.921656,0.968004,0.737865,0.250865,0.838537,0.882942,0.949372,0.791498,0.771587,0.85984,0.944903,0.861681	0.669477,0.123756,0.426283,0.65922,0.703421,0.770722,0.787006,0.849274,0.852634,0.990105,0.762517,0.508665,0.856317,0.856241,0.912743,0.862691,0.843582,0.808374,0.943484,0.832533	-0.0680798,-0.173511,0.102004,-0.248631,-0.112453,0.0628608,0.254746,-0.0726071,0.322286,-0.531589,-0.0563637,-0.295509,-0.0630623,0.109435,0.274437,-0.224456,-0.206227,0.168781,0.0130749,0.103133
0.413793,-0.0791909,0.0998171,0.234097,0.441763,0.389221,0.077143,0.204084,0.365844,0.471105,0.345702,0.169168,0.413309,0.435767,0.590366,0.589007,0.158201,0.438397,0.430857,0.285877	0.596753,-0.0118897,0.270782,0.427846,0.48414,0.232407,0.281859,0.312042,0.309945,0.186595,0.463465,0.217657,0.488215,0.428418,0.586367,0.458583,0.268972,0.487843,0.537503,0.33513	-0.242954,-0.0673646,-0.175714,-0.215314,-0.0539061,0.172409,-0.209266,-0.115301,0.0630491,0.31193,-0.14023,-0.0503433,-0.0938424,0.00903658,0.00611681,0.17869,-0.115694,-0.0628981,-0.138787,-0.0544726
0.556169,0.0367123,0.345263,0.474215,0.676977,0.722403,0.594306,0.600973,0.592752,0.685821,0.566511,0.47572,0.608868,0.853283,0.94454,0.777174,0.318275,0.311618,0.533021,0.552095	0.649046,0.0836497,0.366304,0.527304,0.671082,0.644362,0.615692,0.669954,0.547251,0.571988,0.598974,0.551003,0.771241,0.74411,0.886108,0.647288,0.371463,0.409485,0.509849,0.566106	-0.145343,-0.047082,-0.0240877,-0.0707913,0.0108037,0.146004,-0.033727,-0.115474,0.0673476,0.187311,-0.0491363,-0.102027,-0.306123,0.299052,0.358402,0.261368,-0.0603194,-0.112181,0.03182,-0.0203815
-0.479254,-0.280608,-0.268931,0.477724,0.607714,0.0152797,-0.467621,-0.619765,-0.4195,-0.382225,-0.449322,-0.725976,-0.224835,-0.340308,-0.662711,-0.527773,-0.664356,-0.44142,-0.203185,-0.3036	-0.0102579,-0.0227749,-0.121784,0.411726,0.264545,0.183984,0.0256355,-0.0171378,-0.252494,-0.175447,0.0448845,-0.29258,0.226912,-0.106881,-0.326699,-0.0951718,-0.470593,-0.0678881,0.229776,-0.0701033	-0.471313,-0.259492,-0.15213,0.0821579,0.408909,-0.16918,-0.487414,-0.609096,-0.186791,-0.221641,-0.484437,-0.550279,-0.429818,-0.242238,-0.428863,-0.455479,-0.281896,-0.385072,-0.413649,-0.238574
-0.123757,0.0442194,-0.188456,0.495741,0.606929,0.158927,-0.456039,-0.591217,-0.508811,-0.443047,-0.444385,-0.762906,-0.188137,-0.245861,-0.739041,-0.624323,-0.499553,-0.405324,-0.196132,-0.330427	0.244418,0.111008,-0.0568342,0.456156,0.264552,0.247371,0.0334666,-0.0329402,-0.334406,-0.237708,0.0680069,-0.354755,0.274726,-0.143062,-0.389076,-0.130413,-0.46143,0.0484478,0.202166,-0.122774	-0.357365,-0.0671178,-0.133047,0.0511519,0.407865,-0.0920632,-0.482147,-0.569365,-0.210165,-0.22951,-0.497361,-0.559605,-0.440116,-0.106547,-0.491208,-0.537689,-0.0495437,-0.445033,-0.383107,-0.216433
0.405311,-0.0505224,0.0297442,0.192526,0.366574,0.330077,0.0194379,0.246863,0.326421,0.483017,0.324938,0.332691,0.40499,0.448103,0.519284,0.599718,0.177997,0.376731,0.441762,0.252623	0.547507,-0.140088,0.275199,0.251332,0.352353,0.201225,0.289089,0.335596,0.339195,0.176868,0.40924,0.133242,0.458415,0.465733,0.55008,0.401146,0.224938,0.470648,0.549114,0.333217	-0.182749,0.0902037,-0.247481,-0.0617966,0.0163311,0.138019,-0.271174,-0.0967486,-0.0143644,0.334747,-0.0972317,0.2087,-0.0656049,-0.0222797,-0.0431099,0.261476,-0.0488988,-0.114158,-0.141733,-0.0880017
0.529484,0.0192711,0.251983,0.450026,0.584358,0.667626,0.534673,0.625446,0.573018,0.70416,0.578951,0.56265,0.64787,0.768066,0.883664,0.754864,0.322754,0.309364,0.54176,0.548349	0.583986,-0.100969,0.356342,0.356017,0.518395,0.614597,0.634949,0.674316,0.597214,0.567343,0.583807,0.381139,0.788776,0.68702,0.856272,0.553148,0.304389,0.452343,0.520383,0.595868	-0.0788987,0.120006,-0.114654,0.111945,0.0946281,0.0899278,-0.151815,-0.0845145,-0.0367833,0.227839,-0.00733585,0.231062,-0.288165,0.171591,0.112567,0.346324,0.0203652,-0.166243,0.0297698,-0.0705811
-0.483748,-0.191663,-0.304326,0.384802,0.495614,-0.0138366,-0.486677,-0.60692,-0.390663,-0.368705,-0.412653,-0.77582,-0.171807,-0.300692,-0.696584,-0.542865,-0.642338,-0.498444,-0.184192,-0.332089	-0.0677169,-0.0767309,-0.0936817,0.193335,0.110577,0.176168,0.0692955,0.0156534,-0.179087,-0.176429,0.114841,-0.525941,0.278962,-0.0319504,-0.371807,-0.184583,-0.468103,-0.115895,0.258705,-0.0697519	-0.430121,-0.116648,-0.216826,0.206856,0.407362,-0.189542,-0.537834,-0.616714,-0.227491,-0.205654,-0.503627,-0.422118,-0.430153,-0.271349,-0.438292,-0.398181,-0.249149,-0.406002,-0.422752,-0.268558
-0.13938,0.125874,-0.218589,0.425117,0.495714,0.135243,-0.475414,-0.572453,-0.477131,-0.428761,-0.402804,-0.839011,-0.16021,-0.194241,-0.769574,-0.629179,-0.490463,-0.457705,-0.176297,-0.347689	0.159941,-0.0113633,-0.0196369,0.249546,0.11185,0.24842,0.0781033,0.00657448,-0.260299,-0.237015,0.14362,-0.641062,0.291927,-0.0658318,-0.440032,-0.176037,-0.480772,0.0110723,0.230014,-0.112654	-0.292794,0.137041,-0.19981,0.196407,0.406397,-0.117112,-0.5337,-0.576857,-0.247581,-0.213436,-0.516542,-0.428331,-0.431936,-0.130073,-0.498277,-0.509582,-0.0126814,-0.466414,-0.390476,-0.244617
0.5345,-0.0311758,0.197886,0.336047,0.424985,0.261406,0.264972,0.300208,0.281752,0.202915,0.371386,0.155853,0.335677,0.450833,0.574149,0.470945,0.277869,0.286509,0.342556,0.213203	0.444225,-0.0552273,0.048664,0.203082,0.376755,0.342448,0.0728504,0.262805,0.29319,0.374226,0.291362,0.176073,0.43429,0.357498,0.519422,0.475531,0.207028,0.333732,0.221754,0.175559	0.118384,0.024093,0.150673,0.142703,0.0574249,-0.0890107,0.195903,0.0406061,-0.012468,-0.185389,0.0897349,-0.0207903,-0.115442,0.111268,0.077984,-0.00590952,0.075165,-0.0522163,0.130734,0.0391081
-0.328591,-0.250044,-0.225507,0.416518,0.591093,-0.134091,-0.352963,-0.677676,-0.350835,-0.315077,-0.459194,-0.761651,-0.278871,-0.32013,-0.609591,-0.575509,-0.561582,-0.331931,-0.328982,-0.321252	0.044393,-0.0571373,-0.233459,0.186665,0.206958,0.161056,0.0284258,-0.130269,-0.131283,0.134345,-0.0481868,-0.414405,0.105526,-0.0827095,-0.222947,-0.0771292,-0.379773,0.0202973,-0.00838005,-0.130423	-0.367621,-0.195703,0.00839463,0.249231,0.437676,-0.288907,-0.3776,-0.600411,-0.230153,-0.431171,-0.420308,-0.507396,-0.373408,-0.243878,-0.447456,-0.52153,-0.231096,-0.349871,-0.321488,-0.199174
-0.217701,-0.024601,-0.16968,0.415118,0.592727,0.0165981,-0.345002,-0.66049,-0.368158,-0.354141,-0.469313,-0.806964,-0.324049,-0.23584,-0.678231,-0.626835,-0.369521,-0.316005,-0.335794,-0.336053	-0.106822,-0.0416697,-0.196377,0.204058,0.209443,0.250547,0.023779,-0.139869,-0.117468,0.0967673,-0.0609663,-0.499363,0.048933,-0.13194,-0.242463,-0.00781507,-0.383629,0.111089,-0.0482394,-0.166816	-0.11352,0.0170863,0.0276171,0.230593,0.43761,-0.234926,-0.36578,-0.573613,-0.262021,-0.435968,-0.420375,-0.515217,-0.36716,-0.107237,-0.521532,-0.622067,0.0164381,-0.412609,-0.292289,-0.179288
-0.392983,-0.225734,-0.292015,0.452614,0.615712,-0.038386,-0.471274,-0.660164,-0.345098,-0.286557,-0.484912,-0.743756,-0.260101,-0.371379,-0.66117,-0.555328,-0.636735,-0.30263,-0.318606,-0.344898	0.0390659,0.00389414,-0.165448,0.345096,0.267402,0.214252,0.00552043,-0.141118,-0.130238,0.0570121,-0.0201994,-0.370726,0.00176389,-0.0692189,-0.286893,-0.0605342,-0.457446,0.00316253,0.0922683,-0.122437	-0.425516,-0.229427,-0.132991,0.127421,0.41696,-0.250577,-0.475557,-0.572368,-0.224972,-0.338046,-0.46931,-0.515043,-0.261745,-0.310132,-0.461891,-0.512006,-0.252974,-0.305501,-0.399141,-0.232269
-0.210025,0.0493138,-0.231884,0.462289,0.616839,0.0805542,-0.447736,-0.633147,-0.397485,-0.347748,-0.477428,-0.787479,-0.23826,-0.274127,-0.738401,-0.638817,-0.429159,-0.290132,-0.330687,-0.363952	0.00374182,0.0604597,-0.123743,0.378045,0.26928,0.250073,0.0332095,-0.139613,-0.165318,-0.0114881,-0.00325593,-0.45022,0.0445416,-0.0944247,-0.348776,-0.0570936,-0.409712,0.085468,0.0465265,-0.167919	-0.213599,-0.0111793,-0.111336,0.102085,0.416788,-0.173004,-0.473899,-0.541391,-0.248496,-0.337609,-0.47491,-0.522508,-0.279832,-0.184478,-0.524774,-0.603743,-0.0235962,-0.366511,-0.371498,-0.208793
0.326912,0.105608,0.520676,0.56647,0.962956,0.853691,0.942241,0.909447,0.78779,0.88834,0.943734,0.793489,0.814118,0.625262,0.609179,0.377153,0.84132,0.734215,0.873777,0.794435	-0.0180859,-0.156306,0.494285,0.590516,0.963581,0.757513,0.899336,0.764837,0.834268,0.898422,0.945749,0.859095,0.841809,0.412352,0.913308,0.715869,0.399989,0.853982,0.814495,0.761953	0.34297,0.257661,0.0355375,-0.0361323,-0.00867145,0.272214,0.28114,0.475032,-0.135595,-0.0499378,-0.0187439,-0.206104,-0.0880006,0.286874,-0.685544,-0.463991,0.665174,-0.321098,0.205619,0.0823021
0.63411,-0.0558538,0.460133,0.530901,0.661074,0.800524,0.844397,0.82578,0.935623,0.966229,0.746095,0.357261,0.793186,0.880851,0.949208,0.77689,0.759166,0.856247,0.951841,0.8613	0.625565,0.0304783,0.405019,0.689439,0.714188,0.765686,0.772497,0.848808,0.866989,0.98836,0.765676,0.612612,0.831596,0.872984,0.915674,0.854058,0.808221,0.805115,0.936969,0.824088	0.0141626,-0.0861854,0.0677383,-0.250069,-0.100621,0.0900082,0.206784,-0.0769985,0.363479,-0.491625,-0.045672,-0.326896,-0.112841,0.0340514,0.256308,-0.229333,-0.126945,0.16461,0.137511,0.128222
0.533919,-0.108259,0.0899317,0.222803,0.459154,0.4048,0.0583486,0.216655,0.397038,0.490525,0.349781,0.346007,0.406163,0.427541,0.592149,0.592418,0.121402,0.447789,0.419781,0.253523	0.505799,-0.116122,0.218015,0.49069,0.511993,0.248827,0.276484,0.323646,0.384835,0.153984,0.479596,0.315323,0.421879,0.431245,0.583951,0.446844,0.204589,0.475392,0.565604,0.330633	0.0385239,0.00796361,-0.130645,-0.300769,-0.0690785,0.173442,-0.221712,-0.115059,0.0144037,0.364038,-0.155982,0.034442,-0.0189659,-0.00454145,0.0125318,0.197984,-0.0853053,-0.0350678,-0.191226,-0.0841654
0.624582,-0.0318609,0.328154,0.472435,0.686707,0.736535,0.579795,0.601856,0.607704,0.696682,0.571177,0.539121,0.540794,0.856035,0.94515,0.783132,0.270261,0.337637,0.557872,0.52509	0.57818,-0.00441195,0.324525,0.568371,0.689883,0.6423,0.599312,0.671589,0.603454,0.549679,0.610808,0.642676,0.736975,0.758337,0.885029,0.645734,0.315971,0.393276,0.523214,0.566148	0.0726301,-0.0274528,0.00406159,-0.131153,-0.00603528,0.17884,-0.02991,-0.11704,0.006711,0.238236,-0.060865,-0.158456,-0.326181,0.27847,0.367681,0.277962,-0.0499779,-0.0641581,0.0489439,-0.0584269
-0.384428,-0.183045,-0.251524,0.452802,0.624491,0.191644,-0.46482,-0.611764,-0.454195,-0.430645,-0.469115,-0.801805,-0.213014,-0.397016,-0.663454,-0.545188,-0.710878,-0.26313,-0.17777,-0.35147	-0.19229,-0.135497,-0.192306,0.464699,0.284234,0.188124,0.0102387,0.0188727,-0.119675,-0.248151,0.0741027,-0.0626968,0.141071,-0.120039,-0.331928,-0.122074,-0.54814,-0.0900265,0.26211,-0.0814747	-0.207475,-0.0487568,-0.0622279,-0.0150676,0.413687,0.00365255,-0.472808,-0.623439,-0.353748,-0.204329,-0.524969,-0.778231,-0.343755,-0.290838,-0.425153,-0.453281,-0.266635,-0.177304,-0.420297,-0.277954
-0.397449,-0.203836,-0.229434,0.482549,0.626705,0.349274,-0.461417,-0.579016,-0.538812,-0.501214,-0.474144,-0.846352,-0.140703,-0.224963,-0.740816,-0.70213,-0.567698,-0.26464,-0.231734,-0.379058	0.0879044,0.011098,-0.128323,0.504851,0.284073,0.233568,0.0181341,0.00137713,-0.207083,-0.321237,0.102053,-0.150397,0.193385,-0.148379,-0.39512,-0.193844,-0.532744,0.0082694,0.248925,-0.136291	-0.468969,-0.214449,-0.104178,-0.0294854,0.416842,0.125983,-0.475572,-0.579931,-0.373391,-0.214517,-0.549603,-0.797463,-0.325239,-0.0792289,-0.488761,-0.588364,-0.0501079,-0.272314,-0.454444,-0.255993
0.519625,-0.0740865,0.0159854,0.184706,0.38436,0.344905,0.00039322,0.259059,0.357941,0.50332,0.327932,0.499831,0.398694,0.444739,0.522089,0.603037,0.136843,0.384274,0.426929,0.21843	0.499985,-0.161357,0.193722,0.325618,0.387456,0.227033,0.274797,0.345143,0.414028,0.144715,0.428971,0.230371,0.371061,0.45558,0.545519,0.383824,0.177216,0.457335,0.587707,0.335189	0.026534,0.0883261,-0.178289,-0.149929,-0.00363687,0.127887,-0.274433,-0.094537,-0.0658449,0.386777,-0.11758,0.304525,0.0324297,-0.0135953,-0.0327602,0.285233,-0.0413764,-0.0886385,-0.214631,-0.125983
0.594125,-0.0651187,0.236819,0.452523,0.594273,0.673854,0.521759,0.626323,0.585312,0.71567,0.581553,0.614858,0.584505,0.777275,0.886759,0.75557,0.265209,0.33461,0.561331,0.517248	0.555125,-0.118941,0.290689,0.410799,0.545442,0.616002,0.611223,0.674476,0.649449,0.545472,0.598762,0.473886,0.73676,0.688895,0.854193,0.541178,0.262513,0.436545,0.542376,0.601411	0.0581932,0.0542424,-0.0578518,0.0512517,0.0722502,0.0989073,-0.131354,-0.0833737,-0.103468,0.279186,-0.0264033,0.198936,-0.267414,0.190252,0.134275,0.362699,0.0028978,-0.119372,0.0272522,-0.122167
-0.380894,-0.0433939,-0.294369,0.370526,0.50764,0.156952,-0.486437,-0.600411,-0.419807,-0.416943,-0.432604,-0.837128,-0.161024,-0.360471,-0.698741,-0.560251,-0.703,-0.330479,-0.15841,-0.378192	-0.182059,-0.074141,-0.194365,0.258422,0.136688,0.18784,0.0428262,0.0485048,-0.037824,-0.24771,0.156808,-0.374026,0.167521,-0.0624,-0.380934,-0.213611,-0.54581,-0.131719,0.306838,-0.0720832	-0.21365,0.0308463,-0.106073,0.123975,0.398611,-0.031826,-0.518462,-0.630553,-0.388147,-0.188724,-0.551969,-0.674198,-0.319916,-0.30493,-0.433082,-0.393765,-0.255055,-0.207806,-0.443682,-0.314688
-0.412076,-0.145372,-0.260025,0.421763,0.509996,0.316012,-0.483645,-0.562014,-0.503628,-0.486584,-0.432856,-0.902115,-0.111003,-0.177784,-0.772707,-0.702348,-0.558345,-0.324863,-0.211713,-0.394147	0.0733501,-0.00606206,-0.11993,0.312484,0.137648,0.239372,0.0527919,0.0370553,-0.123504,-0.318652,0.193579,-0.564845,0.183551,-0.0909141,-0.450387,-0.248446,-0.539369,-0.0264252,0.294962,-0.116774	-0.471184,-0.139432,-0.144605,0.125868,0.400459,0.0829115,-0.523081,-0.586847,-0.405336,-0.198748,-0.578003,-0.687682,-0.288673,-0.0882972,-0.494369,-0.549849,-0.027154,-0.301022,-0.476895,-0.290755
0.547207,-0.111769,0.164587,0.36217,0.446378,0.290409,0.261715,0.311119,0.332382,0.189507,0.38084,0.230812,0.244849,0.445291,0.572579,0.461975,0.214463,0.304837,0.390369,0.185145	0.528219,-0.0776426,0.0341489,0.198519,0.396458,0.355475,0.0534483,0.275639,0.340464,0.378542,0.296683,0.356844,0.434979,0.353001,0.520315,0.476199,0.166652,0.331583,0.217767,0.143635	0.026708,-0.0344249,0.131175,0.176328,0.0606545,-0.0725554,0.211221,0.0388084,-0.00911255,-0.203644,0.0948771,-0.137344,-0.212793,0.109502,0.0744429,-0.0182348,0.0495833,-0.0297535,0.188638,0.0426437
-0.123542,-0.127516,-0.198858,0.415827,0.612902,0.032962,-0.360282,-0.670668,-0.377953,-0.336849,-0.480475,-0.815793,-0.257958,-0.368496,-0.609828,-0.594678,-0.605957,-0.142834,-0.307742,-0.375687	0.138112,-0.0711277,-0.251682,0.187148,0.22181,0.177907,-0.00123115,-0.0857184,-0.0374908,0.125274,-0.0377458,-0.0539585,0.0887723,-0.103385,-0.22431,-0.0884917,-0.430665,0.00958434,-0.00962041,-0.174648	-0.257264,-0.0569039,0.0556066,0.247976,0.452626,-0.1458,-0.35921,-0.620628,-0.345356,-0.443412,-0.450907,-0.796914,-0.338968,-0.275612,-0.44661,-0.534304,-0.23719,-0.15221,-0.299006,-0.215156
-0.475147,-0.276216,-0.21736,0.428285,0.616408,0.198702,-0.354701,-0.651563,-0.394869,-0.380093,-0.499622,-0.869139,-0.26783,-0.213605,-0.680412,-0.679509,-0.429046,-0.164814,-0.382668,-0.392187	-0.00816823,-0.0735754,-0.224425,0.202099,0.223772,0.245827,-0.00582215,-0.0953227,-0.0184498,0.0880129,-0.0520286,-0.183156,0.0332277,-0.14498,-0.245048,-0.0229516,-0.42561,0.0865557,-0.052334,-0.212349	-0.468799,-0.206845,0.00742674,0.24762,0.45546,-0.049546,-0.349601,-0.593075,-0.379182,-0.452953,-0.459539,-0.815858,-0.298402,-0.0708176,-0.522479,-0.666959,-0.00420309,-0.247835,-0.337085,-0.196176
-0.21772,-0.103251,-0.269825,0.439339,0.63607,0.137171,-0.470372,-0.652574,-0.380803,-0.319805,-0.506173,-0.824647,-0.250159,-0.420199,-0.661642,-0.575624,-0.68264,-0.10909,-0.289265,-0.408872	0.0457903,-0.0799385,-0.207838,0.366365,0.28216,0.231075,-0.00734316,-0.103767,-0.032649,0.0269497,-0.00259302,-0.241469,-0.112089,-0.0938158,-0.290813,-0.0846192,-0.526111,0.0165431,0.142278,-0.169618	-0.260909,-0.0235067,-0.0656693,0.0869729,0.431321,-0.0969782,-0.464634,-0.588668,-0.352537,-0.343792,-0.504242,-0.728178,-0.142053,-0.339778,-0.459181,-0.516146,-0.24425,-0.125407,-0.414485,-0.257083
-0.470321,-0.203389,-0.273957,0.461332,0.639714,0.268614,-0.451349,-0.622429,-0.425674,-0.388679,-0.508609,-0.872336,-0.188886,-0.258285,-0.739837,-0.703937,-0.498595,-0.135458,-0.358391,-0.429555	0.0233276,-0.0224758,-0.172034,0.395291,0.283636,0.250991,0.0193939,-0.102751,-0.0667933,-0.0460837,0.0156943,-0.368336,-0.0679847,-0.1127,-0.353421,-0.0996029,-0.476099,0.0867981,0.104322,-0.217731	-0.488291,-0.181744,-0.106964,0.08077,0.435008,0.0188964,-0.466658,-0.555185,-0.369383,-0.348843,-0.520151,-0.742611,-0.122474,-0.14995,-0.523226,-0.649902,-0.0294981,-0.219673,-0.446037,-0.233679
0.053027,-0.162955,0.473023,0.568621,0.966919,0.883002,0.960298,0.915929,0.78379,0.891227,0.940913,0.519843,0.839437,0.679529,0.608064,0.256624,0.79515,0.746517,0.823828,0.775636	0.311091,0.00152522,0.536563,0.577026,0.964886,0.767962,0.91625,0.751228,0.834946,0.903917,0.954047,0.749772,0.81173,0.348944,0.920391,0.716076,0.347631,0.891475,0.896167,0.74226	-0.262392,-0.164439,-0.0851531,-0.012509,0.0303306,0.357392,0.36668,0.528008,-0.148029,-0.0652802,-0.128347,-0.376786,0.086964,0.433336,-0.70928,-0.56289,0.618479,-0.433357,-0.276405,0.0786659
-0.0416095,0.0420717,-0.0866366,-0.164091,-0.253929,-0.168511,-0.290134,0.133474,-0.0903375,0.190679,-0.036434,0.15458,-0.0559956,0.127822,-0.559822,-0.070612,0.0420407,-0.197242,0.219205,-0.194371	-0.314438,-0.0908256,-0.322086,-0.427941,-0.523462,-0.760936,-0.83632,-0.729604,-0.836145,-0.967009,-0.621149,-0.136755,-0.790379,-0.666861,-0.876532,-0.645645,-0.738805,-0.724076,-0.888219,-0.834618	0.276445,0.132391,0.242208,0.283777,0.310852,0.679563,0.721176,0.786488,0.806745,0.977457,0.598254,0.285304,0.768391,0.732265,0.621857,0.602501,0.757323,0.614611,0.926946,0.764224
-0.131594,-0.0240399,-0.116019,-0.179237,-0.316471,-0.179002,-0.343887,0.0261678,0.123745,0.359509,0.0530507,0.039697,0.210036,-0.360029,-0.76144,-0.272142,-0.0192991,0.0456624,0.273916,-0.0492378	-0.20415,-0.053835,-0.2439,-0.274917,-0.302633,-0.455702,-0.712082,-0.476846,-0.664023,-0.92616,-0.417789,0.189855,-0.408704,-0.567039,-0.675478,-0.559557,-0.737999,-0.688974,-0.872184,-0.716938	0.0745594,0.0298337,0.131605,0.100639,-0.0153044,0.301276,0.487595,0.496815,0.727953,0.96452,0.46063,-0.151299,0.569825,0.260112,-0.176997,0.339044,0.729084,0.712229,0.925091,0.692133
-0.00271573,0.139233,-0.0736176,-0.354323,-0.347607,-0.0895533,-0.147868,0.158253,-0.077524,0.507478,0.134355,0.166654,0.230483,0.151396,-0.447714,-0.00817142,0.247519,-0.337184,0.366524,-0.0859858	-0.662547,-0.0123876,-0.524276,-0.531744,-0.668888,-0.783332,-0.855267,-0.83222,-0.904562,-0.972007,-0.659103,-0.474022,-0.804166,-0.852582,-0.96304,-0.832504,-0.838701,-0.906475,-0.94051,-0.862947	0.661021,0.15136,0.46875,0.21861,0.418612,0.746119,0.809813,0.875207,0.889408,0.990767,0.72891,0.593769,0.872867,0.889202,0.905935,0.829978,0.899491,0.819889,0.971975,0.839233
-0.0273999,0.0761874,-0.0565479,-0.306959,-0.342861,-0.061729,-0.147321,0.191196,-0.115786,0.505454,0.135944,0.140994,0.134206,0.172841,-0.446909,0.131152,0.182802,-0.283685,0.3898,-0.0550356	-0.627633,0.0540162,-0.47967,-0.457979,-0.666036,-0.747041,-0.854644,-0.836516,-0.913723,-0.971533,-0.64864,-0.508917,-0.815463,-0.844472,-0.963159,-0.813471,-0.858176,-0.881175,-0.944432,-0.871724	0.610736,0.0222629,0.434919,0.175723,0.418815,0.718443,0.809209,0.886005,0.892344,0.990558,0.721006,0.606399,0.855989,0.887739,0.90641,0.853558,0.899818,0.796627,0.975216,0.857844
-0.176158,-0.0678574,-0.199319,-0.255267,-0.481836,-0.606975,-0.470369,-0.445498,-0.439487,-0.543171,-0.335548,-0.377683,-0.514037,-0.629531,-0.883212,-0.517099,-0.0892839,-0.0353945,-0.392272,-0.480438	0.0281926,0.0286002,-0.0650122,-0.0556241,-0.184987,-0.0934886,-0.0154465,0.0932511,-0.131302,-0.133178,-0.0905404,1.92696e-05,-0.0414151,-0.150787,-0.47737,-0.231817,0.0385342,-0.157189,-0.346373,-0.23162	-0.20334,-0.0962707,-0.13607,-0.202518,-0.325897,-0.544377,-0.458252,-0.51726,-0.327058,-0.441964,-0.252684,-0.3777,-0.482902,-0.528955,-0.701686,-0.324136,-0.12738,0.122476,-0.0531162,-0.279973
0.273862,0.0420366,0.075549,-0.120691,-0.0717816,-0.209386,0.205646,0.0559122,0.0470136,-0.039204,0.0351619,-0.0320008,-0.0449697,0.0128372,0.12666,-0.163611,0.207441,0.153841,-0.179088,-0.00769502	-0.377528,0.0345405,-0.258269,-0.0472238,-0.277079,-0.318677,-0.058057,-0.267335,-0.390161,-0.326666,-0.343327,-0.378181,-0.406009,-0.471969,-0.61614,-0.607751,-0.339092,-0.417025,-0.511818,-0.372886	0.590353,0.007507,0.327429,-0.0738884,0.209463,0.117105,0.260592,0.318487,0.4293,0.291191,0.373974,0.350421,0.367753,0.481886,0.689028,0.493178,0.510615,0.536449,0.366305,0.366241
-0.106854,-0.0687104,0.0411875,-0.157035,-0.0658748,-0.173903,0.19817,0.0627138,0.121797,-0.0388289,0.00573713,-0.0437464,-0.166173,-0.00651616,0.16926,-0.0767051,0.26766,0.127631,-0.196893,0.00994914	-0.549365,0.0559763,-0.239647,-0.0248824,-0.271681,-0.221324,-0.0617795,-0.269486,-0.36391,-0.346748,-0.349414,-0.403604,-0.44826,-0.519513,-0.606269,-0.565349,-0.399622,-0.367389,-0.539566,-0.394584	0.470108,-0.124209,0.278089,-0.132671,0.209557,0.0493191,0.256806,0.326679,0.465092,0.312122,0.354441,0.366326,0.30479,0.51474,0.703353,0.510795,0.602804,0.472848,0.383404,0.402951
0.185637,0.0756316,-0.0156707,-0.0287699,-0.0208734,-0.138261,0.00586921,-0.010236,0.0783168,0.131206,-0.0274687,0.0507609,-0.041662,-0.218641,-0.145421,-0.210382,0.0651094,0.176203,-0.227097,-0.0431398	-0.522864,-0.0357348,-0.416552,-0.178011,-0.524015,-0.71795,-0.620642,-0.67129,-0.570571,-0.614633,-0.54463,-0.618446,-0.715373,-0.848994,-0.947129,-0.771169,-0.518811,-0.302972,-0.568955,-0.57447	0.645816,0.111066,0.403516,0.150009,0.508706,0.643572,0.624237,0.665628,0.621132,0.69018,0.525016,0.648838,0.694407,0.774033,0.929767,0.669389,0.564841,0.454891,0.392583,0.544832
-0.124687,0.00360779,-0.0409339,-0.0478999,-0.0146709,-0.188349,0.0370133,0.00675368,0.120174,0.101439,-0.0317815,0.0395723,-0.0737014,-0.190286,-0.124126,-0.172268,0.177105,0.150121,-0.260321,-0.0349265	-0.632028,0.0164656,-0.394277,-0.140028,-0.519839,-0.705546,-0.608958,-0.669454,-0.577233,-0.631888,-0.531537,-0.639617,-0.69674,-0.854332,-0.941739,-0.77017,-0.538876,-0.254959,-0.604022,-0.595507	0.550743,-0.0128586,0.359139,0.0927503,0.50905,0.59646,0.631733,0.673164,0.652167,0.689154,0.508343,0.662422,0.656764,0.792955,0.925838,0.689364,0.653603,0.390148,0.407827,0.572488
0.336963,0.0448911,0.546912,0.346937,0.938889,0.75183,0.94857,0.94747,0.914849,0.91754,0.950305,0.973302,0.84426,0.733234,0.936117,0.793313,0.828155,0.829255,0.920296,0.921021	0.572364,0.199226,0.599686,0.417743,0.938881,0.863163,0.955184,0.936195,0.864131,0.879944,0.963852,0.945963,0.898825,0.675672,0.917663,0.777116,0.683332,0.921623,0.889807,0.86491	-0.29165,-0.155727,-0.0785298,-0.0828073,7.25154e-05,-0.317143,-0.0704127,0.0997944,0.242148,0.195185,-0.161179,0.344784,-0.226265,0.114079,0.130913,0.0422335,0.33362,-0.391826,0.168346,0.275867
-0.0839138,-0.052066,-0.0970209,-0.125804,-0.230534,-0.518617,-0.386124,-0.469377,-0.449725,-0.557834,-0.347532,-0.424543,-0.566513,-0.52146,-0.601201,-0.389796,-0.0853298,-0.0473213,-0.423928,-0.466141	0.0590991,-0.0102893,0.0179245,0.0711679,0.0501992,0.0244631,0.104222,0.0255081,-0.100253,-0.147678,-0.0678295,-0.172855,-0.0146914,-0.18565,0.115949,-0.159225,0.0227548,-0.0933235,-0.375473,-0.166742	-0.142307,-0.0417991,-0.114746,-0.195224,-0.277522,-0.536277,-0.471376,-0.48903,-0.365972,-0.446977,-0.286455,-0.271621,-0.556453,-0.371804,-0.670416,-0.245828,-0.107875,0.0462063,-0.057627,-0.324631
0.270845,-0.0832851,0.133108,0.0855312,0.16035,-0.159101,0.235825,0.00695741,0.0624287,-0.0592856,-0.0446771,-0.168596,-0.129276,-0.0336045,0.209299,-0.154593,0.13295,0.241223,-0.218161,0.0213575	-0.365159,-0.00256252,-0.185455,0.0590948,-0.113199,-0.24159,-0.00121886,-0.311092,-0.365004,-0.335654,-0.326668,-0.48718,-0.41083,-0.496319,-0.544146,-0.588672,-0.364357,-0.352967,-0.535434,-0.34557	0.578764,-0.0807398,0.310889,0.0265707,0.268672,0.0857862,0.236976,0.317362,0.41791,0.281979,0.286167,0.347094,0.297345,0.470562,0.676409,0.477537,0.47433,0.547569,0.359236,0.364239
-0.0838301,-0.146213,0.087644,0.0297171,0.162015,-0.136755,0.228579,0.00672869,0.142218,-0.0598854,-0.0716738,-0.157325,-0.212838,-0.0667289,0.249741,-0.127079,0.206888,0.205076,-0.237459,0.0280786	-0.532766,0.0127765,-0.169073,0.0865225,-0.1092,-0.145748,-0.00430472,-0.315467,-0.340566,-0.355918,-0.3306,-0.504914,-0.45146,-0.541162,-0.535155,-0.563374,-0.41826,-0.305643,-0.563704,-0.370003	0.469924,-0.158693,0.252969,-0.0569518,0.266499,0.00917661,0.232655,0.321513,0.460481,0.30248,0.265211,0.377582,0.263988,0.492207,0.692361,0.469939,0.57536,0.480595,0.376664,0.393988
0.179091,-0.0577265,0.0514679,0.226059,0.274009,-0.0544041,0.0750699,-0.0889993,0.101138,0.0978053,-0.124503,-0.132822,-0.199777,-0.239662,0.212142,-0.18138,-0.029616,0.265466,-0.267311,-0.00826692	-0.489196,-0.0167624,-0.3342,-0.0352834,-0.290314,-0.642074,-0.569341,-0.694471,-0.573573,-0.63159,-0.564956,-0.65101,-0.77341,-0.79157,-0.878748,-0.721074,-0.538352,-0.292809,-0.594275,-0.575841	0.614454,-0.0410038,0.379147,0.259274,0.522739,0.608941,0.617998,0.64536,0.637717,0.686959,0.473778,0.567236,0.678461,0.681123,0.919481,0.6209,0.516979,0.51801,0.388713,0.570289
-0.097341,-0.0709024,0.0127406,0.178885,0.274267,-0.117476,0.105601,-0.0842408,0.153879,0.0663908,-0.128159,-0.114586,-0.170021,-0.236627,0.207696,-0.221844,0.100282,0.228047,-0.302779,-0.013839	-0.59769,0.0489546,-0.314862,0.00508423,-0.287339,-0.631578,-0.55685,-0.696734,-0.577151,-0.648948,-0.551578,-0.664084,-0.756908,-0.800453,-0.874109,-0.734551,-0.549197,-0.247527,-0.629965,-0.599157	0.531257,-0.119442,0.326294,0.173959,0.52058,0.555303,0.625659,0.650685,0.671402,0.685792,0.455627,0.594755,0.673569,0.695573,0.915582,0.612521,0.615577,0.450163,0.404303,0.590212
0.346511,-0.0271646,0.554432,0.429453,0.94431,0.754786,0.949592,0.942483,0.913884,0.915962,0.945341,0.961072,0.839792,0.716974,0.939212,0.758101,0.842723,0.829157,0.91676,0.924609	0.560169,0.0481408,0.615334,0.521332,0.947302,0.875163,0.956248,0.937083,0.857109,0.878665,0.961924,0.908734,0.866452,0.668797,0.92104,0.790009,0.676322,0.920461,0.885561,0.880133	-0.265119,-0.075207,-0.0924381,-0.118384,-0.0283681,-0.354635,-0.072386,0.0462279,0.261994,0.191096,-0.182932,0.413282,-0.0978849,0.0925622,0.134663,-0.0795518,0.386936,-0.385587,0.165815,0.238835
-0.115365,0.0283857,-0.0891057,0.0881643,0.0546185,0.137096,-0.205032,-0.0659305,0.0140146,0.110021,-0.0546037,0.0629781,0.0206252,-0.0996462,-0.148461,0.0176235,-0.177237,0.0375892,-0.0340193,-0.025609	-0.50373,0.0359028,-0.295588,0.088991,-0.123624,-0.126121,-0.254203,-0.37371,-0.331236,-0.181912,-0.340129,-0.315107,-0.373735,-0.478934,-0.663625,-0.488194,-0.532379,-0.289008,-0.277113,-0.285768	0.412326,-0.00752481,0.212068,-0.000833284,0.177047,0.258743,0.0518755,0.315554,0.343655,0.286204,0.290928,0.370728,0.391343,0.398296,0.571466,0.501503,0.392143,0.323088,0.245408,0.262077
-0.00411577,0.0732537,-0.0794739,0.107771,0.0529626,0.0784519,-0.182363,-0.0617954,-0.0295931,0.0945569,-0.0302187,0.0665556,0.122847,-0.071906,-0.184385,-0.0309525,-0.131485,0.0326929,-0.044059,-0.0356869	-0.534952,0.095593,-0.265702,0.131455,-0.120208,-0.0824964,-0.236162,-0.373979,-0.350494,-0.217397,-0.321446,-0.337551,-0.32256,-0.500501,-0.674539,-0.496048,-0.557784,-0.237496,-0.311675,-0.319507	0.532008,-0.0224969,0.190245,-0.0240243,0.172075,0.159913,0.0562206,0.319569,0.324264,0.30567,0.294084,0.395228,0.42843,0.444595,0.559776,0.472348,0.460039,0.268107,0.271342,0.287093
0.43237,0.115974,0.545242,0.393197,0.936252,0.755264,0.943971,0.963068,0.866066,0.930881,0.959567,0.96677,0.915634,0.69325,0.906719,0.77756,0.811094,0.833731,0.925529,0.924419	0.294083,0.130494,0.568501,0.415795,0.942935,0.880124,0.93891,0.957239,0.8822,0.894257,0.951779,0.931299,0.875392,0.62363,0.912698,0.829134,0.680837,0.922483,0.889046,0.884696	0.158432,-0.0147433,-0.0337069,-0.0270151,-0.0570296,-0.372412,0.0445115,0.0746113,-0.0683797,0.218586,0.0898261,0.355966,0.20277,0.122641,-0.0346709,-0.145156,0.290897,-0.384377,0.205927,0.218051
0.412902,0.0439107,0.577412,0.345691,0.937063,0.779751,0.943547,0.956515,0.912153,0.934116,0.948588,0.966747,0.856242,0.729552,0.932849,0.794397,0.809719,0.827215,0.931254,0.935535	0.383346,0.110058,0.604846,0.393429,0.942279,0.851665,0.967737,0.95435,0.885529,0.877054,0.958623,0.931537,0.893403,0.691449,0.915854,0.803719,0.71847,0.914129,0.887471,0.886821	0.0351137,-0.0664683,-0.0421574,-0.0552526,-0.044571,-0.214085,-0.278383,0.0248447,0.138474,0.315733,-0.110689,0.354081,-0.158115,0.0768913,0.116684,-0.0257867,0.218172,-0.356468,0.252292,0.28597
