-0.0899408,-0.0226158,0.0727364,0.250917,0.196431,0.133544,0.0327005,0.0865363,-0.0361265,0.0119651,-0.108981,-0.117685,-0.0254113,0.0304451,0.01783,-0.143799,-0.00517837,0.0273808,0.113987,-0.0125947	-0.184056,-0.458911,-0.404981,-0.353778,-0.364882,-0.491006,-0.430099,-0.407929,-0.414637,-0.355118,-0.485191,-0.473368,-0.430946,-0.41992,-0.339516,-0.568385,-0.425328,-0.48351,-0.363694,-0.432221	0.0956992,0.440871,0.464048,0.555393,0.523772,0.586117,0.45638,0.477605,0.384267,0.36553,0.397213,0.376666,0.410025,0.44468,0.355196,0.462378,0.421077,0.504215,0.458667,0.421923
0.0695049,-0.0162372,0.111086,0.291426,0.199203,0.103727,0.0317312,0.0899614,-0.0882405,0.0683816,-0.0461402,-0.0852355,-0.0399106,0.0499427,0.0423406,-0.170675,-0.0657011,0.0336446,0.11476,-0.00051319	-0.248419,-0.431902,-0.365224,-0.319161,-0.377674,-0.504456,-0.425836,-0.370704,-0.415236,-0.288184,-0.431291,-0.460688,-0.477236,-0.425892,-0.300974,-0.589563,-0.460832,-0.464692,-0.34108,-0.410938	0.312528,0.4186,0.457738,0.558628,0.536513,0.577942,0.451467,0.445799,0.339432,0.349675,0.392971,0.390798,0.445816,0.465925,0.338994,0.465754,0.407468,0.490666,0.43867,0.410512
-0.320097,-0.0960996,-0.158655,-0.0892044,-0.0183239,-0.026965,-0.0663426,-0.0377799,-0.110556,-0.0131451,0.0149515,-0.0529156,-0.0501705,-0.057169,-0.0904522,-0.0455335,-0.02411,-0.0218089,-0.0894152,-0.0265685	-0.528973,-0.60856,-0.653008,-0.623357,-0.674681,-0.621239,-0.639523,-0.597377,-0.530418,-0.504867,-0.473764,-0.566729,-0.561946,-0.55647,-0.525842,-0.633344,-0.526207,-0.652716,-0.573332,-0.635544	0.251453,0.544292,0.551489,0.565604,0.664573,0.604399,0.598577,0.572519,0.446017,0.495007,0.485278,0.529698,0.526623,0.515707,0.457132,0.605265,0.508549,0.640018,0.510065,0.619435
-0.313487,-0.0922911,-0.17682,-0.0895852,-0.016539,-0.0249093,-0.047212,-0.0360675,-0.107198,-0.000877328,0.026561,-0.0536289,-0.048725,-0.0547942,-0.0785439,-0.0399982,-0.0169216,-0.00763935,-0.0840076,-0.0274271	-0.522085,-0.614924,-0.667445,-0.626249,-0.678164,-0.624645,-0.629234,-0.605825,-0.522346,-0.493475,-0.443313,-0.570044,-0.556162,-0.559861,-0.508403,-0.613721,-0.514919,-0.647846,-0.561399,-0.632566	0.24942,0.554077,0.556276,0.568561,0.66913,0.609215,0.599842,0.582485,0.439773,0.492811,0.464406,0.5327,0.521571,0.521051,0.447738,0.588161,0.502375,0.643391,0.50102,0.615823
-0.318488,-0.0549594,-0.165457,-0.067784,-0.0103897,-0.0186109,-0.056114,-0.0391656,-0.0984293,-0.0213427,0.0691781,-0.0372559,-0.0355879,-0.0573835,-0.0543176,-0.0556841,-0.0200491,-0.0301261,-0.0805937,-0.0314094	-0.516974,-0.588043,-0.657659,-0.607961,-0.665105,-0.634241,-0.631131,-0.603927,-0.512916,-0.502004,-0.396832,-0.542456,-0.548994,-0.558061,-0.508741,-0.625622,-0.543291,-0.648426,-0.556717,-0.637175	0.237608,0.550888,0.5523,0.563394,0.659271,0.622983,0.596129,0.578444,0.436525,0.485867,0.453559,0.51562,0.523636,0.517241,0.467338,0.59051,0.529004,0.630619,0.49849,0.618136
-0.313236,-0.0554857,-0.174872,-0.0842029,-0.00135742,-0.0280944,-0.049422,-0.0445486,-0.0884546,-0.0203555,0.0642324,-0.0487401,-0.0284944,-0.059814,-0.0946013,-0.049938,-0.0319697,-0.0361972,-0.0957461,-0.0395053	-0.502947,-0.583562,-0.653114,-0.613828,-0.655278,-0.627079,-0.629243,-0.607482,-0.504771,-0.505073,-0.405108,-0.554788,-0.552518,-0.559927,-0.535065,-0.623307,-0.551802,-0.655823,-0.557246,-0.63729	0.225188,0.545748,0.539906,0.558491,0.654502,0.609726,0.598431,0.578592,0.435773,0.489753,0.457437,0.520111,0.532405,0.517443,0.463948,0.59179,0.529168,0.634693,0.48751,0.613223
-0.0802305,0.00104244,0.0977584,0.157841,0.1416,0.100262,0.020637,0.02716,0.00160866,-0.0176275,-0.0213083,-0.0767172,-0.0832572,0.0323288,0.00934502,0.0146074,-0.047057,0.0730889,0.0724407,0.0445308	-0.21571,-0.490715,-0.428788,-0.390662,-0.326342,-0.479629,-0.337427,-0.454823,-0.388968,-0.462728,-0.459295,-0.5168,-0.470083,-0.432315,-0.406271,-0.490707,-0.453732,-0.48425,-0.446816,-0.432139	0.137865,0.491506,0.505363,0.516646,0.447274,0.553284,0.355587,0.476101,0.390332,0.448761,0.442315,0.458252,0.402582,0.458239,0.414044,0.501718,0.415547,0.538287,0.502976,0.46767
-0.253117,0.000821273,0.0891523,0.164963,0.136235,0.104479,-0.00015449,0.0209638,-0.0275409,-0.0482805,-0.0620238,-0.0723012,-0.0680816,0.0275226,0.0440825,0.0250071,0.00979895,0.0631426,0.077084,0.0545646	-0.261889,-0.484049,-0.443847,-0.393044,-0.324668,-0.49098,-0.370043,-0.461588,-0.425202,-0.497769,-0.482322,-0.508803,-0.472388,-0.433871,-0.357978,-0.473198,-0.416644,-0.522924,-0.449449,-0.41653	0.0093948,0.484677,0.512711,0.52403,0.44138,0.566405,0.369909,0.477927,0.402373,0.460557,0.433259,0.453173,0.417742,0.455949,0.395815,0.492379,0.424709,0.567334,0.508902,0.460625
0.582099,0.780261,0.678713,0.757072,0.811571,0.762259,0.700125,0.560504,0.555209,0.581426,0.407708,0.562519,0.796186,0.763126,0.76403,0.775422,0.677557,0.77876,0.771624,0.803639	0.297756,0.830749,0.728326,0.782771,0.782782,0.768567,0.710595,0.64081,0.61446,0.636066,0.442264,0.556511,0.699424,0.718525,0.803657,0.757432,0.668102,0.820089,0.816728,0.839313	0.34396,-0.143514,-0.0981126,-0.0630829,0.078935,-0.01523,-0.0208359,-0.125318,-0.0899314,-0.0867068,-0.0421577,0.00874615,0.218361,0.0987442,-0.102664,0.0435949,0.0172754,-0.114373,-0.121972,-0.109601
0.185995,0.099937,-0.0382776,-0.104379,0.0355715,-0.0833048,-0.0602685,-0.115657,-0.0266261,-0.0698932,-0.0721699,0.0247264,-0.108299,-0.106905,0.0040025,0.00447862,0.0592606,-0.00262738,-0.0832277,-0.0469862	-0.069039,-0.123965,-0.259267,-0.281869,-0.334477,-0.174133,-0.305091,-0.293067,-0.12762,-0.273794,-0.164821,-0.187803,-0.299621,-0.24941,-0.170938,-0.215203,-0.0982058,-0.293872,-0.214498,-0.359366	0.251801,0.221162,0.223205,0.18287,0.365698,0.0921655,0.249408,0.183635,0.101338,0.207879,0.0937664,0.211547,0.197738,0.146409,0.174821,0.21947,0.156555,0.291469,0.133657,0.317746
0.189476,0.0659937,-0.0306108,-0.0932818,0.021452,-0.0907057,-0.0510088,-0.114816,-0.0216147,-0.0696399,-0.0607986,0.0331386,-0.122392,-0.125647,-0.0108034,-0.031573,0.0399721,-0.013533,-0.0616351,-0.0250643	-0.0635122,-0.168422,-0.269088,-0.280604,-0.351933,-0.188259,-0.293608,-0.307459,-0.112439,-0.266902,-0.119127,-0.186557,-0.300791,-0.271867,-0.1658,-0.209493,-0.100565,-0.300666,-0.184699,-0.338003	0.24998,0.231839,0.240458,0.192357,0.370587,0.0992485,0.246288,0.199692,0.0910452,0.200998,0.0587541,0.218345,0.185218,0.151392,0.155275,0.179105,0.139975,0.288307,0.124481,0.315612
0.167025,0.0786083,-0.00182526,-0.0605194,0.0174611,-0.00813409,-0.0760581,-0.0731018,-0.000750301,-0.0756336,-0.114963,-0.00726186,-0.119005,-0.0817494,-0.00579803,-0.00393429,0.0828648,-0.0479295,-0.0486815,-0.0117487	-0.067707,-0.134278,-0.241624,-0.232055,-0.333477,-0.146571,-0.311648,-0.270807,-0.0933145,-0.271345,-0.146604,-0.18399,-0.298883,-0.22191,-0.181026,-0.193069,-0.103014,-0.30898,-0.165661,-0.332766	0.232107,0.210662,0.239904,0.173979,0.348907,0.138603,0.24131,0.201698,0.0925706,0.199812,0.0321839,0.176965,0.186511,0.14275,0.175412,0.189279,0.184306,0.264975,0.11793,0.322278
0.158156,0.0632251,-0.0342101,-0.0730261,0.050107,0.00144431,-0.0590889,-0.104685,-0.0328144,-0.0548057,-0.109172,0.0116757,-0.118699,-0.112774,-0.00806959,-0.00885181,0.0843673,-0.0486198,-0.0680934,-0.0104832	-0.0583584,-0.139456,-0.249955,-0.238129,-0.298799,-0.11101,-0.296009,-0.29551,-0.117419,-0.256453,-0.146326,-0.183019,-0.307573,-0.253344,-0.189154,-0.197174,-0.114529,-0.31925,-0.174495,-0.329583	0.214534,0.200909,0.217606,0.168025,0.343759,0.112436,0.241138,0.196917,0.0849323,0.204522,0.0377569,0.194279,0.196031,0.144704,0.181362,0.188651,0.196993,0.274898,0.107682,0.320206
0.186677,0.273262,0.0174048,0.231838,0.0869865,-0.0414451,0.015918,0.250723,0.0867856,0.140975,0.0585375,0.136446,0.197673,0.163164,0.162671,0.120625,0.186092,0.0854727,0.279112,0.171229	0.139111,0.198536,-0.0198641,0.269704,0.199715,0.0284697,0.20681,0.245382,0.105265,-0.00710858,0.0190436,0.0220199,0.184694,0.160877,0.0803305,0.129689,0.18564,0.0388103,0.188082,0.123214	0.0488347,0.0790127,0.0372561,-0.0403918,-0.114721,-0.0698324,-0.191523,0.00569143,-0.0186496,0.147935,0.0395381,0.11477,0.0134705,0.00234875,0.0834305,-0.00920748,0.000467538,0.0468177,0.0960737,0.0490494
0.161735,0.271803,0.0230945,0.269616,0.0344606,-0.0292679,0.081089,0.238578,0.0844901,0.128619,0.0816237,0.132664,0.209587,0.112631,0.0791197,0.147502,0.281545,0.115971,0.278454,0.151792	0.261432,0.218116,-0.030918,0.298707,0.153359,0.0218374,0.250096,0.224809,0.0705608,-0.0496307,0.0422149,0.028288,0.175127,0.117303,0.0393967,0.179975,0.28537,0.00599555,0.177037,0.119579	-0.104099,0.0570702,0.053974,-0.0316391,-0.11953,-0.0510727,-0.172506,0.0145493,0.0140129,0.177119,0.0395451,0.104769,0.035774,-0.00473483,0.0398473,-0.0333592,-0.00415868,0.110052,0.106676,0.0328077
-0.0161701,0.0869944,0.0294122,-0.124185,0.0545453,-0.103072,-0.0537983,-0.0697165,0.0374923,-0.100735,-0.0887252,-0.00388987,-0.141301,-0.217048,-0.00699491,0.00297144,0.100288,-0.00608248,-0.0861107,-0.0466437	-0.0550288,-0.165713,-0.232711,-0.311499,-0.310186,-0.19724,-0.310622,-0.305244,-0.113277,-0.331171,-0.203514,-0.2083,-0.276791,-0.320852,-0.204236,-0.206377,-0.055103,-0.316936,-0.245162,-0.37623	0.0388932,0.249116,0.260341,0.194851,0.358663,0.0961223,0.261188,0.240649,0.150132,0.238388,0.1169,0.204575,0.141004,0.111574,0.197523,0.20922,0.154537,0.311454,0.162482,0.335473
-0.0103599,0.0591028,0.0210845,-0.112837,0.0462696,-0.112298,-0.0464142,-0.0734887,0.0423224,-0.106281,-0.0960643,-0.00506476,-0.15904,-0.234038,-0.0176008,-0.0325246,0.0638696,-0.00600838,-0.0582592,-0.0235031	-0.0469631,-0.203587,-0.255422,-0.309866,-0.322959,-0.212925,-0.301488,-0.321987,-0.0983507,-0.328891,-0.176915,-0.215669,-0.281363,-0.341318,-0.195572,-0.200632,-0.0718509,-0.315722,-0.210038,-0.355315	0.0366211,0.259566,0.275025,0.204167,0.363792,0.103092,0.258694,0.254521,0.14009,0.230673,0.0822489,0.210835,0.128053,0.116594,0.178586,0.169211,0.135101,0.310302,0.153659,0.334607
-0.0604826,0.0810429,0.00878,-0.0985892,0.0176632,-0.019471,-0.0687021,-0.0813238,0.0779821,-0.0863103,-0.146832,-0.0566703,-0.163457,-0.161404,-0.0201285,-0.00865747,0.0929841,-0.0533413,-0.034328,-0.0133258	-0.0857542,-0.163124,-0.261482,-0.277854,-0.32288,-0.161342,-0.315329,-0.324534,-0.0644754,-0.310927,-0.200834,-0.224993,-0.28628,-0.266693,-0.216011,-0.187597,-0.0873447,-0.332429,-0.182836,-0.351229	0.0254033,0.240982,0.269643,0.184314,0.338612,0.142318,0.252088,0.249803,0.141745,0.230811,0.0556431,0.170497,0.128853,0.110026,0.196738,0.179231,0.178876,0.284126,0.149446,0.339492
-0.0790096,0.0571618,-0.00974999,-0.114303,0.06656,-0.00425462,-0.0527039,-0.082445,0.0324515,-0.0795014,-0.134432,-0.023682,-0.152337,-0.210152,-0.0297443,-0.0083588,0.104749,-0.0616514,-0.0504003,-0.00708969	-0.0887348,-0.175582,-0.258816,-0.286548,-0.274701,-0.121076,-0.301463,-0.327501,-0.100557,-0.307515,-0.194559,-0.211386,-0.285535,-0.314209,-0.23068,-0.186939,-0.0910037,-0.347664,-0.188229,-0.344934	0.00979394,0.230431,0.249696,0.178077,0.335133,0.116881,0.252775,0.251856,0.132575,0.233727,0.0617413,0.188649,0.139255,0.111414,0.202324,0.17886,0.193905,0.292277,0.139149,0.338673
0.0944176,0.375809,0.0368984,0.301386,0.0570932,-0.0452012,0.0531695,0.366579,0.106664,0.228368,0.0134296,0.13813,0.205791,0.219354,0.211191,0.0769995,0.240553,0.0979738,0.321045,0.212213	0.302355,0.252875,-0.0357828,0.318953,0.191619,0.0200766,0.2404,0.286628,0.0736678,0.0241761,-0.0526508,0.0237467,0.272582,0.258074,0.0932971,0.0999634,0.248701,0.0212216,0.188721,0.135118	-0.214048,0.135844,0.0725854,-0.0194354,-0.136014,-0.0652185,-0.189655,0.0893372,0.0332571,0.205326,0.0660338,0.11476,-0.07076,-0.0410434,0.120264,-0.023142,-0.00866743,0.0769121,0.140858,0.0793704
-0.132922,0.406872,0.0117397,0.335758,0.000788278,-0.0511651,0.122475,0.35401,0.0948641,0.210711,0.00621562,0.167948,0.22142,0.16146,0.141715,0.0942564,0.349713,0.13453,0.301305,0.174938	0.157439,0.303517,-0.0759855,0.343768,0.140004,-0.00579472,0.286801,0.2656,0.0316455,-0.0237336,-0.0585843,0.0620232,0.26643,0.206738,0.0691848,0.14091,0.362581,-0.0054148,0.160699,0.114897	-0.28441,0.117916,0.087647,-0.00905479,-0.139231,-0.0453839,-0.170309,0.0975861,0.0634089,0.233278,0.0647763,0.107039,-0.0478318,-0.0468417,0.0732481,-0.0472819,-0.0147358,0.139843,0.147761,0.0612723
0.822938,0.691948,0.651299,0.753758,0.835266,0.822265,0.711069,0.693701,0.648404,0.758083,0.617221,0.861908,0.699526,0.76917,0.60184,0.680809,0.612287,0.750304,0.605398,0.750535	0.825959,0.669159,0.626136,0.73959,0.82577,0.812468,0.717846,0.66745,0.662514,0.767968,0.664168,0.853398,0.717363,0.76134,0.628457,0.730904,0.631585,0.757369,0.618979,0.760733	-0.00943118,0.0424391,0.0424921,0.032017,0.0306052,0.0295148,-0.013842,0.0488855,-0.0247355,-0.0236575,-0.0795616,0.0321808,-0.0358049,0.0188945,-0.0428091,-0.0997136,-0.0314665,-0.0163646,-0.02172,-0.0237676
0.642152,0.471534,0.410537,0.346825,0.29898,0.376177,0.389712,0.37322,0.31815,0.434158,0.297444,0.492917,0.482403,0.406078,0.423417,0.371723,0.399132,0.403199,0.380158,0.313691	0.657693,0.47917,0.390995,0.361938,0.311742,0.31913,0.397995,0.350821,0.327959,0.445604,0.372845,0.5375,0.500437,0.417909,0.422602,0.41522,0.371216,0.436511,0.404493,0.31063	-0.0269029,-0.00986518,0.0232786,-0.0172825,-0.0140739,0.0648292,-0.00980413,0.025774,-0.0109525,-0.0141921,-0.0848063,-0.0606528,-0.0237724,-0.0142497,0.000993045,-0.051436,0.0327719,-0.040428,-0.0287565,0.0033916
0.629525,0.548976,0.436631,0.46726,0.437261,0.550243,0.451526,0.447482,0.381846,0.499187,0.398177,0.568171,0.543664,0.50946,0.479311,0.437708,0.447104,0.396404,0.402789,0.477567	0.66554,0.568309,0.441439,0.491465,0.477581,0.526879,0.467086,0.428042,0.401059,0.509977,0.469808,0.58993,0.547615,0.513851,0.471281,0.480262,0.399483,0.411167,0.439358,0.476519	-0.0619854,-0.0281,-0.00595492,-0.0314206,-0.0509625,0.0329027,-0.019719,0.0240463,-0.022687,-0.014475,-0.0881136,-0.0327293,-0.00562522,-0.00594895,0.0103735,-0.0538808,0.0579761,-0.0176378,-0.0444319,0.00135594
-0.172528,-0.196184,-0.350604,-0.356128,-0.465262,-0.278605,-0.411163,-0.304701,-0.160568,-0.274353,-0.226877,-0.242488,-0.333402,-0.351648,-0.214649,-0.283721,-0.184015,-0.296988,-0.15582,-0.350818	0.0105934,-0.0457773,-0.184166,-0.171849,-0.0945694,-0.140412,-0.031645,-0.12983,-0.0449845,-0.184315,-0.173112,-0.13579,-0.162944,-0.225541,-0.113918,-0.0649271,-0.0368693,-0.0502912,-0.0905339,-0.0836683	-0.182787,-0.15177,-0.177927,-0.196292,-0.387753,-0.143819,-0.384522,-0.182074,-0.116425,-0.0948339,-0.0559628,-0.11033,-0.180251,-0.136971,-0.103256,-0.2229,-0.14815,-0.250437,-0.0662204,-0.275229
0.0202182,-0.207507,-0.350768,-0.348871,-0.463997,-0.283007,-0.401883,-0.295774,-0.115958,-0.2737,-0.217811,-0.244439,-0.336026,-0.341943,-0.264628,-0.29251,-0.158105,-0.246862,-0.161309,-0.344882	0.381447,-0.0389776,-0.199219,-0.168972,-0.0849573,-0.161795,-0.0472814,-0.125014,-0.0269374,-0.206797,-0.162554,-0.130018,-0.182155,-0.208371,-0.139442,-0.0552757,-0.000450217,-0.0426709,-0.106295,-0.0655913	-0.364036,-0.169903,-0.162935,-0.191168,-0.394595,-0.127028,-0.36147,-0.177316,-0.0892997,-0.0709172,-0.0572858,-0.118177,-0.163903,-0.143819,-0.129982,-0.241134,-0.157666,-0.206365,-0.0559733,-0.285755
0.644995,0.445037,0.398886,0.370936,0.292466,0.353832,0.402149,0.364818,0.311006,0.432754,0.318257,0.483406,0.506043,0.407309,0.485823,0.404207,0.368365,0.408865,0.38763,0.323167	0.65728,0.475302,0.404091,0.399711,0.314241,0.306527,0.403513,0.367805,0.307287,0.433891,0.348925,0.536851,0.505946,0.427335,0.458387,0.396098,0.3217,0.435514,0.398628,0.310574	-0.0213259,-0.0383834,-0.00620595,-0.0337842,-0.0239784,0.05306,-0.00162853,-0.00344998,0.00411178,-0.00139996,-0.0344996,-0.0721763,0.000130166,-0.0242464,0.0352959,0.00965528,0.0529388,-0.032422,-0.0130076,0.0139976
0.609058,0.48503,0.406887,0.453002,0.428056,0.53582,0.463152,0.426429,0.408862,0.492785,0.456067,0.561007,0.518651,0.505665,0.490314,0.459199,0.414738,0.401004,0.439315,0.49902	0.642287,0.527042,0.436199,0.491109,0.477709,0.522449,0.471634,0.433342,0.414178,0.493131,0.480915,0.591704,0.504513,0.518256,0.455513,0.451226,0.348882,0.408855,0.462819,0.48797	-0.0545803,-0.05644,-0.0356371,-0.0490099,-0.062416,0.0185688,-0.010853,-0.00847955,-0.00639934,-0.000456645,-0.0318295,-0.0459496,0.0191479,-0.0170629,0.0448079,0.0100572,0.0769973,-0.0093901,-0.0295031,0.0146061
-0.156485,-0.226281,-0.371583,-0.364123,-0.487326,-0.284131,-0.403483,-0.345964,-0.141226,-0.268167,-0.214747,-0.253852,-0.343473,-0.352362,-0.219954,-0.279687,-0.192095,-0.309143,-0.15201,-0.356021	0.0259883,-0.0635359,-0.194321,-0.172125,-0.120891,-0.137926,-0.0300247,-0.161922,-0.0344114,-0.18518,-0.194172,-0.142272,-0.186673,-0.219544,-0.139637,-0.102583,-0.0610905,-0.0679715,-0.0977044,-0.0946657	-0.181735,-0.165119,-0.191057,-0.204836,-0.389374,-0.152168,-0.378038,-0.194964,-0.107336,-0.0873243,-0.02147,-0.115761,-0.167543,-0.143954,-0.0828618,-0.182334,-0.13256,-0.246348,-0.0551245,-0.270471
0.0348089,-0.229849,-0.372524,-0.361038,-0.484391,-0.285795,-0.396199,-0.348421,-0.0891882,-0.261709,-0.207679,-0.257087,-0.352063,-0.345438,-0.274978,-0.298272,-0.165226,-0.257923,-0.150347,-0.352459	0.394372,-0.0494803,-0.209741,-0.173632,-0.109551,-0.156424,-0.0488119,-0.170058,-0.00961966,-0.201561,-0.186291,-0.137952,-0.212801,-0.20581,-0.170805,-0.105208,-0.0241654,-0.0590343,-0.105708,-0.0792039	-0.364568,-0.182443,-0.176581,-0.19994,-0.395845,-0.135425,-0.354238,-0.189597,-0.0796369,-0.0634974,-0.0222484,-0.123516,-0.15054,-0.150314,-0.109307,-0.19932,-0.141626,-0.201964,-0.0453597,-0.281102
0.65755,0.441906,0.360771,0.370812,0.294174,0.326312,0.359082,0.396362,0.40995,0.407136,0.323189,0.444813,0.483505,0.429212,0.410746,0.392694,0.400174,0.361958,0.407165,0.306824	0.677676,0.453379,0.384784,0.379299,0.319664,0.360443,0.366187,0.400083,0.418802,0.406333,0.31659,0.422803,0.469348,0.421667,0.403694,0.392721,0.380585,0.343645,0.419372,0.308862	-0.0363012,-0.0143476,-0.0278835,-0.00987565,-0.0281357,-0.0386807,-0.00818137,-0.00442183,-0.0106863,0.000962788,0.00735129,0.0271078,0.0183129,0.00921148,0.00845426,-3.17921e-05,0.0231082,0.0209138,-0.0147203,-0.00225169
-0.132465,-0.191064,-0.316151,-0.334173,-0.431285,-0.254556,-0.392551,-0.333346,-0.101253,-0.284108,-0.205474,-0.237359,-0.345691,-0.333782,-0.228197,-0.293033,-0.173434,-0.292907,-0.124751,-0.336888	0.0412821,-0.0482977,-0.130428,-0.155975,-0.0469653,-0.0666252,-0.0170197,-0.152282,0.00805865,-0.204072,-0.207011,-0.16233,-0.188569,-0.210774,-0.127091,-0.110667,0.00437713,-0.0694845,-0.078132,-0.0653662	-0.172802,-0.144096,-0.193711,-0.187997,-0.392265,-0.191173,-0.378058,-0.190746,-0.109223,-0.0849621,0.00160554,-0.0780358,-0.168078,-0.132316,-0.104126,-0.188478,-0.177676,-0.228064,-0.0470778,-0.277636
0.0668282,-0.19858,-0.309219,-0.323884,-0.433575,-0.256951,-0.363013,-0.334414,-0.0511968,-0.273633,-0.197674,-0.239624,-0.336424,-0.338171,-0.288343,-0.32524,-0.152804,-0.25966,-0.135969,-0.338312	0.414633,-0.0368365,-0.136766,-0.149924,-0.0408486,-0.0873024,-0.00313001,-0.159502,0.0305913,-0.215205,-0.198683,-0.157012,-0.193601,-0.210642,-0.164956,-0.130853,0.0334813,-0.08351,-0.0995415,-0.0589864	-0.357716,-0.162935,-0.180069,-0.182839,-0.399807,-0.173541,-0.360292,-0.184767,-0.0816602,-0.0620833,0.00104931,-0.0858423,-0.152774,-0.13731,-0.129549,-0.203027,-0.185337,-0.180054,-0.0369274,-0.285013
-0.160225,-0.21104,-0.324481,-0.335405,-0.411486,-0.281674,-0.401241,-0.346335,-0.13743,-0.275226,-0.21471,-0.249506,-0.353032,-0.353385,-0.225848,-0.287063,-0.176651,-0.302713,-0.139368,-0.344639	-0.00703586,-0.0795283,-0.158938,-0.163332,-0.0353873,-0.125011,-0.0314384,-0.166741,-0.0369473,-0.192886,-0.211522,-0.160087,-0.186842,-0.228805,-0.119545,-0.104539,0.0148176,-0.0664702,-0.102979,-0.0770538	-0.153362,-0.133757,-0.174545,-0.182046,-0.381656,-0.162381,-0.374527,-0.190601,-0.100996,-0.0869558,-0.00333974,-0.0931393,-0.177926,-0.135539,-0.109252,-0.188171,-0.190968,-0.241094,-0.0369189,-0.274885
0.0549284,-0.227663,-0.324435,-0.317229,-0.410849,-0.282927,-0.374578,-0.343918,-0.0839296,-0.257462,-0.215417,-0.246934,-0.351466,-0.353611,-0.276343,-0.319961,-0.165237,-0.270672,-0.143809,-0.345111	0.379833,-0.0792115,-0.173425,-0.147613,-0.0277128,-0.143047,-0.021783,-0.169479,-0.0101476,-0.196794,-0.211642,-0.149629,-0.201052,-0.2239,-0.14639,-0.126293,0.0342266,-0.0818301,-0.11703,-0.068122	-0.331828,-0.151178,-0.160013,-0.177948,-0.387549,-0.14578,-0.355698,-0.185236,-0.0738449,-0.0639058,-0.00395568,-0.101038,-0.161851,-0.140864,-0.135432,-0.201824,-0.198342,-0.193119,-0.0272378,-0.283658
0.579425,0.755789,0.795137,0.838651,0.830665,0.844954,0.838366,0.914609,0.859983,0.85055,0.739098,0.858255,0.865612,0.883016,0.732239,0.78077,0.703716,0.813258,0.842501,0.81991	0.741545,0.78213,0.772078,0.827235,0.843348,0.816623,0.800793,0.904136,0.820464,0.809134,0.739986,0.871321,0.839528,0.892012,0.781513,0.809398,0.708545,0.732423,0.828503,0.838775	-0.284258,-0.0644218,0.0597263,0.0372789,-0.0423501,0.091394,0.114327,0.0605114,0.134231,0.132832,-0.00196032,-0.051812,0.09544,-0.0423637,-0.115195,-0.0777816,-0.00963097,0.199912,0.0463535,-0.0604112
0.523293,0.78131,0.638526,0.678018,0.781674,0.752842,0.689182,0.527679,0.596949,0.538514,0.410634,0.585813,0.799836,0.744741,0.748398,0.804489,0.70803,0.769185,0.746016,0.798818	0.405083,0.836905,0.725381,0.753564,0.751028,0.735087,0.698919,0.613301,0.608885,0.65054,0.495215,0.610786,0.693061,0.717354,0.81525,0.768369,0.647589,0.816852,0.795104,0.845924	0.150007,-0.160626,-0.161795,-0.154469,0.0742127,0.0397571,-0.0187858,-0.12659,-0.0187508,-0.172434,-0.10617,-0.0388868,0.239585,0.0588012,-0.171472,0.0945914,0.11162,-0.128243,-0.120657,-0.145273
0.466308,0.162084,0.063082,-0.0545783,0.0524822,-0.0714235,-0.0182047,-0.0939387,0.0499747,-0.0608803,-0.0782547,0.057043,-0.0715259,-0.0695703,0.0690914,0.0295789,0.074622,0.010713,-0.0270417,-0.0294315	-0.00190081,-0.107291,-0.279166,-0.395613,-0.418271,-0.23933,-0.314097,-0.328863,-0.100185,-0.280454,-0.0941209,-0.11576,-0.276557,-0.258446,-0.174043,-0.137959,-0.0937186,-0.301487,-0.270511,-0.35023	0.467795,0.264771,0.336326,0.348561,0.460642,0.170826,0.297594,0.242413,0.149411,0.223388,0.0159839,0.171669,0.209168,0.192334,0.240246,0.166857,0.167172,0.311194,0.245264,0.324139
0.463918,0.125994,0.0834055,-0.0413703,0.0357128,-0.0801359,-0.0215015,-0.0941497,0.0527123,-0.0691177,-0.0746727,0.0654605,-0.0867055,-0.0899015,0.0457549,-0.00708648,0.0507193,-0.0087978,-0.00760728,-0.0070334	0.00289803,-0.150904,-0.286241,-0.392478,-0.436098,-0.252297,-0.308316,-0.342079,-0.0854114,-0.272838,-0.0451549,-0.114902,-0.278418,-0.280312,-0.170028,-0.13025,-0.0962411,-0.307977,-0.24181,-0.328135	0.461641,0.271731,0.361028,0.356903,0.464575,0.175713,0.288728,0.25618,0.137505,0.207636,-0.0296176,0.179016,0.196455,0.195333,0.214117,0.123277,0.146247,0.299992,0.234635,0.321845
0.44626,0.113288,0.106998,-0.020444,0.0265567,0.00228151,-0.040771,-0.0495026,0.0671153,-0.0598542,-0.153102,0.016719,-0.0917212,-0.0443883,0.0329684,0.027209,0.0954705,-0.0296025,0.00354273,0.00862496	-0.0016458,-0.119133,-0.261692,-0.349126,-0.417495,-0.210176,-0.321701,-0.306525,-0.0677672,-0.275367,-0.0742593,-0.112033,-0.277214,-0.232548,-0.185958,-0.113251,-0.0988331,-0.314951,-0.224342,-0.324353	0.447577,0.229326,0.358647,0.331045,0.439183,0.212355,0.284664,0.260982,0.134272,0.219124,-0.0797492,0.128511,0.190332,0.190122,0.217592,0.140029,0.192487,0.288034,0.227704,0.332049
0.433699,0.0987032,0.0795252,-0.0227475,0.0568032,0.0177023,-0.0281675,-0.0784281,0.0285316,-0.0398745,-0.144344,0.0421731,-0.0964329,-0.0737622,0.059962,0.0194123,0.105022,-0.026748,-0.00584593,0.0152447	0.00640469,-0.124049,-0.269644,-0.353666,-0.388561,-0.176381,-0.308773,-0.329937,-0.0910194,-0.261717,-0.0734174,-0.110915,-0.287069,-0.262071,-0.19107,-0.11737,-0.109841,-0.324542,-0.231933,-0.31952	0.428485,0.220058,0.341839,0.333602,0.435746,0.19348,0.283067,0.258189,0.119241,0.224182,-0.0716862,0.152375,0.196064,0.192021,0.248189,0.136472,0.212413,0.300402,0.226394,0.333142
0.250611,0.269176,-0.0433751,0.153941,0.00309705,-0.100335,0.00274955,0.244372,0.0846167,0.153083,0.0692831,0.177794,0.245187,0.142919,0.157792,0.105824,0.215237,0.0412297,0.245965,0.141997	0.215629,0.212927,-0.0683764,0.118417,0.0796913,-0.0536061,0.181453,0.193296,0.131873,-0.0151596,0.0946374,0.0969129,0.188601,0.140922,0.0678981,0.219809,0.184174,0.0232219,0.119275,0.134788	0.0369812,0.0596685,0.0250756,0.0361835,-0.0766131,-0.0469816,-0.178793,0.0536073,-0.0477901,0.167853,-0.0255216,0.0822994,0.0593292,0.00203795,0.0908677,-0.116699,0.0323452,0.018025,0.13052,0.00735008
0.372505,0.268193,-0.0323488,0.192815,-0.0513137,-0.0899353,0.0814646,0.235011,0.102133,0.164174,0.117515,0.17127,0.247902,0.0951084,0.0479876,0.12603,0.274406,0.0780677,0.242415,0.116559	0.288909,0.2331,-0.0794156,0.15117,0.0274066,-0.0597172,0.222027,0.171737,0.0951795,-0.0558327,0.114475,0.103402,0.182093,0.0963494,0.0270259,0.274504,0.289739,-0.00948736,0.109235,0.131978	0.0936772,0.0374334,0.0471881,0.0428954,-0.0786098,-0.0303812,-0.143152,0.065936,0.00702144,0.218009,0.00308121,0.0690909,0.0689201,-0.00125245,0.0209889,-0.153794,-0.0166576,0.0874902,0.136803,-0.01566
0.304715,0.150917,0.13834,-0.078451,0.0735626,-0.0907053,-0.0101794,-0.0460717,0.112508,-0.0964181,-0.0975955,0.0301571,-0.104751,-0.182211,0.0599882,0.027799,0.111086,0.00758016,-0.0279963,-0.0288402	-0.094831,-0.15089,-0.271141,-0.443226,-0.396354,-0.246596,-0.317142,-0.344862,-0.0523628,-0.374321,-0.176396,-0.154536,-0.246322,-0.33592,-0.219913,-0.11584,-0.0150744,-0.327185,-0.29919,-0.371939	0.388325,0.295087,0.394677,0.377915,0.456604,0.159458,0.307956,0.303615,0.163905,0.288308,0.0801807,0.183836,0.145321,0.163731,0.276257,0.143178,0.125949,0.333937,0.273485,0.346819
0.306786,0.120804,0.142959,-0.0645981,0.0631948,-0.101108,-0.0155893,-0.05138,0.114622,-0.110659,-0.111539,0.0296633,-0.12367,-0.201139,0.0403114,-0.00791594,0.0713678,-0.00122363,-0.0023558,-0.00510545	-0.0877453,-0.188349,-0.29055,-0.439875,-0.408943,-0.261104,-0.315088,-0.36046,-0.0373735,-0.370117,-0.147583,-0.161786,-0.251671,-0.356271,-0.212808,-0.107499,-0.0311338,-0.325524,-0.26513,-0.350967	0.384189,0.302275,0.416221,0.386252,0.460244,0.164334,0.300977,0.314912,0.151347,0.270538,0.0366476,0.190535,0.132113,0.167107,0.250967,0.0996679,0.102274,0.32443,0.262938,0.346482
0.25447,0.116843,0.12459,-0.0648378,0.0267938,-0.00939225,-0.0320802,-0.0570407,0.143107,-0.0732065,-0.187524,-0.0302025,-0.135685,-0.126382,0.01938,0.022669,0.101562,-0.0348346,0.0206333,0.00747207	-0.121745,-0.150898,-0.297875,-0.413077,-0.4088,-0.210154,-0.323132,-0.360926,-0.00654637,-0.349444,-0.173662,-0.171751,-0.25709,-0.286167,-0.233799,-0.0935633,-0.0468599,-0.340953,-0.241095,-0.348638	0.36491,0.263102,0.407347,0.357823,0.430875,0.201159,0.294101,0.310273,0.149514,0.28349,-0.0143282,0.142287,0.125794,0.16578,0.252037,0.115986,0.147719,0.309798,0.260433,0.355184
0.227814,0.0938119,0.111897,-0.0706507,0.0751418,0.0117344,-0.020574,-0.054307,0.092264,-0.0671082,-0.172537,0.00910211,-0.12982,-0.173528,0.0398381,0.0196502,0.120687,-0.0395266,0.0151304,0.0192217	-0.124621,-0.162898,-0.295728,-0.419045,-0.366797,-0.171409,-0.313067,-0.364439,-0.0408113,-0.347006,-0.166541,-0.157448,-0.257878,-0.330056,-0.244473,-0.0931075,-0.0511069,-0.354951,-0.245,-0.340099	0.342705,0.252846,0.394568,0.359024,0.430085,0.182775,0.294389,0.316394,0.132576,0.286571,-0.00617349,0.166312,0.132494,0.166038,0.281568,0.112552,0.170741,0.319912,0.25917,0.356987
0.173748,0.370387,-0.0255908,0.240299,-0.0296767,-0.103838,0.0400825,0.365558,0.101654,0.25052,0.0274991,0.186804,0.249348,0.200642,0.209937,0.0642428,0.258185,0.0525528,0.291332,0.181805	0.24309,0.2624,-0.108988,0.145238,0.0673603,-0.0440557,0.21592,0.232827,0.138135,-0.0235625,-0.0202165,0.0794485,0.280072,0.223069,0.0628264,0.208717,0.281643,0.00136899,0.119643,0.137664	-0.0723994,0.119613,0.0836306,0.0984981,-0.0968434,-0.0600567,-0.177372,0.145079,-0.0370008,0.272474,0.0476891,0.108973,-0.0330303,-0.0234779,0.149077,-0.146437,-0.0252975,0.0511875,0.17789,0.0452737
0.0812557,0.40029,-0.0473817,0.276347,-0.0876125,-0.111551,0.122864,0.355732,0.109638,0.257071,0.047984,0.211523,0.256066,0.144898,0.111205,0.0752368,0.328193,0.095932,0.267579,0.138365	0.0904841,0.312361,-0.150369,0.17293,0.00974338,-0.0694379,0.25877,0.210634,0.0924141,-0.0689045,-0.0254127,0.116697,0.278008,0.170152,0.03891,0.256832,0.400596,-0.0245839,0.092153,0.117834	-0.00929673,0.100494,0.103727,0.108607,-0.0972728,-0.0424421,-0.14037,0.156851,0.0174003,0.320302,0.0733073,0.0972263,-0.0236232,-0.0258922,0.0726088,-0.185174,-0.083363,0.120232,0.179861,0.0208718
0.849765,0.706014,0.689822,0.768953,0.837124,0.821978,0.715278,0.700168,0.674876,0.755503,0.604171,0.865538,0.709366,0.774088,0.619149,0.684395,0.613391,0.746204,0.62639,0.755283	0.855622,0.686675,0.654982,0.754562,0.828733,0.813634,0.733419,0.675508,0.690667,0.773801,0.660421,0.856773,0.728081,0.768276,0.653701,0.736616,0.637507,0.761396,0.642155,0.764845	-0.0214615,0.0375367,0.0635568,0.034284,0.0274012,0.0251927,-0.0381596,0.0467905,-0.0295772,-0.0440495,-0.0935956,0.0339172,-0.0387049,0.0143403,-0.0580449,-0.105314,-0.0396014,-0.0351783,-0.0263731,-0.0226406
0.724195,0.480584,0.465498,0.367613,0.302341,0.377607,0.407932,0.388375,0.364771,0.44399,0.254494,0.500112,0.491314,0.425363,0.437519,0.389313,0.405475,0.411419,0.408665,0.325598	0.72806,0.515007,0.440573,0.39531,0.319202,0.326308,0.422184,0.365079,0.381155,0.449371,0.372131,0.555016,0.519605,0.437835,0.464612,0.426119,0.380939,0.439797,0.437638,0.319669	-0.00817469,-0.0457447,0.0313553,-0.0324061,-0.0186614,0.0585086,-0.017217,0.0271448,-0.0190299,-0.00672286,-0.129943,-0.075999,-0.0379894,-0.0153266,-0.0340061,-0.0441258,0.0290183,-0.0346465,-0.035283,0.00661852
0.713613,0.555121,0.49308,0.491079,0.435663,0.552812,0.464037,0.464161,0.418935,0.507313,0.359052,0.581378,0.549473,0.52752,0.512772,0.45015,0.458324,0.406714,0.438671,0.491162	0.733927,0.600562,0.485316,0.517938,0.485327,0.529087,0.490134,0.440473,0.45285,0.512877,0.470484,0.605406,0.569064,0.530679,0.503058,0.489481,0.406091,0.413342,0.468295,0.482042	-0.0426528,-0.0681671,0.0102065,-0.036021,-0.0629804,0.033532,-0.0337796,0.0297761,-0.0418566,-0.00752151,-0.134082,-0.0370782,-0.0285032,-0.00438722,0.0130904,-0.0504456,0.0641781,-0.00796745,-0.0372828,0.0119494
-0.10294,-0.189382,-0.37814,-0.41832,-0.520587,-0.319916,-0.411244,-0.312595,-0.151908,-0.261876,-0.215332,-0.19471,-0.2777,-0.358435,-0.209844,-0.286737,-0.156265,-0.319227,-0.190489,-0.366374	0.290599,0.016444,-0.0936818,-0.125073,-0.0903117,-0.128487,0.0174582,-0.106385,0.0325478,-0.173347,-0.181432,-0.0987202,-0.121749,-0.189624,-0.0515556,-0.0368493,-0.0203624,-0.0374471,-0.0359712,-0.0683304	-0.382108,-0.205187,-0.294906,-0.309437,-0.451503,-0.199635,-0.425646,-0.213304,-0.183548,-0.0927393,-0.0352787,-0.0978711,-0.161408,-0.181122,-0.16002,-0.252557,-0.136337,-0.285189,-0.155584,-0.305697
0.177978,-0.200753,-0.374518,-0.414518,-0.517055,-0.3261,-0.392149,-0.300936,-0.0923285,-0.243448,-0.178938,-0.199491,-0.288581,-0.347828,-0.276126,-0.299566,-0.163432,-0.267518,-0.197098,-0.365814	0.540995,0.0249737,-0.111265,-0.12255,-0.0795889,-0.151039,0.000288966,-0.10132,0.0479217,-0.193188,-0.166758,-0.0933231,-0.141619,-0.172199,-0.0771007,-0.0266472,0.0163963,-0.0302883,-0.0529099,-0.0503634	-0.401694,-0.224601,-0.274701,-0.307594,-0.456241,-0.18413,-0.392393,-0.205894,-0.139632,-0.0527409,-0.0125544,-0.108182,-0.153224,-0.186818,-0.203354,-0.275115,-0.179348,-0.239168,-0.145707,-0.321372
0.726819,0.455515,0.451278,0.39093,0.296013,0.355908,0.421887,0.380148,0.360157,0.445307,0.274286,0.491024,0.514621,0.426394,0.497884,0.423282,0.375619,0.418585,0.415521,0.334693	0.72426,0.508996,0.461276,0.432675,0.320891,0.312891,0.417544,0.380881,0.360959,0.431438,0.339035,0.555172,0.523889,0.445006,0.490029,0.406053,0.327554,0.432114,0.428873,0.319816	0.00540143,-0.0696241,-0.0126264,-0.050244,-0.0274886,0.0484069,0.00527219,-0.000857392,-0.000922388,0.0171673,-0.0713874,-0.0881892,-0.0126893,-0.0229703,0.0103895,0.0208046,0.0548082,-0.0165162,-0.0162474,0.0166604
0.698885,0.494377,0.462509,0.477874,0.426937,0.539313,0.478106,0.443615,0.445144,0.503616,0.41555,0.574269,0.523991,0.523837,0.524637,0.473464,0.427321,0.412537,0.472834,0.513357	0.712986,0.559034,0.489278,0.519063,0.484884,0.524047,0.485336,0.444876,0.463123,0.489746,0.471105,0.607612,0.524503,0.533131,0.480017,0.459973,0.352212,0.404223,0.487005,0.494783	-0.0281058,-0.089351,-0.0345985,-0.0547767,-0.073075,0.0212806,-0.0094144,-0.00157025,-0.0226479,0.018412,-0.0690774,-0.0512124,-0.000705888,-0.0128956,0.0596402,0.0172464,0.0884175,0.00997742,-0.0184109,0.024898
-0.0890959,-0.219422,-0.393895,-0.425629,-0.542935,-0.326718,-0.409113,-0.352983,-0.133169,-0.254018,-0.201204,-0.206075,-0.288081,-0.360215,-0.215603,-0.283047,-0.163653,-0.333042,-0.186213,-0.371992	0.299402,-0.00450162,-0.092958,-0.124882,-0.120478,-0.127588,0.00442816,-0.139848,0.040885,-0.180205,-0.207257,-0.104498,-0.14585,-0.185433,-0.0856942,-0.0785644,-0.0487389,-0.0634978,-0.0463958,-0.078859	-0.378404,-0.215133,-0.312375,-0.31763,-0.452024,-0.207792,-0.412793,-0.224202,-0.173111,-0.0773543,0.00631682,-0.103812,-0.14847,-0.187293,-0.132354,-0.209134,-0.115839,-0.275367,-0.141036,-0.301992
0.189664,-0.223109,-0.391142,-0.425963,-0.537798,-0.330065,-0.391344,-0.352648,-0.0665668,-0.230196,-0.1666,-0.212102,-0.305114,-0.35176,-0.286211,-0.305767,-0.170569,-0.279808,-0.186434,-0.374349	0.54569,0.010689,-0.110821,-0.126982,-0.107809,-0.14711,-0.0155402,-0.147712,0.0622512,-0.19417,-0.195036,-0.100518,-0.172757,-0.171253,-0.117231,-0.0809406,-0.0126089,-0.0546704,-0.0553697,-0.0637178	-0.397127,-0.233242,-0.293023,-0.316078,-0.456454,-0.192292,-0.378103,-0.216198,-0.128286,-0.0377113,0.0293903,-0.114014,-0.139722,-0.192078,-0.174847,-0.230532,-0.158301,-0.228635,-0.132431,-0.318222
0.724759,0.459336,0.420695,0.402101,0.294144,0.333992,0.375315,0.413409,0.444398,0.413646,0.288589,0.464041,0.49132,0.449984,0.453502,0.406143,0.414751,0.372048,0.44298,0.322289	0.740641,0.470166,0.437493,0.400566,0.324485,0.362095,0.386933,0.413898,0.460936,0.413773,0.277673,0.433915,0.482578,0.440552,0.417191,0.409684,0.386943,0.350592,0.443688,0.319418	-0.0342867,-0.0138138,-0.0205862,0.00183008,-0.0335425,-0.0319698,-0.0135922,-0.000590981,-0.0207977,-0.000152858,0.0118668,0.0377209,0.0114584,0.0117637,0.044784,-0.00424777,0.0331235,0.0246747,-0.000880869,0.00320048
-0.0679365,-0.187838,-0.3435,-0.401038,-0.488898,-0.297165,-0.394496,-0.339546,-0.0968256,-0.268373,-0.197067,-0.19068,-0.291091,-0.341942,-0.226517,-0.294985,-0.146063,-0.31841,-0.159971,-0.35384	0.319933,-0.0135545,-0.0310072,-0.122401,-0.0437512,-0.0575198,0.0240473,-0.128154,0.0760298,-0.18565,-0.248943,-0.135302,-0.155429,-0.175128,-0.089487,-0.0771354,0.017696,-0.0526033,-0.0290518,-0.0471654	-0.379618,-0.174728,-0.315857,-0.293021,-0.454877,-0.243812,-0.41461,-0.22101,-0.171592,-0.0870603,0.0545524,-0.0568446,-0.14209,-0.177439,-0.139865,-0.222921,-0.163337,-0.270335,-0.131531,-0.31188
0.211961,-0.195673,-0.333139,-0.394525,-0.488366,-0.301279,-0.355754,-0.337731,-0.031894,-0.240358,-0.160853,-0.195725,-0.290646,-0.343908,-0.303427,-0.331115,-0.158247,-0.282227,-0.172244,-0.360018	0.563655,-0.00103764,-0.0391031,-0.116519,-0.0368766,-0.0791886,0.0365686,-0.135155,0.094466,-0.194282,-0.236268,-0.130311,-0.162033,-0.174564,-0.128456,-0.0973493,0.0477632,-0.0673532,-0.051659,-0.0410233	-0.399413,-0.194675,-0.297917,-0.291402,-0.459769,-0.227519,-0.387285,-0.212266,-0.12598,-0.0483333,0.0783948,-0.0671258,-0.13497,-0.18016,-0.182068,-0.241552,-0.204465,-0.219037,-0.121668,-0.323776
-0.0916518,-0.206985,-0.351378,-0.400018,-0.472506,-0.322307,-0.406319,-0.35212,-0.131357,-0.260267,-0.20535,-0.202546,-0.299771,-0.360149,-0.220518,-0.288617,-0.149451,-0.32659,-0.173228,-0.359998	0.2697,-0.044224,-0.0553463,-0.11915,-0.0375468,-0.111488,0.0045253,-0.139177,0.0252709,-0.175787,-0.2493,-0.125688,-0.158471,-0.191401,-0.0548628,-0.0743487,0.036177,-0.0457,-0.0446006,-0.0536482	-0.352635,-0.164264,-0.301903,-0.294925,-0.442816,-0.218676,-0.41009,-0.223917,-0.156109,-0.0885303,0.0463214,-0.0788662,-0.148347,-0.181242,-0.167684,-0.218967,-0.18463,-0.285146,-0.129629,-0.312383
0.201417,-0.223686,-0.347355,-0.385988,-0.469397,-0.325568,-0.369212,-0.346748,-0.0626506,-0.224922,-0.177807,-0.202644,-0.307295,-0.357924,-0.287546,-0.325198,-0.169804,-0.291445,-0.178905,-0.365104	0.53139,-0.0430522,-0.0723309,-0.10264,-0.0291237,-0.130577,0.0131669,-0.141555,0.0492311,-0.177615,-0.244561,-0.115624,-0.174086,-0.185815,-0.0820966,-0.0961464,0.0570628,-0.0618898,-0.0598631,-0.0448093	-0.369523,-0.182391,-0.282112,-0.295037,-0.446375,-0.203649,-0.380529,-0.215785,-0.111538,-0.0492753,0.0697891,-0.0891075,-0.140738,-0.184371,-0.210416,-0.236445,-0.22469,-0.233772,-0.120331,-0.325622
0.763406,0.756083,0.784665,0.813059,0.812555,0.829156,0.844141,0.918631,0.874431,0.8677,0.763108,0.868632,0.863566,0.883286,0.705928,0.77401,0.679244,0.804196,0.83261,0.811847	0.707651,0.782253,0.752997,0.80671,0.820264,0.801834,0.786171,0.902454,0.809741,0.799249,0.728374,0.884725,0.852938,0.887562,0.788908,0.811579,0.731983,0.712769,0.822226,0.840812	0.121265,-0.0640559,0.0774005,0.0184516,-0.0231144,0.0815214,0.172345,0.0946147,0.22159,0.223335,0.0781976,-0.0695171,0.0403429,-0.0197913,-0.187278,-0.101039,-0.10489,0.214219,0.0329238,-0.0912587
-0.298282,-0.054477,0.181673,-0.0649826,0.0668536,-0.0563483,0.021491,0.106195,0.11826,-0.0530024,-0.0241646,-0.0539642,-0.125831,-0.317514,-0.0348012,-0.00514916,0.098492,-0.0129934,-0.000360308,0.00544194	-0.584764,-0.837387,-0.738327,-0.84957,-0.853705,-0.815798,-0.79439,-0.697295,-0.607357,-0.727603,-0.551949,-0.667868,-0.84085,-0.856447,-0.816828,-0.828681,-0.680642,-0.861294,-0.844638,-0.891642	0.347008,0.820332,0.811191,0.830434,0.870856,0.796043,0.802185,0.748094,0.676991,0.70166,0.534919,0.636857,0.799624,0.740226,0.804908,0.827061,0.730184,0.857901,0.844535,0.892752
-0.295182,-0.0304345,0.143121,-0.063858,0.0860808,-0.0615965,0.0165588,0.097775,0.117284,-0.064992,-0.0548255,-0.0719108,-0.13864,-0.314288,-0.0211922,-0.00329599,0.0570599,0.030654,0.018794,0.00931773	-0.580268,-0.843872,-0.757239,-0.847088,-0.851947,-0.82064,-0.79331,-0.709344,-0.599864,-0.72987,-0.549484,-0.674101,-0.841733,-0.859705,-0.815716,-0.823511,-0.690039,-0.860059,-0.834386,-0.888634	0.34401,0.83488,0.812324,0.828021,0.873936,0.799455,0.799368,0.754771,0.67001,0.697988,0.510023,0.632869,0.795983,0.747347,0.808501,0.822447,0.718797,0.867834,0.840008,0.890578
-0.337841,0.00270006,0.0283701,-0.130131,0.000530462,-0.0359224,0.0239346,-0.00855677,0.14794,-0.0166215,-0.0486621,-0.0896829,-0.161991,-0.232924,-0.0457361,-0.0162101,0.0251665,-0.0180858,0.0594735,-0.00561729	-0.602582,-0.832873,-0.771735,-0.846963,-0.866615,-0.811228,-0.793067,-0.730225,-0.578848,-0.724872,-0.547871,-0.67264,-0.846813,-0.839386,-0.824173,-0.825603,-0.709566,-0.867929,-0.827619,-0.882688	0.332413,0.833698,0.782963,0.805625,0.866747,0.798577,0.801783,0.726206,0.669459,0.716888,0.512883,0.620381,0.793699,0.75385,0.808929,0.820372,0.721843,0.863396,0.845477,0.881441
-0.350585,-0.0278161,0.0675483,-0.141882,0.0600414,-0.0184874,0.0209583,0.0595474,0.122748,-0.0462995,-0.0375963,-0.064967,-0.129834,-0.279707,-0.0683423,0.00166808,0.0485764,-0.0483581,0.0733041,0.0154394	-0.602164,-0.837428,-0.760903,-0.851491,-0.850569,-0.800691,-0.791463,-0.715378,-0.600775,-0.727402,-0.54521,-0.664463,-0.845336,-0.851281,-0.830243,-0.821541,-0.703879,-0.873235,-0.824816,-0.883553	0.318903,0.82892,0.787952,0.807117,0.866366,0.793956,0.799165,0.743264,0.673832,0.70484,0.518236,0.626543,0.803713,0.750205,0.807732,0.822083,0.727578,0.861245,0.846914,0.886894
-0.14247,0.372456,0.0499898,0.253634,-0.116791,-0.0103271,0.105594,0.221577,0.0331288,0.168662,-0.0677299,-0.00744967,0.0620581,0.174218,0.152966,-0.149337,0.130489,0.0391328,0.12958,0.166699	-0.367108,-0.660148,-0.691873,-0.610886,-0.768019,-0.759367,-0.605515,-0.374777,-0.530702,-0.573165,-0.472194,-0.561827,-0.660116,-0.639974,-0.734162,-0.770138,-0.536632,-0.782445,-0.723505,-0.762091	0.237036,0.828818,0.717062,0.74854,0.715397,0.75496,0.668374,0.550629,0.554089,0.676435,0.417827,0.556707,0.693754,0.732519,0.797561,0.701478,0.623463,0.797169,0.779962,0.824097
-0.474617,0.495769,-0.0314021,0.233607,-0.127121,-0.069989,0.121221,0.221123,0.017073,0.160556,-0.113551,0.0580032,0.0756124,0.148886,0.21491,-0.181926,0.172494,0.0631367,0.0590014,0.0854483	-0.526879,-0.620988,-0.717087,-0.60132,-0.778868,-0.781581,-0.592432,-0.392107,-0.554037,-0.602736,-0.487648,-0.529484,-0.656915,-0.667205,-0.729609,-0.763086,-0.4529,-0.785693,-0.743501,-0.774961	0.0696886,0.853877,0.701481,0.732089,0.723369,0.75277,0.665836,0.564303,0.565758,0.695944,0.396026,0.569982,0.697864,0.742348,0.816493,0.674846,0.580077,0.808712,0.768778,0.806972
0.786954,0.696339,0.665479,0.773788,0.832706,0.838628,0.709931,0.719487,0.658565,0.772108,0.637681,0.852174,0.74086,0.796525,0.607705,0.700766,0.614873,0.763631,0.620341,0.744183	0.795038,0.635467,0.648088,0.770181,0.810427,0.822377,0.724736,0.696203,0.678131,0.78183,0.694945,0.852385,0.74438,0.773016,0.618097,0.714589,0.613522,0.760495,0.654952,0.77393	-0.0215976,0.109189,0.0305801,0.00892892,0.0685176,0.0523682,-0.0304967,0.0466513,-0.0353571,-0.0245293,-0.102835,-0.000772568,-0.00784631,0.0611775,-0.0166431,-0.027688,0.00216927,0.00747898,-0.0582957,-0.0701491
0.587674,0.444407,0.405179,0.375581,0.29002,0.363519,0.432469,0.403463,0.314054,0.468587,0.383882,0.496536,0.541019,0.439671,0.425218,0.378403,0.348354,0.443018,0.397173,0.310065	0.588063,0.430407,0.421454,0.430909,0.288126,0.385205,0.425097,0.423801,0.351599,0.474477,0.410256,0.505803,0.548604,0.477644,0.413942,0.413614,0.342702,0.433869,0.455767,0.337183	-0.000595566,0.0173105,-0.0196261,-0.0660117,0.00206684,-0.0252179,0.00903245,-0.0245325,-0.0422051,-0.00757335,-0.0313032,-0.0123747,-0.0107868,-0.0480669,0.0136846,-0.0417441,0.00641812,0.0113265,-0.0715455,-0.030284
0.583791,0.543939,0.452821,0.496847,0.408001,0.513661,0.478384,0.492163,0.406051,0.517186,0.474952,0.55791,0.5959,0.55391,0.483721,0.448972,0.398037,0.43885,0.434426,0.468802	0.599004,0.524907,0.460896,0.549833,0.461679,0.580896,0.494993,0.485185,0.417592,0.542535,0.503182,0.565638,0.590924,0.553893,0.46278,0.478488,0.374621,0.410129,0.484265,0.500123	-0.0233934,0.0266372,-0.0102044,-0.0729018,-0.0661356,-0.0958289,-0.0217614,0.00916704,-0.0138986,-0.0352348,-0.0370953,-0.01129,0.00768049,2.39232e-05,0.0269798,-0.0375908,0.0275202,0.035025,-0.0631186,-0.0409128
-0.354735,-0.434589,-0.356453,-0.519806,-0.553026,-0.235731,-0.406571,-0.469054,-0.235664,-0.363259,-0.272616,-0.355499,-0.472006,-0.453161,-0.345656,-0.375361,-0.359995,-0.361062,-0.38175,-0.462365	-0.186885,-0.172718,-0.149407,-0.0886727,-0.150386,-0.0555674,0.0381016,-0.0140933,-0.0189834,-0.129962,-0.111684,-0.172751,-0.0725507,-0.136354,-0.131269,-0.074195,-0.112972,-0.0514946,-0.0127665,-0.0458221	-0.179768,-0.283123,-0.218692,-0.451965,-0.439164,-0.182555,-0.437889,-0.457988,-0.217655,-0.244857,-0.165985,-0.194706,-0.41362,-0.337671,-0.224577,-0.309794,-0.257495,-0.315432,-0.37079,-0.425559
-0.127615,-0.442333,-0.361043,-0.536994,-0.517771,-0.25093,-0.448763,-0.453374,-0.189812,-0.355171,-0.283035,-0.355109,-0.480118,-0.408231,-0.326845,-0.401792,-0.41685,-0.335214,-0.38651,-0.443987	0.225666,-0.16682,-0.166249,-0.0878401,-0.133783,-0.0789788,0.0221545,-0.00816655,-0.000485452,-0.154957,-0.101064,-0.166831,-0.0987218,-0.110644,-0.149572,-0.0648476,-0.0772418,-0.0443959,-0.0340799,-0.0244024	-0.343392,-0.297462,-0.207233,-0.471389,-0.412566,-0.175428,-0.466281,-0.446862,-0.189344,-0.211874,-0.18733,-0.200134,-0.400373,-0.311664,-0.186385,-0.345958,-0.350906,-0.295211,-0.357135,-0.42418
0.594668,0.406463,0.397229,0.401353,0.279864,0.340399,0.444403,0.394731,0.307586,0.467469,0.410604,0.490592,0.558079,0.436699,0.484472,0.400828,0.310277,0.446098,0.407923,0.324448	0.586427,0.452267,0.430708,0.460339,0.298684,0.378391,0.421781,0.438253,0.326458,0.463099,0.379577,0.499664,0.562042,0.500005,0.462773,0.42149,0.305965,0.44001,0.432263,0.32339	0.012653,-0.0561207,-0.0403901,-0.0723532,-0.0205363,-0.0436096,0.0278407,-0.0526258,-0.0209783,0.00557768,0.036755,-0.012018,-0.00577473,-0.0809897,0.0279698,-0.0248623,0.00476397,0.00757566,-0.0295504,0.00118205
0.55952,0.463294,0.426405,0.487427,0.396382,0.496426,0.493789,0.4715,0.433324,0.511581,0.537782,0.553836,0.569068,0.546301,0.490984,0.459909,0.360513,0.441343,0.473054,0.496279	0.566184,0.505072,0.45134,0.544105,0.47188,0.579895,0.494694,0.48826,0.425494,0.526674,0.506809,0.561396,0.560459,0.571195,0.459667,0.475343,0.338582,0.415618,0.488893,0.498378	-0.00975316,-0.0545404,-0.0308776,-0.077135,-0.0928688,-0.117212,-0.00119766,-0.0217715,0.00960013,-0.0206605,0.0425777,-0.0109711,0.0126408,-0.0361854,0.0404447,-0.0197516,0.0249806,0.0315045,-0.0206041,-0.00278892
-0.341066,-0.450614,-0.379709,-0.526784,-0.571697,-0.237197,-0.403464,-0.503136,-0.217818,-0.358812,-0.266782,-0.366376,-0.475935,-0.449595,-0.350755,-0.365757,-0.365164,-0.375374,-0.383102,-0.469862	-0.174302,-0.154389,-0.168263,-0.10212,-0.165174,-0.0439684,0.0285072,-0.0540355,-0.0129666,-0.131358,-0.148025,-0.187527,-0.0840193,-0.107497,-0.145196,-0.0746439,-0.118255,-0.0601683,-0.0480047,-0.0810218	-0.177305,-0.318374,-0.225877,-0.448808,-0.448914,-0.195265,-0.427059,-0.461652,-0.205432,-0.238705,-0.12364,-0.192044,-0.408241,-0.359472,-0.216589,-0.299284,-0.258053,-0.322489,-0.341376,-0.404229
-0.112495,-0.451314,-0.385397,-0.547523,-0.536457,-0.250203,-0.446889,-0.496926,-0.164481,-0.345684,-0.28,-0.367252,-0.489084,-0.408331,-0.335881,-0.400646,-0.421546,-0.348208,-0.384807,-0.456646	0.240729,-0.138859,-0.185643,-0.107012,-0.146307,-0.0643874,0.00842615,-0.0626427,0.0124445,-0.14996,-0.141133,-0.183199,-0.118973,-0.0869955,-0.168415,-0.0776837,-0.0819326,-0.0519804,-0.0598779,-0.0629582	-0.343911,-0.333346,-0.215147,-0.467927,-0.423381,-0.188858,-0.453607,-0.448236,-0.176564,-0.206426,-0.144581,-0.19733,-0.392978,-0.333171,-0.177507,-0.333337,-0.351763,-0.301688,-0.332593,-0.405341
0.608677,0.417216,0.38916,0.41896,0.261687,0.32062,0.390596,0.458778,0.438509,0.428907,0.39449,0.425389,0.537847,0.491291,0.411857,0.402766,0.353182,0.392121,0.444714,0.308864	0.623041,0.412582,0.381199,0.415576,0.314595,0.364332,0.414718,0.431492,0.41212,0.448466,0.395433,0.423958,0.525205,0.452952,0.402605,0.397622,0.335584,0.372913,0.436083,0.311927	-0.0231394,0.00559789,0.00934731,0.00409778,-0.0576543,-0.0494934,-0.0287838,0.0340216,0.0322101,-0.0242177,-0.00111784,0.00174639,0.0176194,0.0493119,0.0110905,0.00612545,0.019965,0.0224978,0.0107084,-0.0033896
-0.308801,-0.425989,-0.331789,-0.508034,-0.509124,-0.22,-0.384473,-0.508085,-0.181154,-0.377027,-0.250721,-0.343978,-0.479077,-0.446741,-0.355411,-0.38381,-0.351373,-0.354028,-0.360314,-0.458687	-0.133626,-0.151865,-0.131686,-0.121106,-0.0737734,-0.0569981,0.0693214,-0.0973328,0.00943767,-0.149411,-0.105814,-0.16694,-0.0905848,-0.149237,-0.134498,-0.113309,-0.0924588,-0.0255619,-0.0394799,-0.0634587	-0.182714,-0.293084,-0.209245,-0.412295,-0.45234,-0.165072,-0.442014,-0.432122,-0.190266,-0.241204,-0.148857,-0.187824,-0.406116,-0.318756,-0.232003,-0.2828,-0.267609,-0.331466,-0.325464,-0.407077
-0.0744365,-0.432107,-0.329429,-0.52623,-0.472729,-0.233955,-0.407871,-0.500163,-0.129173,-0.36041,-0.261662,-0.345034,-0.477331,-0.414867,-0.344191,-0.431402,-0.415777,-0.345394,-0.372726,-0.447464	0.288254,-0.140839,-0.13889,-0.118264,-0.0633156,-0.0784873,0.0874016,-0.104963,0.0333885,-0.161929,-0.0961091,-0.162283,-0.0997091,-0.143748,-0.163923,-0.136207,-0.0649453,-0.0438994,-0.0676712,-0.0553318	-0.355072,-0.310142,-0.199675,-0.435041,-0.422045,-0.158376,-0.478224,-0.417097,-0.161863,-0.210782,-0.169823,-0.193591,-0.396493,-0.288313,-0.191047,-0.313624,-0.360568,-0.306136,-0.312948,-0.402087
-0.336242,-0.442874,-0.332437,-0.511063,-0.503264,-0.244259,-0.394578,-0.503427,-0.214183,-0.372117,-0.259509,-0.358834,-0.486313,-0.45489,-0.353241,-0.378206,-0.353652,-0.361753,-0.37055,-0.465026	-0.178738,-0.171458,-0.128185,-0.116704,-0.0990779,-0.121927,0.0355176,-0.0714877,-0.00378744,-0.1573,-0.116712,-0.184546,-0.0886577,-0.133617,-0.124459,-0.102023,-0.0829608,-0.0208187,-0.0477551,-0.0779851	-0.167574,-0.293719,-0.213343,-0.419372,-0.425397,-0.126087,-0.424152,-0.448065,-0.210566,-0.228172,-0.147257,-0.186647,-0.415573,-0.342065,-0.239303,-0.287267,-0.278873,-0.343521,-0.32861,-0.401605
-0.0874678,-0.455975,-0.337462,-0.52165,-0.464948,-0.257384,-0.420406,-0.492571,-0.15987,-0.347815,-0.278975,-0.355507,-0.489924,-0.420526,-0.334467,-0.428941,-0.42635,-0.352942,-0.37633,-0.453492	0.253598,-0.172579,-0.144543,-0.100257,-0.0862312,-0.141324,0.046576,-0.0737597,0.0238613,-0.161386,-0.11649,-0.174542,-0.108616,-0.123073,-0.144018,-0.127783,-0.0670755,-0.0404239,-0.0671279,-0.0668177	-0.333665,-0.307602,-0.202811,-0.444647,-0.394535,-0.120441,-0.458014,-0.434601,-0.183033,-0.197516,-0.167943,-0.192937,-0.402739,-0.313689,-0.200087,-0.318622,-0.369851,-0.317041,-0.317216,-0.398757
0.513279,0.656614,0.787419,0.757362,0.849998,0.83197,0.778106,0.895248,0.836568,0.833615,0.696773,0.829919,0.8196,0.891726,0.744964,0.708548,0.516702,0.770074,0.75302,0.782804	0.690313,0.683329,0.771493,0.815076,0.774288,0.823118,0.841966,0.857038,0.791106,0.766189,0.728757,0.839642,0.806867,0.817882,0.682906,0.782847,0.686275,0.723535,0.737996,0.777283	-0.274184,-0.0484575,0.0405761,-0.150811,0.221469,0.0280849,-0.185178,0.164176,0.134428,0.186624,-0.0649807,-0.0320729,0.0375964,0.272813,0.126325,-0.166847,-0.26274,0.105096,0.0338167,0.0141016
0.80532,0.697392,0.658479,0.776948,0.825764,0.843025,0.711089,0.708908,0.636622,0.779493,0.653513,0.856718,0.751614,0.811012,0.611418,0.701248,0.615731,0.759811,0.620043,0.742578	0.814535,0.643937,0.623888,0.773307,0.808404,0.825442,0.724285,0.680074,0.656938,0.784071,0.689906,0.847156,0.750895,0.791169,0.626562,0.715582,0.594493,0.76711,0.660483,0.77309	-0.0267841,0.0970275,0.0587096,0.00912021,0.0522177,0.0578129,-0.0272105,0.0556764,-0.0349214,-0.0117747,-0.0662721,0.0348678,0.00165207,0.0553729,-0.024549,-0.0287727,0.0335013,-0.0174964,-0.0684872,-0.0716382
0.675095,0.43975,0.416246,0.397474,0.293836,0.369024,0.432083,0.417119,0.254744,0.471051,0.403524,0.524127,0.563468,0.469871,0.433514,0.383227,0.349172,0.445864,0.386864,0.310503	0.636701,0.44248,0.375909,0.433795,0.276247,0.39767,0.425597,0.3834,0.31202,0.493997,0.412486,0.511877,0.559791,0.540184,0.419028,0.415246,0.309335,0.435656,0.462693,0.335333	0.0673378,-0.00338874,0.0478196,-0.0438886,0.0191425,-0.0335726,0.00794769,0.0401379,-0.0622215,-0.0299049,-0.0107517,0.0167408,0.00537155,-0.0942306,0.0177013,-0.0380789,0.044661,0.0126681,-0.0923623,-0.0277158
0.688348,0.545169,0.455505,0.518743,0.401706,0.512763,0.474965,0.489713,0.364535,0.526183,0.487005,0.573278,0.608764,0.583278,0.498437,0.451236,0.392756,0.447287,0.42164,0.465072	0.6456,0.534254,0.422209,0.549787,0.453875,0.592582,0.491453,0.459111,0.379468,0.555278,0.505316,0.573873,0.603627,0.598459,0.466853,0.483028,0.345482,0.410389,0.492785,0.498392	0.0769396,0.0153999,0.0412246,-0.043431,-0.0638019,-0.114658,-0.0215083,0.0394778,-0.0173295,-0.0411046,-0.0242884,-0.000885744,0.00812218,-0.0233223,0.0411616,-0.0406534,0.0546956,0.0451934,-0.0898042,-0.0433731
-0.261309,-0.508596,-0.386478,-0.558292,-0.549823,-0.229247,-0.441395,-0.558974,-0.261486,-0.42009,-0.228414,-0.352273,-0.472632,-0.468853,-0.37741,-0.340144,-0.423884,-0.368574,-0.405205,-0.488457	0.0312267,-0.171859,-0.218516,-0.0696812,-0.17383,-0.036504,0.0304182,-0.086011,-0.0882412,-0.112485,-0.0910273,-0.145965,-0.023862,0.00109271,-0.124092,-0.0700414,-0.172413,-0.0486551,-0.0129062,-0.048948	-0.290168,-0.36899,-0.183455,-0.508389,-0.415727,-0.194369,-0.465562,-0.49685,-0.177337,-0.322862,-0.140304,-0.217491,-0.453889,-0.469705,-0.265765,-0.276694,-0.271298,-0.325761,-0.394361,-0.450274
0.134345,-0.540487,-0.368811,-0.572802,-0.512468,-0.227532,-0.486176,-0.542317,-0.205614,-0.408601,-0.213375,-0.379972,-0.485568,-0.421691,-0.377099,-0.358979,-0.492793,-0.347276,-0.394989,-0.458283	0.322948,-0.170866,-0.230322,-0.0683166,-0.156713,-0.0586284,0.0130829,-0.078057,-0.0667009,-0.139099,-0.0789112,-0.144296,-0.0519254,0.0250584,-0.147809,-0.0603543,-0.141808,-0.0417104,-0.0339658,-0.0262551	-0.197157,-0.407228,-0.151345,-0.525031,-0.386821,-0.171188,-0.496104,-0.484781,-0.140845,-0.285743,-0.136766,-0.249347,-0.444859,-0.442078,-0.242825,-0.305238,-0.377355,-0.310057,-0.365933,-0.43729
0.682631,0.405719,0.404259,0.422507,0.283693,0.346554,0.441537,0.405625,0.24723,0.468109,0.425009,0.515632,0.577705,0.466522,0.49569,0.40592,0.30679,0.452019,0.397438,0.324366	0.634077,0.460984,0.397549,0.462479,0.282292,0.39308,0.421486,0.400445,0.28572,0.486254,0.397286,0.513213,0.574773,0.55891,0.465935,0.422811,0.287196,0.434374,0.433058,0.32036	0.0856102,-0.0679788,0.00799468,-0.0496793,0.00152299,-0.0538627,0.0246363,0.00618461,-0.0414156,-0.0234928,0.0333558,0.00328872,0.00439019,-0.124974,0.0386908,-0.0203911,0.0214878,0.0219559,-0.0430258,0.00447144
0.669785,0.467912,0.422938,0.509551,0.390898,0.496396,0.48912,0.465204,0.392774,0.518754,0.540146,0.565425,0.580733,0.576713,0.508059,0.462498,0.350784,0.452892,0.45973,0.492108	0.616462,0.510389,0.422887,0.54433,0.460007,0.594114,0.491662,0.464321,0.387951,0.543074,0.520937,0.575786,0.576323,0.613399,0.461256,0.479577,0.323948,0.40844,0.49102,0.495557	0.0908234,-0.0558029,6.21838e-05,-0.048128,-0.0842606,-0.13859,-0.00334658,0.00112568,0.00569074,-0.0338587,0.0267315,-0.0153617,0.00662796,-0.056768,0.0611283,-0.0219463,0.0302771,0.0545413,-0.0404131,-0.0045607
-0.250572,-0.522147,-0.40698,-0.565323,-0.568228,-0.230647,-0.438495,-0.591315,-0.243652,-0.413903,-0.217353,-0.363199,-0.474765,-0.464933,-0.381372,-0.331411,-0.426335,-0.386314,-0.410206,-0.49751	0.0430769,-0.1596,-0.222199,-0.0842692,-0.193969,-0.0234181,0.0226321,-0.12524,-0.0820757,-0.107105,-0.106439,-0.152386,-0.0302511,0.0318833,-0.142176,-0.0713544,-0.158076,-0.0693761,-0.0556477,-0.0867417	-0.290513,-0.395506,-0.203153,-0.505117,-0.420619,-0.208355,-0.456595,-0.503352,-0.164874,-0.321029,-0.11354,-0.223164,-0.450991,-0.489559,-0.252908,-0.266355,-0.287644,-0.325666,-0.362841,-0.429294
0.150231,-0.546442,-0.392121,-0.583057,-0.531653,-0.226989,-0.48377,-0.584018,-0.179428,-0.397569,-0.204021,-0.391756,-0.492933,-0.421408,-0.383687,-0.358972,-0.494475,-0.363167,-0.398455,-0.472648	0.334952,-0.147524,-0.235654,-0.0888841,-0.174989,-0.0428391,0.000961918,-0.133389,-0.0531724,-0.126838,-0.0970846,-0.152413,-0.0676421,0.0499804,-0.170443,-0.073573,-0.124425,-0.0611199,-0.0669147,-0.0668973	-0.194509,-0.433896,-0.172397,-0.521182,-0.393248,-0.185958,-0.484506,-0.488699,-0.127471,-0.285108,-0.109098,-0.254541,-0.439961,-0.461665,-0.228165,-0.293141,-0.39431,-0.308904,-0.340623,-0.418999
0.686042,0.42346,0.375409,0.437002,0.251104,0.323063,0.387364,0.436215,0.403546,0.44346,0.403096,0.439272,0.548406,0.540862,0.424533,0.40466,0.339315,0.399289,0.434788,0.305137	0.682318,0.410266,0.38195,0.431099,0.318219,0.37229,0.410421,0.440605,0.360246,0.449532,0.411906,0.451867,0.546892,0.485774,0.408199,0.40498,0.332347,0.373175,0.430137,0.312447	0.00700183,0.0159681,-0.0076368,0.00727278,-0.0729435,-0.0559571,-0.0274155,-0.00543354,0.0506654,-0.00758352,-0.0105639,-0.0157135,0.00216331,0.0747196,0.0197582,-0.000383411,0.00785426,0.0306866,0.00572091,-0.00807984
-0.217057,-0.501516,-0.348545,-0.542477,-0.497112,-0.215597,-0.414667,-0.578519,-0.208601,-0.433935,-0.201486,-0.34297,-0.47833,-0.475934,-0.384514,-0.349429,-0.407921,-0.361443,-0.387392,-0.487147	0.121565,-0.167148,-0.144095,-0.0783576,-0.0741873,-0.0453585,0.0613436,-0.103393,-0.0759035,-0.151514,-0.0680046,-0.122056,-0.0282727,-0.056957,-0.123218,-0.105317,-0.112551,-0.0210896,-0.0589216,-0.0649401	-0.329916,-0.364962,-0.215262,-0.484723,-0.43912,-0.17192,-0.464203,-0.505353,-0.134832,-0.302296,-0.135336,-0.230566,-0.456228,-0.430651,-0.274292,-0.253438,-0.309583,-0.342968,-0.336143,-0.436
0.172319,-0.532703,-0.32477,-0.557883,-0.457203,-0.212309,-0.44006,-0.569146,-0.146225,-0.414432,-0.186572,-0.371697,-0.482308,-0.440489,-0.390319,-0.390087,-0.484281,-0.357073,-0.384262,-0.462136	0.393444,-0.160949,-0.149031,-0.0737831,-0.0634767,-0.0654398,0.0798954,-0.111037,-0.0487544,-0.163882,-0.0570632,-0.120427,-0.0392631,-0.0532889,-0.15832,-0.126353,-0.0861438,-0.0398928,-0.0856245,-0.0551627	-0.237207,-0.406617,-0.184678,-0.504882,-0.405495,-0.148938,-0.502295,-0.489013,-0.09817,-0.268807,-0.130903,-0.263045,-0.451597,-0.396507,-0.247279,-0.277406,-0.415469,-0.321763,-0.308798,-0.417619
-0.239937,-0.517355,-0.35389,-0.544432,-0.494753,-0.24022,-0.425984,-0.589237,-0.240541,-0.424859,-0.213262,-0.358968,-0.487708,-0.477539,-0.380768,-0.344765,-0.411517,-0.368264,-0.398466,-0.49337	0.086509,-0.179512,-0.156022,-0.0688688,-0.118447,-0.115731,0.0276998,-0.120877,-0.0755355,-0.143458,-0.0868906,-0.154114,-0.0394617,-0.0149792,-0.10529,-0.0997971,-0.114744,-0.00811538,-0.0719708,-0.0853548	-0.319808,-0.372432,-0.209431,-0.494089,-0.399732,-0.128049,-0.448393,-0.504276,-0.168059,-0.299666,-0.128757,-0.216851,-0.457042,-0.465892,-0.286983,-0.253697,-0.311481,-0.361228,-0.336135,-0.425953
0.157825,-0.554397,-0.337711,-0.552206,-0.453146,-0.235961,-0.453856,-0.577118,-0.175918,-0.3979,-0.205681,-0.383476,-0.496731,-0.439485,-0.37947,-0.388344,-0.497255,-0.363534,-0.389166,-0.469092	0.374888,-0.187137,-0.169887,-0.0494805,-0.104707,-0.132523,0.0389723,-0.121934,-0.0448659,-0.147088,-0.0839785,-0.147924,-0.0617399,-0.00653797,-0.130029,-0.123629,-0.102829,-0.0284169,-0.0896741,-0.0722683	-0.230714,-0.409774,-0.178039,-0.516848,-0.365795,-0.106776,-0.484263,-0.48964,-0.132095,-0.266404,-0.123841,-0.249718,-0.448754,-0.434195,-0.262388,-0.278065,-0.41568,-0.338615,-0.310322,-0.410748
0.825172,0.572805,0.813801,0.740805,0.853637,0.842155,0.762991,0.880044,0.84568,0.828707,0.734898,0.808488,0.817264,0.891684,0.70909,0.732277,0.466634,0.757452,0.759201,0.788721	0.643516,0.666399,0.755938,0.791998,0.775303,0.807581,0.834949,0.835451,0.787019,0.746769,0.726763,0.868009,0.811727,0.798225,0.671532,0.787239,0.678845,0.719056,0.712808,0.754988	0.387337,-0.151377,0.150365,-0.12387,0.23164,0.108081,-0.198263,0.168425,0.175404,0.214976,0.017462,-0.199581,0.0164501,0.324246,0.0716999,-0.129772,-0.310602,0.0843216,0.10111,0.0833898
0.0111982,-0.0407799,-0.0123847,0.0839328,-0.0249913,-0.0763532,0.036671,-0.00650523,-0.0245785,-0.0185588,0.0176518,-0.0338781,0.0438472,0.00232483,0.118677,0.0546948,-0.0761802,0.00163529,0.0123632,0.0314234	-0.509288,-0.391174,-0.384371,-0.538611,-0.749029,-0.726512,-0.488129,-0.479925,-0.471269,-0.553523,-0.409496,-0.68952,-0.386316,-0.57907,-0.229074,-0.481419,-0.435782,-0.548219,-0.324848,-0.612006	0.517535,0.356074,0.373765,0.595618,0.73785,0.688342,0.515572,0.474902,0.451925,0.540516,0.424083,0.671324,0.422999,0.580613,0.338547,0.52236,0.371949,0.549362,0.335863,0.631289
-0.11947,-0.137196,-0.0555349,-0.0287042,-0.0296178,-0.0507361,0.0390534,-0.0326702,0.0523351,-0.0354074,0.0977142,-0.033358,-0.0880705,-0.0177953,0.0142371,0.0157219,-0.0788114,0.00473927,0.0670029,0.0649044	-0.563035,-0.353691,-0.35841,-0.498568,-0.667626,-0.610913,-0.43443,-0.44286,-0.36673,-0.51939,-0.2681,-0.641022,-0.403493,-0.512956,-0.255327,-0.432186,-0.41045,-0.561662,-0.246683,-0.480501	0.475553,0.227536,0.309026,0.476685,0.650879,0.578095,0.465584,0.416212,0.411173,0.49305,0.356476,0.620942,0.327044,0.499722,0.268588,0.444885,0.342726,0.564898,0.308585,0.528911
0.062103,-0.0803978,-0.0649964,-0.0342004,-0.0989378,-0.0159387,0.01532,-0.112197,0.0470266,0.0225889,0.0401425,-0.0595739,-0.0130268,0.00137225,-0.00615188,0.0260961,-0.00955634,-0.0231225,0.00623817,0.00133989	-0.809553,-0.724441,-0.713616,-0.790885,-0.852396,-0.841979,-0.709246,-0.74648,-0.662407,-0.792984,-0.697222,-0.882262,-0.757162,-0.81176,-0.666632,-0.722304,-0.64473,-0.781707,-0.651898,-0.773873	0.82993,0.683875,0.680168,0.777721,0.822853,0.837277,0.716777,0.692262,0.688002,0.801221,0.717289,0.868328,0.751548,0.812227,0.6632,0.734554,0.639111,0.772549,0.65547,0.77441
0.0674109,-0.0677193,-0.0639458,-0.043042,-0.0947121,-0.00547012,0.00945965,-0.136981,0.0588545,0.0374261,0.0340255,-0.0640819,-0.0299335,-0.00940895,-0.0175559,0.00416766,-0.00816929,-0.0223089,0.0203246,-0.00473791	-0.749414,-0.723179,-0.713255,-0.793564,-0.850484,-0.839082,-0.712452,-0.75352,-0.643974,-0.794535,-0.695994,-0.880976,-0.766134,-0.812733,-0.679878,-0.730765,-0.635955,-0.784653,-0.649422,-0.767713	0.777544,0.689212,0.68034,0.777063,0.821983,0.837456,0.717078,0.687501,0.677164,0.807936,0.713131,0.865771,0.75348,0.809515,0.670323,0.732701,0.631065,0.775926,0.661022,0.765761
0.0815058,-0.184267,-0.113689,-0.145722,-0.189336,-0.288186,-0.140102,-0.0523373,0.0498067,-0.15366,-0.120943,-0.245731,-0.127212,-0.137066,-0.0986135,-0.103296,-0.0622942,-0.0643076,0.00106835,-0.230641	0.0941259,-0.0382587,-0.0380226,0.04345,0.0248774,-0.0125156,-0.0437057,0.0495178,0.147715,-0.0617384,0.00555528,-0.138732,-0.0323916,0.0195687,-0.0256501,0.0140491,-0.0115199,-0.0950505,0.0546123,-0.0053672	-0.0127177,-0.147045,-0.0759952,-0.187982,-0.213209,-0.276668,-0.0969905,-0.101592,-0.0986338,-0.0928016,-0.126413,-0.110775,-0.095213,-0.156216,-0.0731484,-0.117175,-0.0508108,0.0309319,-0.0535471,-0.225553
0.0905895,0.00556474,0.039139,0.0358247,0.0588347,0.0230703,0.0239795,-0.0563593,0.0760894,-0.0127789,0.0397269,0.0185833,-0.0101599,0.0392089,-0.0171803,-0.00192788,0.0166715,0.0189587,0.0437229,0.0149011	-0.610454,-0.49834,-0.460866,-0.427964,-0.315449,-0.400161,-0.392401,-0.459874,-0.307871,-0.53802,-0.43764,-0.574531,-0.571556,-0.506122,-0.494669,-0.438839,-0.387981,-0.44868,-0.427178,-0.347193	0.664307,0.502511,0.491146,0.456785,0.367464,0.41936,0.412499,0.414252,0.375172,0.528877,0.469209,0.586848,0.564675,0.53472,0.481581,0.437281,0.402051,0.463695,0.462266,0.36023
0.123157,0.0125012,0.0515521,0.039214,0.0556251,0.0251069,0.0551872,-0.0715707,0.0831857,0.00385116,0.0379598,0.0174429,0.00956414,0.0156286,-0.0339304,-0.0359616,0.00650069,-0.0096232,0.0352194,0.00234889	-0.43366,-0.496723,-0.460262,-0.424762,-0.313418,-0.4113,-0.380961,-0.468621,-0.287614,-0.539345,-0.433632,-0.57111,-0.569751,-0.511688,-0.512744,-0.456387,-0.378425,-0.465137,-0.440584,-0.344026	0.528586,0.506081,0.499951,0.456374,0.36272,0.431947,0.427167,0.410829,0.362135,0.54207,0.463955,0.582747,0.576175,0.523134,0.487292,0.42744,0.383981,0.457562,0.468533,0.346096
0.0256213,-0.0248589,0.0336837,0.0438689,0.116488,-0.00662798,0.0193293,-0.0736467,0.0330097,0.00422875,0.0317164,-0.0103641,-0.0260782,0.00643193,-0.0172264,0.00474642,0.00596434,-0.000186252,0.0242524,0.00600547	-0.638786,-0.597446,-0.503153,-0.536394,-0.436142,-0.597101,-0.459952,-0.53966,-0.407845,-0.585961,-0.52737,-0.633827,-0.619473,-0.603606,-0.539923,-0.496729,-0.428255,-0.441797,-0.467866,-0.508218	0.653709,0.581219,0.52789,0.566923,0.52591,0.592819,0.475057,0.485301,0.434998,0.588731,0.549889,0.627585,0.603139,0.607679,0.527604,0.500296,0.433113,0.441647,0.486597,0.512659
0.0916,-0.03402,0.0351402,0.0603149,0.114751,-0.00027573,0.0474218,-0.0844826,0.0448338,0.0327717,0.0182302,-0.00289852,-0.0188461,-0.0132639,-0.019266,-0.034013,-0.0165802,-0.0302071,0.02527,-0.00553024	-0.456945,-0.605388,-0.508288,-0.52541,-0.435517,-0.602606,-0.451177,-0.545265,-0.385342,-0.582189,-0.532476,-0.626316,-0.622667,-0.607834,-0.550759,-0.515875,-0.427694,-0.460078,-0.473977,-0.507253	0.526507,0.583383,0.533893,0.567734,0.524077,0.602431,0.488154,0.483034,0.42287,0.603447,0.545412,0.624551,0.610991,0.599402,0.537193,0.490468,0.41405,0.435929,0.493338,0.503134
0.46033,0.817687,0.869863,0.897445,0.911529,0.887504,0.902581,0.934519,0.863402,0.886064,0.787976,0.887516,0.905454,0.906641,0.829628,0.857585,0.739142,0.840431,0.870606,0.88422	0.847354,0.826574,0.851428,0.89975,0.919765,0.862407,0.889198,0.939172,0.88233,0.85943,0.800809,0.893574,0.883729,0.926395,0.803901,0.867897,0.779149,0.846501,0.850682,0.900992	-0.634531,-0.0274173,0.0710729,-0.0119736,-0.0509624,0.106972,0.0677855,-0.0380332,-0.0794623,0.111678,-0.0347801,-0.0292746,0.108719,-0.123394,0.0772438,-0.040327,-0.094334,-0.0210363,0.0768139,-0.0824884
0.148047,-0.0848533,-0.0740675,-0.135456,-0.179086,-0.26525,-0.165404,-0.0337627,0.0170454,-0.134876,-0.188985,-0.232058,-0.0716641,-0.13014,-0.115345,-0.115827,-0.00951594,-0.0676029,-0.0480172,-0.257974	0.0842815,-0.00500978,-0.0278539,-0.00608975,0.0341666,0.0237046,-0.0685696,0.0531544,0.167666,-0.0503142,-0.00810898,-0.123862,-0.060664,0.0183638,-0.121081,-0.021312,0.0411613,-0.0971642,0.0471781,-0.0229842	0.064571,-0.0798775,-0.0463091,-0.129473,-0.211955,-0.287149,-0.0979454,-0.0867614,-0.151052,-0.0851398,-0.181153,-0.111398,-0.0110481,-0.148149,0.00581784,-0.0947487,-0.0506574,0.0297568,-0.0949801,-0.236391
0.0540747,0.0589501,0.0825733,0.0541479,0.0914447,0.0284874,0.0146543,0.0106544,0.0471362,-0.0253999,0.0144433,0.0411624,-0.00160003,0.0389616,-0.0134042,-0.0179852,0.0224946,0.0311076,0.0391872,0.0143585	-0.620545,-0.468743,-0.446949,-0.44924,-0.303481,-0.3809,-0.404465,-0.440641,-0.301397,-0.537458,-0.454126,-0.564695,-0.585593,-0.5095,-0.542641,-0.459912,-0.352514,-0.450633,-0.431548,-0.355836	0.652717,0.513503,0.510675,0.491434,0.384262,0.404992,0.416649,0.449186,0.343651,0.519145,0.465516,0.592094,0.58454,0.537786,0.533114,0.445613,0.372058,0.475081,0.462907,0.368312
0.0855333,0.0566266,0.0947552,0.0619468,0.0868403,0.0267752,0.0491904,0.01063,0.0463322,-0.0169469,0.0165201,0.0419565,0.0302071,0.0206497,-0.0224329,-0.0390227,0.0116921,0.00146607,0.0206128,0.00449896	-0.445104,-0.466688,-0.446367,-0.445232,-0.301334,-0.39342,-0.391832,-0.446011,-0.282016,-0.540304,-0.448779,-0.561279,-0.58124,-0.514185,-0.557141,-0.474453,-0.340751,-0.466631,-0.447869,-0.351526	0.511176,0.509841,0.519164,0.493566,0.378276,0.415815,0.432683,0.454486,0.324113,0.528193,0.461875,0.589356,0.600897,0.529215,0.541475,0.443644,0.351045,0.467777,0.464197,0.355463
-0.0110695,0.03519,0.078033,0.0628917,0.153936,0.00103512,0.00936441,0.00286001,0.00193421,-0.00958807,0.00268895,0.0139401,-0.0161961,0.00569178,-0.0123935,-0.0120406,0.012353,0.0112984,0.0205061,0.00539127	-0.624984,-0.530477,-0.475265,-0.525037,-0.420787,-0.585478,-0.472846,-0.50799,-0.436861,-0.581642,-0.572082,-0.625739,-0.59122,-0.603258,-0.543998,-0.507158,-0.392744,-0.441003,-0.498642,-0.525065	0.618191,0.555301,0.533512,0.569136,0.539761,0.586157,0.480085,0.510109,0.438424,0.575263,0.573889,0.634147,0.580584,0.606866,0.535212,0.498159,0.403141,0.450059,0.513894,0.528959
0.0515901,0.017844,0.0794212,0.0839752,0.150795,0.00240921,0.041409,0.00920693,0.00540726,0.00984865,-0.00725234,0.0232754,0.0019701,-0.00793345,-0.00543096,-0.0370162,-0.0102794,-0.019322,0.0107291,-0.00296425	-0.429505,-0.538515,-0.480609,-0.513486,-0.42016,-0.59223,-0.463571,-0.510022,-0.417242,-0.580409,-0.575674,-0.617847,-0.592632,-0.606271,-0.551816,-0.522639,-0.391382,-0.459302,-0.507249,-0.523043	0.470666,0.551064,0.53944,0.572764,0.536935,0.593792,0.495469,0.516803,0.421698,0.586903,0.570805,0.632033,0.593909,0.601229,0.548027,0.495203,0.382642,0.44392,0.515175,0.520886
0.453725,0.822535,0.873997,0.899203,0.912981,0.885423,0.901041,0.943686,0.852441,0.882163,0.783285,0.889301,0.910298,0.910336,0.83602,0.858549,0.741487,0.843736,0.866567,0.882736	0.846623,0.83925,0.85587,0.897775,0.922222,0.863834,0.884871,0.936758,0.879486,0.861987,0.792964,0.893952,0.881295,0.925902,0.803819,0.857752,0.78241,0.850346,0.855193,0.896968	-0.637961,-0.0539761,0.071939,0.00740831,-0.0584765,0.0918132,0.0797732,0.0597217,-0.108057,0.0842121,-0.0255447,-0.0226916,0.146659,-0.0990742,0.0981781,0.00302555,-0.0974685,-0.0233984,0.0439269,-0.0683528
-0.0671483,-0.0261112,-0.00645298,0.001988,0.0391963,-0.0275836,-0.0058221,-0.00849427,-0.0496411,0.01645,-0.0119408,-0.0248646,-0.0141475,-0.0342069,0.00112501,0.00657476,-0.0108893,-0.0176558,-0.0202492,-0.00973266	-0.680111,-0.491511,-0.448628,-0.460733,-0.311764,-0.412628,-0.373751,-0.479986,-0.449047,-0.50343,-0.456577,-0.521373,-0.562889,-0.543088,-0.477724,-0.44557,-0.3921,-0.40064,-0.471703,-0.349838	0.642296,0.47145,0.443459,0.462297,0.346723,0.389477,0.368731,0.473422,0.408512,0.51561,0.447074,0.503029,0.553146,0.518514,0.478592,0.450824,0.382845,0.385713,0.455808,0.341267
-0.0334665,-0.0402718,-0.0171396,0.0135439,0.040498,-0.0248511,-0.0106927,-0.00255861,-0.0459016,0.0258032,-0.0224523,-0.0177386,-0.0268043,-0.0280208,0.0159367,0.00381209,-0.0224582,-0.0193196,-0.0106019,-0.00673524	-0.525421,-0.499222,-0.457866,-0.449798,-0.308901,-0.422847,-0.371054,-0.482567,-0.432616,-0.50549,-0.460686,-0.514017,-0.571031,-0.541745,-0.484849,-0.456321,-0.388928,-0.412495,-0.476941,-0.342032	0.50076,0.468367,0.444213,0.460536,0.345082,0.402222,0.361797,0.480601,0.394549,0.524453,0.442813,0.500845,0.552686,0.521643,0.496946,0.459334,0.369699,0.396334,0.468709,0.336071
0.429046,0.815699,0.863054,0.884874,0.902881,0.883039,0.884975,0.941927,0.835729,0.878117,0.784038,0.886091,0.899337,0.918021,0.841035,0.866543,0.739281,0.85437,0.866345,0.883258	0.841441,0.830337,0.854591,0.890284,0.908345,0.859374,0.896366,0.93488,0.86316,0.865181,0.795596,0.891525,0.89088,0.919518,0.802466,0.849135,0.770035,0.8371,0.838775,0.888849	-0.645393,-0.0453613,0.0322473,-0.0254918,-0.0303746,0.0981386,-0.0550989,0.0590214,-0.0984518,0.0538372,-0.0307222,-0.0258697,0.0425389,-0.00960383,0.118639,0.0658912,-0.0714008,0.0606373,0.100867,-0.0260167
0.427702,0.82308,0.866547,0.88116,0.901368,0.888321,0.888199,0.938653,0.844838,0.876026,0.786129,0.883742,0.904705,0.917037,0.83681,0.865716,0.747528,0.857498,0.865819,0.885208	0.846288,0.825899,0.849012,0.896763,0.908015,0.86755,0.895521,0.936131,0.87457,0.870524,0.788952,0.894338,0.887708,0.923415,0.809663,0.846079,0.767866,0.839135,0.846629,0.893427	-0.656048,-0.00880492,0.0663454,-0.0743662,-0.0366089,0.0905671,-0.0357898,0.0207982,-0.113857,0.0231734,-0.00743175,-0.0505457,0.0863283,-0.0416335,0.0841858,0.073398,-0.0477421,0.0654786,0.0718805,-0.0393039
